101.1022981957229
61.96371092985661
52.05380640873626
48.13570199931382
25.28626094945944
14.23153757073114
11.59205745968079
8.309797523665331
6.772117501486981
5.792395476159966
3.855823989177026
3.165486037082204
2.913773458059977
1.964245645450087
1.725027767164771
1.401026538886429
1.264914855934486
1.199333708802056
1.02540856192584
0.9607183041934715
0.8769212087380034
0.8242578117588335
0.7883163364910304
0.7066899691117804
0.6490383534344011
0.6322604294387828
0.6204635856944182
0.6118646020873847
0.6004154752247636
0.5945756364054724
0.5901406770550559
0.5839180931159114
0.57896321669282
0.5743408313364839
0.5565465786624274
0.5211247191360563
0.4999017375317957
0.4792309110455453
0.4499272041937925
0.4369666152662145
0.433196017724457
0.4295980754491907
0.425648754782076
0.4219748012830872
0.4197326488489356
0.4167832116233597
0.4141835288913276
0.411262912980474
0.4063499908897166
0.4008667744839477
0.3946799984308315
0.3908557243261437
0.3892385245048912
0.385297228316999
0.3835756883593772
0.3824835407343378
0.3809963461223744
0.3795199160611
0.3786581709619461
0.3778452900603876
0.3736178562482941
0.3704082574406485
0.3694208189049428
0.3683348091493461
0.3670401566039638
0.3656329595530707
0.3643522665978838
0.3620950539796217
0.3575802830672615
0.3483733948471604
0.3352948306445885
0.3316832338419086
0.3279414206937473
0.3263452995769169
0.3246443545926797
0.3237644586811778
0.3235025656959411
0.322583371941404
0.3222312475443279
0.3218942678280804
0.320756865357399
0.3194957074171229
0.3171371460201326
0.3145587405328769
0.311166830408161
0.3089457262923049
0.3078331084257499
0.306611863705334
0.3058123338889806
0.3054392358761318
0.3049095827108819
0.304439669191214
0.3042744079856963
0.3037395655755499
0.3030207234364977
0.3023178024246381
0.3018423388593852
0.3015571167240065
0.3009194791063718
0.2991113447406545
0.2982828540891237
0.2979090943072431
0.2971135139322
0.2951468344611804
0.2922268140903355
0.2909666855226954
0.2898012007240807
0.2892970202019839
0.2886975207604784
0.2881987219315568
0.2877024256161643
0.2858687708940509
0.2835977491324629
0.2818146561204484
0.2807356318437674
0.2803260869601323
0.278604908156329
0.2771515043700193
0.2767542372326666
0.2765573841783928
0.2763789513569596
0.274640583428954
0.2741181742369938
0.2733162813837658
0.2729362688870984
0.272737023329476
0.2720908863600671
0.2718885704777704
0.2714854828625011
0.2710029277145333
0.2692124574456935
0.2681936347263887
0.2678127109155175
0.2648951520170558
0.2619686403059499
0.2585271702410893
0.2566684771042122
0.2556013342241908
0.2544895065664131
0.2534432269765099
0.2528199687902239
0.2521375206448159
0.2498952315032942
0.2480805458062753
0.2473316601723341
0.2464203499111428
0.2461928047540854
0.2460849471534493
0.2458693548845867
0.2453851300609052
0.2447427549644129
0.2443125061923885
0.2439816621277446
0.2433295052779403
0.2426780140364812
0.2424475702947066
0.2421911158351916
0.2420276894558694
0.2418590748357975
0.2415520740884516
0.24135585739624
0.2412777588337577
0.2411710021025991
0.2410868360718661
0.2407845343313905
0.2400146919767138
0.2382670382149679
0.2347361144098885
0.2296473196835002
0.2279692336725753
0.2271341338487492
0.2264219144192608
0.2255727515140327
0.2251833106431706
0.2249743536242491
0.2248525616649274
0.224679989212141
0.2245179906533536
0.224352955386155
0.2240693656136787
0.2237161300013372
0.223300717732949
0.2230011603289336
0.2228704760412666
0.2227739507057784
0.2226840248776211
0.2225070583805032
0.222310134528143
0.222236083172263
0.2220794159122723
0.2219919689397684
0.2216891139973941
0.2214223688427364
0.2210989459804663
0.2204204351099415
0.2195736065603465
0.218669161257153
0.2184473495340015
0.2182365010394573
0.2181029704316811
0.2180165738725043
0.2178340838129695
0.2176588273615407
0.2175454020310475
0.2174579465364109
0.217071203838414
0.2161968683481974
0.2153159538417154
0.2135359297714756
0.2109511136237245
0.2101766939482215
0.2099259532439947
0.2097735279179896
0.2096867794164577
0.2094947339233104
0.209267652441288
0.2090396720105317
0.2088077398056217
0.2085426670278809
0.2079716497828214
0.2072975746917818
0.206504230306373
0.2061386607512916
0.2060464763459459
0.2057862785181506
0.2056756149272695
0.2056085912321669
0.2055457496590913
0.2053140389028198
0.2050925928235347
0.205000647436283
0.2047204028998257
0.204402871218571
0.2042162812236669
0.2040992904404765
0.2037032367601782
0.2034923702727267
0.2034430049512665
0.2030801828728684
0.2029909193411956
0.202884449874924
0.202770897745116
0.2026561198472533
0.2024288337653884
0.2020980374318976
0.2017756986323456
0.2016717061969334
0.2016114442069138
0.2014798602268427
0.2013598081968751
0.2012492584834605
0.2010670668930462
0.2007552115839088
0.2003278850826862
0.1999340942491199
0.1997963504367034
0.1996837400930607
0.1994995793179186
0.1992131722671205
0.1990372466081687
0.1987934107405916
0.1984402184151026
0.1982897935891058
0.1976801941682833
0.1972665871843074
0.1969000775198182
0.1952980284497597
0.1935185073415233
0.1929693682517781
0.1925007907194754
0.1918446319775599
0.1914743274341234
0.1913440118230936
0.1910367340398641
0.1909271371156584
0.1908184752032557
0.1907504185412972
0.1905964102896055
0.1904348720147767
0.1900096427917079
0.1896317875024115
0.1893878437345266
0.1891209620292991
0.1886284228240777
0.1880706606216079
0.1875205497395747
0.1869389535490581
0.1863685729706933
0.1854485257975936
0.1850212019538158
0.184761077917182
0.1846337921595919
0.1845504349947645
0.1844341795022079
0.184279367105896
0.1841627932125965
0.1841093080682099
0.1840350689824352
0.1839809180006607
0.1839090623713108
0.1837458923800313
0.1835905340669638
0.1832144124037448
0.1822843301281099
0.181732822474443
0.1811416137627274
0.1808168129734295
0.180528098040068
0.1793055439163311
0.1788139241952404
0.1786356135562413
0.178383003238845
0.1781767278085347
0.1779439951550485
0.1777033993738766
0.1774397329570209
0.1772946784053411
0.1772191136458157
0.1769242495697625
0.176873547301786
0.1768306786301919
0.1767602712293183
0.1766497528031807
0.1765703522180062
0.1764423590040988
0.1762132375953055
0.1759967068813762
0.175904382520037
0.1757900993171408
0.1757098365583706
0.1756472422267281
0.1755174413884353
0.1753192807793579
0.1752777939200375
0.1752342829206705
0.1751277809732219
0.1747002016778341
0.1742480059522111
0.1738790034488515
0.173746771352607
0.1734850854104413
0.1723107724317874
0.1711267242168098
0.1709337792749571
0.1708373689561268
0.1707869970040584
0.1707264222889281
0.1706514161199936
0.1706055684649051
0.1705379502560832
0.1704811602570474
0.1704425618009051
0.1704109322814142
0.1702957801445543
0.1701837143043041
0.1700207881412573
0.1699740365533964
0.1699419570056452
0.1699119738010849
0.1698347624938526
0.1697733552806894
0.1696752978912912
0.1695629939052925
0.1694988309530499
0.1694749282547468
0.1694443786204344
0.1694156940637875
0.1693869767971752
0.1692060245876009
0.1686318607442905
0.1642337946672892
0.1587801372915048
0.1532118700442923
0.1519203719874623
0.1512648401687164
0.1503760140967489
0.1500992488081469
0.149946754354075
0.1498203955267213
0.1496243362293774
0.1494721134628235
0.1493418137005585
0.1491944792659094
0.1489666189062889
0.1488953249140338
0.1488489249866553
0.1488272199012057
0.148776926778954
0.1487094999483494
0.1486857836388645
0.1486160516699789
0.1483411819285077
0.1477472213280143
0.1472421551884587
0.1467609288639981
0.1461566541898426
0.1459177620534731
0.1458423684822508
0.1457508386464358
0.1455956184028902
0.145405414841848
