65.59857752164952
45.50319127123809
27.51645950201932
15.82895182960459
6.668617726832885
4.365272848264224
2.423994310894007
1.913046810619692
1.725978038174661
1.430890751550528
1.364023773191129
1.271962766536834
1.173368070566054
1.116216771122823
1.081123599403486
1.004100448556088
0.954086750594743
0.9424757949326216
0.9027681194323011
0.8914688126949517
0.877561774597691
0.8541519909628542
0.7799380938905771
0.7140062275123416
0.6726919285604614
0.6510506527583401
0.6449116976058258
0.619287461435548
0.6097382502471216
0.6056966510564143
0.601773678001566
0.5900295561521886
0.579317334811833
0.572592208138574
0.5586474128778186
0.5406343676319382
0.5356332602415134
0.5309569679543539
0.523478661667092
0.5208246780879496
0.5194012911339312
0.5160150943389795
0.511808463736739
0.5021392052382895
0.497475257031967
0.4934485085405803
0.4909244478973658
0.4879985774740572
0.4856054725995476
0.4821442809303847
0.4795144176060945
0.4775918476740795
0.4763524445810993
0.4730096944518655
0.4691754316925362
0.4673288655613171
0.4652182414143012
0.4626321096852333
0.46077796890494
0.459558971400876
0.4558909641449274
0.4484182297657226
0.4382444291848965
0.4351600872942502
0.4334843142712395
0.4324063946719184
0.4312812491159438
0.4290956948280223
0.4280912746718999
0.4278634181665241
0.4271641076082711
0.4267171381862211
0.4247682199190794
0.4229636840631593
0.4211202148555464
0.4192166861826093
0.41381639744102
0.3891888393232624
0.3791681503205581
0.3623084015218095
0.3575712052983387
0.3545971539743775
0.3538076935959665
0.3516649038582968
0.35055780855465
0.3499678212434144
0.3497842640298842
0.3491346175123691
0.348739290789873
0.3485066404146709
0.3481956897362513
0.3479327133205302
0.3476251218660838
0.3469053724416363
0.3453553501401856
0.3406817001279103
0.3390522030293578
0.3371435659922809
0.3362565885176454
0.3359255038849667
0.3334161834675
0.3323048215100889
0.3307680586441091
0.330150663630257
0.3295768714287532
0.3278480651911711
0.3262100740431115
0.3249412365971645
0.3244531149549194
0.3239058256012382
0.3232556608150475
0.3225444441353046
0.3218264869550714
0.3211360276880754
0.319996730226095
0.3195652687812923
0.3190820676269741
0.3187458945709665
0.3183884191555414
0.317595151275045
0.3170673222537301
0.31683453480889
0.3160115273962739
0.3156167802774968
0.3147472569070371
0.3135142526169672
0.3125481319616516
0.3121659067403829
0.3116157763570543
0.3111069540351384
0.3106358155997573
0.3100760562913087
0.3088801770163814
0.3080611013266564
0.3065780502351326
0.303784226775957
0.3020941751596191
0.3009147524982358
0.2985348843249673
0.2973401924667425
0.297113151273282
0.2968264512720917
0.2966324545078371
0.2963908068443823
0.2957495899868907
0.2953599602307896
0.2945711930812598
0.2937602499881394
0.2926859738414734
0.2922776627243226
0.291390732838552
0.2904376041482176
0.2897928202808013
0.2893428665404255
0.2881271494441052
0.2876453896470553
0.2871957159046811
0.2865329766215568
0.2860909759684555
0.2857947921138259
0.2851545289743736
0.2847359168004771
0.2841958402177468
0.2839305136345751
0.2838358777280292
0.2832785970982108
0.2830484859927982
0.2827744857841684
0.2824508190007735
0.2822720724879521
0.2821789555838474
0.2815510162654482
0.280802290242451
0.2802376302203938
0.2794187043312044
0.2785075470515737
0.278393745154184
0.2783153948902615
0.2781731440983489
0.2780012026831421
0.2778924545784277
0.2778217532633854
0.2776830029509111
0.2773457091688875
0.2768905084412424
0.2767285632338216
0.2765475753391957
0.2760518124788806
0.2748563495185137
0.2713906017772681
0.2641486374633627
0.2542437312445609
0.2511436729777996
0.2502188453883403
0.2495504342444523
0.249106264814047
0.2485200193055169
0.2482933966370869
0.2481169822229542
0.2480154035769913
0.2478730163693151
0.2477303142352919
0.2476264131700228
0.2474119388737227
0.2472151102759025
0.2465261097613596
0.2458380168119232
0.2453490956761224
0.2449587861060647
0.244234078831093
0.2434986633618668
0.2432017683053664
0.2430637338277025
0.2429146427623615
0.2427181395097845
0.2425725199347276
0.2423730778641775
0.2422399791744571
0.2421136529754068
0.2416702734157929
0.2411928842859958
0.2402142406482807
0.2397311774770792
0.2387354236708029
0.2374738944434116
0.2368836483648284
0.2364606701796069
0.2360393820306209
0.2351636217978799
0.2345584570451212
0.2342671636240568
0.2342450533896857
0.2339959582991357
0.2337777478020156
0.2336724205537542
0.2332684802205322
0.2328756960561948
0.2325719156402604
0.2323982478901768
0.2321942170474608
0.231700597409347
0.2314621628775655
0.2313234509543484
0.2311601786955333
0.2309909197960361
0.2307930964643136
0.2306818360247902
0.2306168053269795
0.2303544742011455
0.2302331492705209
0.2301547212847423
0.2300549222752929
0.2299392789024019
0.2298902902519709
0.2297693021905328
0.2294940939822384
0.2288840155072411
0.2275697144651919
0.2258958722152815
0.2250564920443748
0.2244396815798748
0.2240798216749108
0.2233631353144417
0.2224811711162588
0.2221485628982136
0.2218294379398835
0.2214613690698991
0.2209738801411808
0.2208339122130399
0.2207506695711937
0.2206347095180559
0.2205131607389579
0.2204432411381942
0.2203655227312144
0.2201613529707977
0.2198587285375434
0.2197557128957162
0.219701118174939
0.2195604586008759
0.219365341919043
0.2191963716527672
0.219011838294344
0.2188600825518253
0.2186842123570885
0.2183164682343835
0.2175668382245563
0.2148740973631828
0.2121202066914257
0.209848795637697
0.2089433345026856
0.2077245179789774
0.2069923055743549
0.2066643806742141
0.206324167538741
0.206192938278812
0.2060947736152233
0.2059370805056714
0.2057472702271433
0.2056079085538864
0.2055552842004106
0.2054892092100023
0.205278694411854
0.2047084718507164
0.2041249406150392
0.2038375937027387
0.2035212286041582
0.2033479593892746
0.2032518384601959
0.2031658445538677
0.2027146508216298
0.2024201635525305
0.2022307246376702
0.201973149472008
0.2018438576614031
0.2017903364280428
0.2017173843011938
0.2016536910394489
0.2015843113727066
0.2013506913780225
0.2011669766798002
0.2009764435851031
0.2007615430789696
0.2006277719732359
0.2005449287595448
0.2004253950138937
0.200362700184278
0.200336070910099
0.2002965052421677
0.2002652231755218
0.200207136935961
0.2000329442359797
0.1998567352030142
0.1996577951565691
0.1995707659908306
0.1995313067508745
0.1990770763490174
0.198978190533788
0.1989144834361962
0.1988253282206156
0.1987642418151775
0.198724425538066
0.1986608149267717
0.198533155987822
0.1984110823497817
0.1983380388403773
0.1981302689886244
0.197835505624909
0.1975726506507705
0.197460915981322
0.197331258404701
0.1971693033018429
0.1970402622504302
0.1969696282776986
0.196955213038498
0.1968601061570447
0.1967558350595502
0.1967289805019271
0.1966943021262159
0.196623811171533
0.196427408267922
0.1958256243017435
0.1950626072406848
0.1946407140216798
0.194532332957965
0.1940496014129305
0.1939370058448056
0.193891898660665
0.193800621962047
0.1936825564480469
0.1936082882161738
0.1935754289523828
0.1935314500334288
0.1934894808005216
0.1934655244006422
0.1934245919093748
0.193349609488644
0.1932882459434986
0.1932266402774287
0.1931214350748937
0.193028193933461
0.1929954967896119
0.1929523652926784
0.1929167984675841
0.1928706317273912
0.1928492967785594
0.1928030804907804
0.1926614908868548
0.1921735524854165
0.1917005563117239
0.1914125139576806
0.191018633070918
0.1873732496649615
0.1842513442212788
0.179989409147999
0.1776806156869002
0.176283832963033
0.175198557160041
0.1744163931372537
0.1729852691797784
0.1718315711424823
0.171392297540209
