75.23899403516373
56.5444079296614
39.67136163794758
22.30348024244303
16.28789753096756
9.477031485122778
8.506946697405805
7.757889303017829
5.140652046949656
4.445014997879864
4.029225221714312
3.565300651871452
2.669228660276545
2.288885651440586
2.179072625944543
2.049733413253628
1.879435866410273
1.752150894877921
1.58439997378934
1.453645646028832
1.326880336830361
1.249342167043678
1.164750941194145
1.107397990901593
1.065617172131839
1.014079593086938
0.9890884363252352
0.9783589843872829
0.9643802579670591
0.9496322189677203
0.9260170679923535
0.9018255891358756
0.8669201114390078
0.8357982908648115
0.8291751493751615
0.8223450365927233
0.8178339008269275
0.8099185819230803
0.7918341702712114
0.7824366495473393
0.7762456954183632
0.7564407952013129
0.7484001460057619
0.7441070079236827
0.7394443309138271
0.7305567727021131
0.7206064803790024
0.7100731078042479
0.702013817697093
0.6913410039524933
0.6815076217370002
0.6743887217074107
0.6721432496751082
0.6673949442047673
0.6635077954825845
0.6602546565885996
0.6559295023070223
0.6515943493811532
0.6507951635062501
0.6477952526455125
0.6449006378977531
0.6362482045421841
0.6277969549111473
0.6189002224598712
0.5934769736064494
0.5653501145245198
0.5543928375249423
0.5470548053368349
0.5435657364604678
0.5363180888715448
0.5335996163247881
0.5328500113208519
0.5320875121691229
0.5309955355755903
0.5301075367305281
0.5292879169784636
0.5267542264352695
0.5234533170787645
0.5223319610051799
0.5219692924573599
0.5214396544435933
0.5209856327919119
0.520023445574697
0.5188252293166109
0.5177637350136807
0.516732448125783
0.5160589344112994
0.5152413814777701
0.5127391246948907
0.5090384872192496
0.5076758002516615
0.5069762264051159
0.5067053395392799
0.5051252929338198
0.5044675289496293
0.5039245064085397
0.5034831061758814
0.5002407631293588
0.4977364944211378
0.4941698391325118
0.4827211554797446
0.4733217688699493
0.4679491521910083
0.4619656806689725
0.4540801795204966
0.4517175224068685
0.4507678642374622
0.4501033095446814
0.4496369764327953
0.4484589722159003
0.4477751055898484
0.4473077600436312
0.4469889980412117
0.4465764592266783
0.4462391962468386
0.4460392720090485
0.4458067192053644
0.4450371487810249
0.443472502866747
0.4423523220679748
0.4406929609077165
0.4388005931428276
0.4367367695970707
0.4360471438696885
0.4351687040852995
0.4342250967643645
0.4334936641000661
0.4329927550336531
0.432667034552566
0.4316669284525896
0.4306389671899561
0.4304415700236492
0.429815946940049
0.4290408519386681
0.4284005493979272
0.4280094217035174
0.4275880984295582
0.4255068363949818
0.4235169205336838
0.4227596176470516
0.4218523681091421
0.4210440555041486
0.420129842251129
0.4191272782421618
0.4184266405198534
0.4181507074118045
0.4171484362336837
0.4164355762854218
0.416078128540505
0.4152602859262556
0.4144949334388871
0.4139303464723765
0.4131768082217175
0.4110312601469627
0.4101026944179544
0.4088396686981278
0.4080910546971321
0.4077819537457397
0.4073653302820562
0.4072245537607385
0.4071487590263679
0.4070896747379636
0.4068579585021417
0.4066825197149353
0.4065691161514721
0.4062134390742543
0.4053479182526356
0.404596900108007
0.4039629072066516
0.4033166826771181
0.4022246881324009
0.4017252415621895
0.4012516839273889
0.4009356621841511
0.4005946492366411
0.4001623536794668
0.3998462445167714
0.3995439523648897
0.3991348913684465
0.3987872486616284
0.3984023911063473
0.3981366362022054
0.3978463830693717
0.3969503419667559
0.3960083520019458
0.3951982406819671
0.3942541707098932
0.3936577621121827
0.3930722122810502
0.392304077230001
0.3920033787982841
0.3917959090464644
0.3915582960482187
0.3908063026933172
0.3903386543019998
0.3900723789897307
0.3894004351273253
0.38899276973593
0.3888315121328355
0.3887119934555067
0.3884738210057188
0.3882453368100214
0.3881470498677431
0.3881072919278728
0.3879307339081203
0.3876422226951963
0.3870200381179579
0.3846306399754784
0.3820627761920966
0.3809138551192215
0.3804261860418209
0.3798215672672898
0.3792338099172102
0.3790194123678959
0.3788072282443236
0.3780835742217848
0.3767617281875265
0.3753743520103431
0.3743199699027301
0.3729673176238054
0.3716742220809678
0.3706183602122854
0.3698385633674472
0.3677158837693195
0.3665062711138736
0.3649321488405781
0.3641515733724264
0.3636234016016335
0.3629827132314205
0.3613232156236177
0.360622993390953
0.3602943693691822
0.3600961083168588
0.359830688155563
0.3596489013384643
0.3595003845879032
0.3590741538943912
0.358563320891015
0.3583131449972738
0.3582731008086022
0.3578383485233429
0.357691984725722
0.3576092705820894
0.3573572136877206
0.3570311577476152
0.356943818019633
0.356822986577626
0.3567378688267209
0.3566336691678695
0.3565288074845487
0.3564795889688354
0.3564622777832646
0.356272940903761
0.3561751015515455
0.3560337283755727
0.355785454428227
0.3554631264703912
0.3547058479273709
0.3537742091945777
0.3514762895553828
0.3482306017383189
0.3421274379849218
0.3352730978176444
0.3121974780147048
0.3040733103339483
0.2997518994224224
0.294476091586702
0.2920245268442201
0.2906710601954365
0.2895859618767603
0.2887515473884092
0.2876980109871614
0.2875386330919992
0.287356168920134
0.2869134379249457
0.2865023662975626
0.2862339966167871
0.2859187903462003
0.2855547139332095
0.285398136972695
0.2852502365451046
0.2850485060874424
0.2849898704574346
0.2849101561665741
0.2848361465700377
0.2847657993752085
0.284551514311065
0.2843484149634711
0.2841596907507958
0.283610021122617
0.2832776648957257
0.2831720514208932
0.2829370459625594
0.28260535880893
0.2822964919653728
0.2819794059839115
0.2816344187954508
0.2814900611021431
0.2813502100572201
0.2811689624787675
0.2811004775170954
0.2810768918089352
0.2810056373588121
0.2808371297687688
0.2807294396579893
0.2802828356496896
0.2798979557566994
0.2794835724588022
0.2788176455742856
0.2783275749095516
0.2778834509103853
0.2767060619847933
0.275153183476266
0.2745427263384181
0.2742319809360294
0.2738634331468288
0.2736775434746641
0.2734244526961515
0.273272756992317
0.2731210797632138
0.2727258780774149
0.2724620914777713
0.2723882767589469
0.2721429839861568
0.2721135170686461
0.2720513111793261
0.2718944145125207
0.2717688873563352
0.2715533473037877
0.2713961146199853
0.2712789648283191
0.2711873415050216
0.2710745113543506
0.2710228809132065
0.2710067539858131
0.2709402245919828
0.2709060653386983
0.270842257172796
0.2707786375503476
0.2707225358332584
0.2705696045655974
0.2704166282614907
0.2701218365271204
0.2697426602746003
0.2694959614310611
0.2693682853809152
0.2690358028792463
0.2686407529800151
0.2683738026111629
0.2681827346182232
0.2678976471045758
0.2677948627588332
0.2677643748938213
0.2676643533532226
0.2676026343211204
0.2675415197560588
0.267409208571169
0.2673198627366776
0.2672851083251129
0.2672576749834963
0.2672367506589592
0.2671577093458684
0.2670647881745893
0.267038592760155
0.2670009634373346
0.2669449509441754
0.2668927434232712
0.266732983631322
0.2664107695012475
0.2659536110841265
0.2656739094741658
0.2654917375378886
0.264944089862475
0.2644067894436692
0.2640829851234302
0.2635229476005599
0.2618906044578194
0.261494768213136
0.2609991178258736
0.2606422635673716
0.2603638991097319
0.2598527919879722
0.259494986284951
0.2594020424873686
0.2593386541712044
0.2593132606037953
0.2592548781585715
0.2592017955995083
0.2591345768476814
0.2590578244708499
0.258988862980531
0.2589353410093541
0.2588824968966058
0.2587241638228892
0.2580861224844035
0.2578826038779972
0.2577662141130931
0.2574033970914843
0.2570130586319277
0.2567714829586733
0.256607356716079
