79.39947689329766
60.43238835065884
42.34756356190902
32.04402608443789
18.54416960422082
11.98681207257249
9.795918346707955
6.053319720732316
5.192213974321361
4.685781279703714
3.928308820115505
3.480121576019256
3.078672696719855
2.411781556644303
2.136153292194487
1.998614458025725
1.8492284304643
1.741824766384565
1.668175346084974
1.510802948553849
1.421815232950391
1.302134218988809
1.245488847689845
1.165298563734789
1.103603089399556
1.06533588034041
1.018974977551318
0.9651323070357133
0.9435640261938607
0.9309195748105337
0.9183274590357273
0.881506045881483
0.837517091064118
0.8290834418087698
0.8190851619578466
0.8074439004910096
0.7824715666674387
0.7525039141639323
0.7008893105913728
0.6625471367978766
0.6432815403646045
0.6016454070923154
0.594529604022809
0.5909789927565013
0.5871220827106789
0.5827301095846785
0.578430202967362
0.5694982760845337
0.5621844013176129
0.5517980971311817
0.5419838027292834
0.5346304671695714
0.5290222225710445
0.5221236263217596
0.5162947251082565
0.5127805324936378
0.5103839177593861
0.5082001235129929
0.5050420747384013
0.502777244071543
0.5014204156433741
0.5004267486886909
0.4996952426731378
0.4981940846542354
0.4963686270497754
0.4955078944171681
0.4945148623102291
0.4917314186345685
0.4879497946782302
0.4846199735542572
0.4830641942095025
0.482918047094765
0.4810500238760028
0.4803924168027168
0.4801460436267245
0.4795838269357961
0.4792658439023416
0.4770742012420101
0.4595275571118345
0.4366832377811945
0.4315788499349413
0.4289193807096872
0.4273039209705617
0.4263111895338818
0.4252227760123147
0.4238737358654538
0.422843903909599
0.4216311488125578
0.4210122796926808
0.420613687000628
0.4200588165453457
0.4195674134613163
0.4192669209426721
0.4190362598266327
0.4181637236562031
0.4175377057344824
0.4172293788646208
0.4168405614674649
0.4165918685254942
0.4164167403235532
0.4161572620342832
0.4159139435665766
0.4157682494463716
0.4151192155450222
0.4144164412994469
0.4138325328474858
0.4134332292278708
0.4127999565565084
0.4105924419455333
0.4088472267284199
0.4080508862443756
0.4068675498865915
0.4056945224919827
0.4052173542857147
0.405192511561542
0.4048743409082617
0.4046153567374594
0.4045122279285727
0.404098471480046
0.4032970619207623
0.4001574917099298
0.3929954005754792
0.3836168661950236
0.3740509657446274
0.3711307935646531
0.3704216741458433
0.3695605441666674
0.3690617747641838
0.3688334834086917
0.3683126185330389
0.368115270698578
0.3678676416162939
0.3676705450065198
0.3673815442474091
0.3671274629838439
0.3670219778358545
0.3668714318873664
0.3666006821988242
0.3663385546997512
0.3656656407815977
0.3647476696255827
0.364322699828039
0.3640937363381331
0.3638228765461739
0.362819924719426
0.3625346806671514
0.3623888562713756
0.3621933225316711
0.3620132959217384
0.3618821310233967
0.3616984612417249
0.3613468041784864
0.3609223517175001
0.3606149593926322
0.3604505151652957
0.36003586552888
0.3596424335599246
0.3590639859132839
0.3587510421611772
0.3586627118633494
0.3584039660071359
0.3582927615188115
0.3581666178432046
0.3578933145139202
0.3567828726889628
0.3549474881414573
0.3529917745502613
0.3504721100788123
0.3494036957468546
0.3488784089729718
0.3481158119274978
0.3477383268782226
0.3475661562324557
0.3471697107154828
0.3469067992077545
0.3466728248296984
0.3462954159412886
0.345989833844125
0.3458369861273909
0.3456258711521236
0.3453109186205544
0.344961383802067
0.3445572033884648
0.3443735203042899
0.3442469337219954
0.3440715431740108
0.3437969130335357
0.3435453335577118
0.34347848035466
0.3433884682688174
0.3433341592924469
0.343239592215299
0.3431630719724505
0.343081724586326
0.3429845521310307
0.3427187791472835
0.3419468103457602
0.3394689930145875
0.3356547223207395
0.3322598898709569
0.3278258196661287
0.3257035269332304
0.3242802748616174
0.3233580339979396
0.3213047473106532
0.319662638527645
0.3186404775536666
0.3173063559214425
0.3167574781571554
0.316735448957384
0.3161934754845848
0.3158148201034169
0.3155014309887477
0.3143690236982522
0.3138978296663492
0.3137704075719041
0.3136990820507157
0.3134885081993346
0.3131759564289862
0.3130396478003689
0.3129820774243046
0.3128446590118477
0.3127685673358245
0.3127064495432298
0.3125534412188269
0.3123611281690843
0.3121987768374883
0.3120499357396401
0.3118295861976494
0.3116013296349932
0.3115519388448929
0.3114898874860852
0.3114592523416546
0.3114141823210689
0.3112861905181298
0.3111141133364527
0.3110588544685668
0.3109972728845454
0.3108742013623469
0.3105778303870626
0.3098099779012218
0.3082901817063708
0.306108128125172
0.3045832264501265
0.3033666597585362
0.3013595271719929
0.2992329328919259
0.2987189022347046
0.2985984956932701
0.2985363554013554
0.2985092011476602
0.2983916536654862
0.2983353023210523
0.298303849836296
0.2982634055781566
0.2982216383008257
0.2981845128140681
0.2978599929923006
0.2968746156293138
0.2960282737059922
0.2956756818035371
0.2948797211795898
0.2936913123894228
0.293082147555133
0.2926527106842876
0.2916527971060769
0.2910064498480084
0.2904544784902424
0.2900993393273533
0.2892766000882498
0.2889795437317207
0.2887910121328354
0.2885791677220554
0.2885001329214216
0.2884221587928952
0.2882562049002393
0.2879172230414341
0.2871068715670475
0.2863641144190266
0.2852522652741958
0.2849634025855987
0.2847573583899773
0.2845730402026633
0.2843661392056719
0.284267114117029
0.2842563582031705
0.2841671190938074
0.2840630128764262
0.2839641504828693
0.2836187369219786
0.2834486611712352
0.2833579331381054
0.283255538271096
0.283205332367303
0.2831946305414454
0.2830734978460984
0.2830292432128901
0.2829674411782497
0.2828254968740631
0.282641609930401
0.2824590253517518
0.2824305134195846
0.2823482760236712
0.2818358925983952
0.28154921737181
0.2813601233458249
0.2809886806343936
0.2804062656683242
0.2796826038053229
0.2792982318612898
0.2789812894383394
0.2784466066808111
0.2781829688908896
0.2781476583173078
0.2780294476443265
0.2779837066449701
0.2777888735993171
0.2777318314938117
0.2776732900763274
0.2774957425344311
0.2773492987565496
0.2772208025528377
0.2769834067152776
0.276879386295254
0.2767362069615919
0.2766150146927647
0.2764601091952135
0.2764003193307693
0.2763174819875173
0.2762506409217555
0.2762044568142967
0.2761689170656207
0.275975690363703
0.2757973134131206
0.2757088253137063
0.2754384665719384
0.2751421597672406
0.2747565984738018
0.2746020710138229
0.2745695259424156
0.2742128697354758
0.2741018353409899
0.2740081230914563
0.273849326547022
0.2737114738445924
0.2736573866910909
0.2736073243084336
0.2735263643665067
0.2734534199122109
0.2734194976720489
0.273413231557011
0.2733625471755437
0.273293233464992
0.2732743904198227
0.2731903359982391
0.2731154755889101
0.2730511939471205
0.2729704355280301
0.2728224966247042
0.2726621126916658
0.2723588290992444
0.2719903967293811
0.2718327878184351
0.2717640676979688
0.2717043265750133
0.2716266641655412
0.2714814619783032
0.2713154833470013
0.2711510181435643
0.270951204116132
0.2708992704813626
0.2708546109191919
0.270744359533237
0.2703797756093786
0.2699445432675436
0.2695364600250622
0.2694289834763348
0.2692713348714793
0.2690217647358123
0.2686957022227109
0.268174771103891
0.2675715599825122
0.2663698356008861
0.2646857002222822
0.2638935556221237
0.2638122204669445
0.2629835851953511
0.2628500788542613
0.2627999451005466
0.2627460424908935
0.2626988187187347
0.2625933385947336
0.2624366353557469
0.2623703504825403
0.2623681072655554
0.2623166628205412
0.2623006542842271
0.2621542739791901
0.2618228727319453
0.26135466825579
0.2611979958001457
