85.01510060288706
64.98643753558174
47.99674901484942
34.21060966329507
21.22448738144319
16.39636423803563
14.41720645129625
8.731602751696926
7.2955281518852
6.374735129376768
5.468734867892485
4.242142250510414
3.874738069243665
3.373169483236301
3.003993489367715
2.667757917637235
1.955919830976205
1.722338815239394
1.419885816325872
1.295290783323784
1.214643957966231
1.176588098259854
1.142576063715561
1.096311415068689
1.074322541065132
1.046698521891035
1.019101320361685
0.9730827239397148
0.914851151004042
0.863740484908002
0.8397625496310245
0.8146636482488507
0.7887728407973803
0.7719235810256871
0.7635793270711838
0.7458082854014636
0.7351091351806538
0.7324530112681097
0.7183802385310969
0.7140632467010565
0.7007790107118982
0.684139499003885
0.6704790537542531
0.6569295771865041
0.6302485374330696
0.6098082757358816
0.596924978688921
0.5735240865972026
0.5645980832300389
0.5537365425305918
0.5508579388792173
0.5471943891412738
0.5454184341949044
0.5444141260037584
0.540531574796296
0.5393712844830227
0.5380342776668245
0.5341499098316176
0.5294046488303529
0.5245822267254197
0.5206276906671186
0.5161159929202129
0.514219096286078
0.5123513607577324
0.5099641032690773
0.5087433566926449
0.5084339873515353
0.5061123838170212
0.504874630633375
0.5041623297154832
0.5014355549758632
0.5005363017508488
0.5000891199996618
0.49820243008429
0.4969520480847783
0.4941514786607815
0.4847988073155711
0.472888290880347
0.4704910998351288
0.4682016448854134
0.4673901352586802
0.4648602663635747
0.4622042466028998
0.4597918986939019
0.45638018023924
0.4549159556445257
0.4531102051105352
0.4518325210139298
0.4510534136098721
0.4489348301324764
0.4482342016503825
0.4462678743585229
0.444120002242083
0.4413502405627093
0.4401550126828518
0.4390402111027916
0.4375085078036652
0.4368106235369231
0.4360524973937537
0.4356991200357512
0.4352013909232466
0.4350062122600099
0.4347471522782915
0.4341115343755057
0.4322823213881673
0.4244637149544162
0.4217854899256752
0.4201680218444589
0.4188826312308091
0.4178675340560917
0.416374543543138
0.416003675007366
0.4156934342607371
0.4154020059340889
0.4150638562979393
0.4138549899630273
0.4125494061999248
0.411797874527965
0.4115344933519393
0.4107258729631675
0.4100323664458674
0.4097035485448874
0.4086903422641266
0.4080998570477567
0.4065347970818786
0.4051896521913822
0.4045807510926018
0.4032674036200209
0.4017491756672891
0.4003193329094999
0.3959825705094373
0.3926546329386739
0.3883879259520139
0.3837656573170566
0.3826968866235187
0.3815296934166447
0.3800313396739775
0.3795904648300228
0.3791023170566407
0.3784889300304808
0.3783226047395277
0.3781126730396456
0.3779079232101588
0.377696471940732
0.3771838408384058
0.3764573652960809
0.3757397634833565
0.3755564756580108
0.3753747466035134
0.3751064524621465
0.3748511200074025
0.3746612601971271
0.3744346054358818
0.3740474534270249
0.3735168691350289
0.3733253413564658
0.3732108571017499
0.3730957379917285
0.3725204797373809
0.3718819857342077
0.3715817857063647
0.3715375201742602
0.3708187654986146
0.3707197376511541
0.3706093670829242
0.3704731912033171
0.370209079641601
0.3696444000622474
0.3689846443240679
0.3684487322430747
0.3679714247541747
0.3674482006560767
0.3660228226199286
0.3644344151650847
0.3636008320933304
0.3629521789705871
0.3622442424566401
0.3588939261230191
0.357519879272128
0.3560471691402871
0.3529848165078756
0.3499226969047712
0.3465533594681572
0.3428791537819208
0.3401269526691962
0.3384938583674374
0.336571183701149
0.3356684281661391
0.334721163668155
0.3343909107155296
0.3340783735529663
0.333756253044284
0.3335663637411989
0.3333272174712276
0.3332394338273086
0.3331161557887726
0.3330240493776278
0.3329180557966012
0.3326520215984501
0.3323209650690345
0.3319448314686582
0.3317363787514091
0.3316496563370067
0.331473609526269
0.3313914581438285
0.3312697110369399
0.3312264613726641
0.3311674929921633
0.3310689683580659
0.3307924038798504
0.3296126004940755
0.3291576445639766
0.329133281512007
0.3285707762103753
0.3283968116830562
0.3282244372387853
0.3278088093701585
0.3275947589806329
0.3275157773046314
0.3274145720227755
0.3272120924961553
0.3269357034120079
0.3263103730458647
0.3259153572820748
0.3245273468018921
0.3237053249766166
0.3233471238989821
0.321949892162447
0.321484775599127
0.320876871788649
0.3203353743389429
0.3200753702555312
0.3198390007676551
0.3196816233807128
0.3196379400000494
0.3193499261771455
0.3191611003833498
0.3188269849696148
0.3184297612949099
0.3180237527811362
0.317892652383622
0.3177191479518887
0.3176538715400887
0.3175067391561551
0.3172919634771146
0.3172410384851356
0.3171819286003099
0.3171123377654002
0.3169994121774449
0.3168531041649751
0.3166891258373822
0.3166189417625985
0.3165343106883723
0.3164371479269211
0.316370873223167
0.3162843116044016
0.3161879205579971
0.3161076627735172
0.3160741676001666
0.3159369184527895
0.315734156148688
0.3155063099324818
0.315224989956488
0.3151059125479074
0.3149551904453012
0.3148635199558592
0.3148033837941631
0.3146334814009942
0.314538344056912
0.314511696508846
0.3144577406926177
0.3143254373926571
0.3140515584003467
0.3137114141692438
0.3133752948864236
0.3127605822447409
0.312088315678257
0.3116997989057521
0.3113594236209473
0.3110968380094447
0.3107194282817521
0.3104757327368357
0.3101670091289597
0.3099791028103891
0.309926083669147
0.3098085681463969
0.3097240644140408
0.3096430631186615
0.3094749556139359
0.3093178246034228
0.3092691893366508
0.3091697231416763
0.3091225490439263
0.3089650115361472
0.3085221201154178
0.3069185664907097
0.3054794649923485
0.3022384391922479
0.2915685617241136
0.2788783826166433
0.2725477351819652
0.2706161196315711
0.2648705358304564
0.263908574041596
0.2635465061437388
0.2634314102813898
0.2633350078083821
0.2632330144561363
0.2631165801595015
0.263042291048019
0.2629673240140022
0.2628125934928549
0.2626452552886392
0.2624960897586963
0.2622942518924369
0.2620942693881006
0.2620090360281767
0.2619116800036729
0.2618366414324627
0.2617893587327212
0.2617279154560176
0.2617039259605617
0.2617018928405406
0.2616524281961934
0.2616205493961692
0.261578725121654
0.2614651737005469
0.261347091196787
0.2609257288641159
0.2605500182711615
0.2602322521536871
0.259579348962284
0.2576426964928201
0.2565835356340013
0.2559622935163742
0.2551179594312799
0.2545083896119784
0.2536870842981058
0.2532556450620155
0.2530250684356743
0.2524528790161498
0.2522323013283125
0.2519339816836528
0.2517669423603524
0.2516418618529252
0.251176939790251
0.2510553509098498
0.250944217530828
0.2504337184900775
0.2503446794686863
0.2502894320607986
0.2502317170319796
0.2501735574835753
0.250092545730816
0.2500273849064855
0.2499551123644125
0.2498830838256244
0.2498202653467563
0.2496640001465753
0.2494766857063973
0.2492739444792895
0.2487123494012246
0.2484954733017778
0.2483022757570348
0.2481132927629783
0.2478500533381641
0.2475926503400452
0.247451568429261
0.2474044484360063
0.2472414298888423
0.2472011665863898
0.2471833280548373
0.2471300415578861
0.2470548071941942
0.2469762097474691
0.2469340071741818
0.2469040784021631
0.2468392211110558
0.2467976535778643
0.2467691286069769
0.2467001533537259
0.2466595638585748
0.24663942291469
0.246583550027111
0.2465470934824018
0.246520691598759
0.2464712026613399
0.2463444278837866
0.2462614736714722
0.2462196242561236
0.2460823694300845
0.2459540871016971
0.2458945814559784
0.2458241273189345
0.2455581420762294
0.2454680354976644
0.2453853895522861
0.2450782479934812
0.2440246787532832
0.2436957514984544
0.2432941817589234
