63.20181673639646
33.58991881449288
15.62914136318044
4.507738686937322
3.437785570318473
3.026803821088583
2.435127604449959
2.114292868165496
1.865398499683018
1.750287462419557
1.633806632057324
1.381681270156902
1.252363808388877
1.177917627456899
1.106406262857604
1.070883755712996
1.029408237634791
1.007805926272807
0.9818226420436226
0.9498553979312753
0.9452676144443901
0.9390817672958932
0.9323318591614218
0.9255631649167996
0.8928827779261174
0.8552524649363089
0.811994041679045
0.797717426169497
0.7877017845260591
0.7839957902606701
0.7779925414508709
0.7749351697071492
0.7725285488553566
0.7701793235252601
0.7666946527561964
0.7620526559215253
0.7588442717700231
0.755278249614591
0.7443387170910962
0.7194356690247583
0.6928772163648321
0.6605879076806732
0.640091440706162
0.6331850684021606
0.6260205974913928
0.622812991687408
0.6181141631172276
0.6174253224287398
0.615387383874172
0.6101601797388587
0.6044962926991252
0.5979259031867551
0.5951671408776918
0.595053041348085
0.5928120538954357
0.5918335316976598
0.5906085643873353
0.5899812280244886
0.5876447319093779
0.5859367870688625
0.5846155297872794
0.5826168951035526
0.5786889037104077
0.5700440159103717
0.5667774824554337
0.5619680308292793
0.5611821404066041
0.5599784489258188
0.5582523709359581
0.557134538278253
0.5559859820377621
0.5543588941045005
0.5532229428827999
0.55181767353166
0.5504986363942285
0.54980678085264
0.5494192223173922
0.5479395946963083
0.5476112442129385
0.5471789461788557
0.5468508960644913
0.5461908473051912
0.5436407055132941
0.5371383881870121
0.5352965058882113
0.5314225157263196
0.5235613152515474
0.5184389118792914
0.5110020400351181
0.508957574639283
0.5021202505993039
0.4984059215705234
0.4931163686572034
0.4916000230600766
0.4901430387829475
0.4895397282638761
0.489100555160298
0.488317454833701
0.4874638182370959
0.4872163005473915
0.4870587186361968
0.4864014003865709
0.4852717473634032
0.48459546081642
0.4826451311517954
0.4785275040897234
0.4775946411898498
0.4748367774009868
0.4744599004929528
0.4729224405157956
0.4726176545114399
0.4723059718100079
0.4715710040971508
0.4711210866065553
0.4697080087552337
0.4690116819518249
0.4681097229659744
0.4680132724884822
0.4675972788973563
0.4672650711111307
0.4669149320324512
0.4660099266612795
0.4653181365829119
0.4651759695242214
0.4646453797800176
0.4630712194177039
0.4600959171051614
0.4576993368263602
0.4543051748203484
0.4521762163107598
0.4509976917619347
0.4493469904461128
0.4485451067542869
0.4478445704469078
0.4474115425562725
0.4468908071932997
0.445902188477271
0.445612873969514
0.4452806764285027
0.445047453227388
0.4447547394024803
0.4445205296562808
0.4442828123957814
0.444095827523061
0.4439153293056029
0.4433124721846559
0.4430631296822159
0.4420454638692894
0.441888440846234
0.4411923575292613
0.4409842894556041
0.4407589443906318
0.4405698269214862
0.4402564036155017
0.4401362930183097
0.4398832534425896
0.4395175348883206
0.4393632637396836
0.4393321676929527
0.4390174355527989
0.4388784174504039
0.4388642623192534
0.4385760339029177
0.4385386957546615
0.4380869611485748
0.4379113810752185
0.4378941404810947
0.4373642551833251
0.4372188485718683
0.4370091443629183
0.4369461072171132
0.4368738692569033
0.4366538129977134
0.436139228216663
0.4339638258305626
0.4324176938225563
0.4305393526593805
0.4295947910106785
0.4285652439447283
0.428277009238489
0.427897340371224
0.4278041277984083
0.4276116746113686
0.4274627887919813
0.4272408646198637
0.4271158654352941
0.4270576877805964
0.4269347308397645
0.4268610173325108
0.4267608346282312
0.4265744780984154
0.4263284399622828
0.4258873551050009
0.4252601955381375
0.4250360715509081
0.4248620797293194
0.4246879177127929
0.4244567386127376
0.4241962206965682
0.4241506898853854
0.4240425104757194
0.4238819901192432
0.4237508282217257
0.4236135548582136
0.4232176433690701
0.4230073987485531
0.4229351136303738
0.4221722260518227
0.421383891450203
0.4207960841260726
0.4206999714019359
0.4204933068255089
0.4203904580715484
0.4203020284036882
0.4199044705500596
0.4196076502901987
0.4187252709796319
0.4177210381503688
0.4167521158049477
0.4155529818694491
0.4152661678783758
0.4149706644790205
0.4141581360635447
0.4113071078819187
0.4105640065903267
0.407658786672037
0.4064203344063516
0.4047447338625461
0.4041590604614058
0.4036282767715877
0.4033820377631062
0.4030807024461207
0.4030452927934615
0.4029952828638212
0.4029457046909194
0.4028328666226256
0.4026213960673346
0.4024207261783996
0.4023291550207078
0.4019239423521348
0.4018121369474541
0.4014737656297446
0.4009774745679753
0.400858243260853
0.4008067820501333
0.4007551166770769
0.4005715497214726
0.4005302004064819
0.4001740260423041
0.399898745865907
0.3994300797609729
0.3990207083463612
0.3983132522453905
0.3981821119113206
0.3980452943795382
0.3975818084890005
0.3973725235469458
0.3970825314103921
0.3969620657874601
0.3969262574587867
0.3968125119193603
0.3967573990167816
0.3966881904566834
0.3966156095549142
0.396540330855031
0.3963480363687163
0.3959437104385283
0.3956925900745185
0.3951693682612437
0.3941258284115789
0.3936230008774834
0.3933407529138955
0.392670433683659
0.3924786269224834
0.3922478207605649
0.3921835586245091
0.3921059331022826
0.3920369271581316
0.3919852726235535
0.3918941100357586
0.391815906170197
0.3917735896225198
0.3917255108444439
0.3915565471878408
0.3914981173148288
0.3913460280765718
0.3910353007264468
0.3905713325538487
0.390464761634518
0.3902155488608137
0.3901779672318945
0.3901010946699132
0.3900480201774169
0.3900269951443869
0.3899425252219084
0.3898756611931974
0.3897123307780004
0.3896842082960621
0.3896219150666657
0.3894289807116558
0.3893797583433657
0.3888330718279251
0.3886477238847862
0.3878969102767705
0.3876649533407234
0.3875040987524305
0.3874244838108743
0.3872458744517554
0.3871462519792107
0.3870060928622833
0.3869612756573192
0.3869468939712463
0.3868880321600072
0.386774786797859
0.3866560501223829
0.3864896853486814
0.3863783272019105
0.3863069519935549
0.386257909847618
0.3860465272382311
0.3860353794709442
0.3859995501053285
0.3857691415263131
0.385500472485316
0.3827255574737953
0.3799486499813207
0.3724310713630551
0.3643836970207479
0.3581647767268158
0.3541112986313999
0.3509067754601916
0.3485837633189415
0.347257950884384
0.3453614693251398
0.3437747256953938
0.3429725740883827
0.3419061892314527
0.341628581244499
0.3412125397705976
0.3409030804726801
0.3399932602750615
0.3372051623291715
0.3370051032774656
0.3367763779392364
0.3364599409672639
0.3362165218229637
0.335681528954731
0.3355080884918072
0.3352500660133208
0.3352213263707531
0.3351165602502279
0.3350468078574613
0.334975795091478
0.3348541704440784
0.334736051609862
0.3346810069230337
0.3346141628594053
0.3345232786692554
0.3344015192738991
0.3342788506221807
0.3341730939476276
0.3339267710368247
0.333130986363159
0.3320589199634212
0.3316946846004937
0.3316384240175067
0.3314677519208516
0.3313989739288293
0.331325392186839
0.3312433676824433
0.331080309164224
0.3309742400896461
0.3309006539123544
0.330796516595766
0.3307141544858658
0.330633840256907
0.330544348174492
0.3304954059037182
0.3304323045831406
0.330373447409386
0.3303519563601647
0.3303000311122419
0.3302772581896283
0.3301794472675843
0.3301658788468436
0.3301379422595546
0.3300759935368778
0.3300117705023098
0.3294334130555776
0.329103018120947
0.3280387011795186
0.3269961475487059
0.3261557819405803
0.3255614632662994
0.3249519025417051
0.3244344630955999
0.3241361260785018
0.3239614453620601
0.3232455313486197
0.3231764601707228
0.3230376745205453
