31.73636609860019
20.96148990065169
8.152195355694786
4.852134280915637
4.512140088310174
3.151952203429001
2.579761629059634
2.299970672636563
1.681024558015621
1.543606013065025
1.484961759217478
1.314673993930765
1.200757139158451
1.133017354525477
1.050025707460721
1.011292850470169
0.9888979851250399
0.9630230685902911
0.9518540362807587
0.930660089456999
0.9040432334270833
0.8967158490694848
0.8851669729571425
0.8802802805980379
0.86359533390901
0.8072738067344054
0.754018377182356
0.6929043934112592
0.678415585236726
0.6620827427318831
0.6409681993886106
0.631152117788611
0.6296578528140248
0.6228490340370149
0.6198985011308302
0.6175657686392477
0.6109190677592208
0.5950148431840802
0.5840497348630215
0.5736351505000511
0.5635193327109717
0.5550532767036868
0.5488137880755689
0.5422736652702589
0.5366342977490411
0.5321748129979719
0.5254587849297083
0.5196166894693696
0.5135016908538617
0.510546410528264
0.5071875935577791
0.5046776169875904
0.5012360844827142
0.4973115258212407
0.4954456601120462
0.494551766608272
0.4920484659388639
0.4869037620764458
0.4749087177613269
0.4635111254374554
0.4566271024288234
0.4486622590443259
0.4327538999642853
0.4232229082882142
0.4184115495113089
0.4126861007686662
0.4104414415709186
0.4083824536003938
0.405416368500233
0.4035966960853504
0.4028703562428272
0.4020898855629146
0.401461488977956
0.4009873791088531
0.3979966281034425
0.3967222956327942
0.3964538057523211
0.3953733011826646
0.3949540253276904
0.3944671176647692
0.3938328407983047
0.3935413798704111
0.3931927821506762
0.3923299326185178
0.3902037601769935
0.3875318893218103
0.3843358747724657
0.3837166968262383
0.3830288466233354
0.3825350179620248
0.3819758222127698
0.3813975696905577
0.3805608915283465
0.3801377864813398
0.3798023494294859
0.3784405300326854
0.3782666536088442
0.378154243168518
0.3774432430578706
0.3764087015577411
0.374635602797511
0.3737764633407597
0.3727782390691497
0.3689587235091884
0.3671019782247714
0.3667681012263089
0.3655728163890546
0.36506555837202
0.3648752348189776
0.3642491086876118
0.3640741719784347
0.3632919172505626
0.3625551883479189
0.3623012231503025
0.361959105410641
0.3615786194876899
0.3613539760704613
0.3611995477672577
0.3607074840534777
0.3600196518718028
0.359460260646798
0.3589632747157664
0.3570717429448165
0.3550705640454582
0.3536793984339863
0.3530704331593283
0.3523102099325616
0.3519484304528757
0.3515649325198327
0.3511259259324509
0.3507322963455956
0.3502471254638235
0.3497735997315826
0.349552489053755
0.3495062385348087
0.3489471527710763
0.348761817492024
0.3485885236169888
0.3470166965089039
0.3447025109265685
0.3409692397261535
0.33851572109335
0.3361108159646568
0.334265964931252
0.3329841288711073
0.3316156893826654
0.3309924612172052
0.3307312177958869
0.3303852540535463
0.3301189672493456
0.3297937202396118
0.3294340205891454
0.3292988648791595
0.3292850873812537
0.329021740803106
0.328857968130485
0.3286146558420735
0.3284058027827326
0.3279037278546117
0.3272373284844752
0.3252481611543843
0.3247188354539305
0.3243816753886492
0.3236156213572762
0.3217502684614342
0.321370411098259
0.3211263781367584
0.3206213494858164
0.3192188596387768
0.3187420435298434
0.3183741631770762
0.3172429851788372
0.3133722431121098
0.3074272211750056
0.3061736559979592
0.3057647358632215
0.3053005686715677
0.3050064288008496
0.3048706367346251
0.3045950161201857
0.3042562283373512
0.3041122680365487
0.3036726714827515
0.3033690616787617
0.3028660547594832
0.3022985017581802
0.3021237046143443
0.3019481856816702
0.3018056989972477
0.3017172352589518
0.3015560113207468
0.3010927651106299
0.3004203622689143
0.3000978497395873
0.2997971186439368
0.2993684987843915
0.2990886962549001
0.2989354330236664
0.2987133541229069
0.2986056920637341
0.2985544414400222
0.2983964763278246
0.2982887702124743
0.2981562540114014
0.2975514351604049
0.297136875830995
0.2969367434238822
0.2966369013033015
0.2964642614164636
0.2963941463281011
0.2963151113776745
0.2961622341749878
0.295940204234667
0.2956864199415306
0.2955870915607761
0.2955564710247203
0.2954652165007265
0.2953810674664403
0.2951863616471645
0.294372662955734
0.2935531000323964
0.2929010137019026
0.2921655972592672
0.2900075557092462
0.2845642191686762
0.2815398810030152
0.2777282444853895
0.2740362745887985
0.2729820913707566
0.2722464330525131
0.2716486566157116
0.2705979543701231
0.2694840576636655
0.2680889227574806
0.2677098985237581
0.2673608837426995
0.2671661978940604
0.2669729993129768
0.2667559699479966
0.266321870317015
0.2659773461321553
0.2654006987563806
0.2648214236351173
0.2645653062592538
0.2645155384259218
0.2643154408161589
0.2642121485681579
0.2641283458891665
0.2639148432597864
0.2637199905111831
0.2634301846850477
0.2632096198001935
0.2629266343981759
0.2626359907131312
0.2625011439749106
0.2623513557585579
0.2621760990695742
0.2621028210676722
0.2619939522018556
0.2619245714791216
0.2618466766902039
0.2617522590524563
0.2616519528703579
0.2616014153979796
0.2615712718729922
0.261306736315664
0.2610364087065219
0.2606837579196979
0.2605123116826946
0.2604693881865648
0.2601366133987522
0.2600045803224329
0.2598488426653083
0.2597222958138944
0.2595481096530534
0.2594190944370195
0.2592916990790833
0.2591146180608804
0.2589836924899475
0.2589001628282185
0.2587997795042388
0.2586917525926512
0.258640078888679
0.2586204328621046
0.258365796898832
0.2583389664454531
0.2583140027748775
0.258229945397381
0.2579266584777452
0.2575689441083837
0.2573664614194873
0.2572548303080129
0.2565096028119356
0.2560079470393368
0.2555984705137542
0.2541972933702524
0.2537721356602603
0.2535575226579586
0.2530905829312662
0.2525452575052528
0.2519697164452012
0.2516953004518704
0.2514606854577627
0.2511031400832121
0.2507500459310501
0.2506088359288035
0.2505536196373604
0.2504879576943689
0.2504167118933682
0.2503346895668188
0.2502774551427495
0.2501984493057798
0.2501200851438643
0.2500656266871673
0.2500329534950432
0.2499308902461354
0.2498018956967573
0.2496536743537634
0.2495408722720505
0.2494837784951104
0.2494659967449108
0.249376020818706
0.2492904945102341
0.2492547001066582
0.2492198700537352
0.2491826930948233
0.2491390650066986
0.2491174579277161
0.249092369252774
0.2489497034875187
0.248883128636373
0.2488235247269193
0.2488036560748474
0.2487660188368173
0.2485679523048784
0.2483554357871728
0.2481735605177991
0.2480056909401369
0.2478130495196364
0.2475959966104372
0.2473657757478911
0.2472259921906433
0.247189913459392
0.2470838283457642
0.2470052213422761
0.2469507627303958
0.2468426041687583
0.2467230775568629
0.2466274075389519
0.2465756195644407
0.2465142055088653
0.2462352736779003
0.2459507004370601
0.2456340820738226
0.2453604989682567
0.245209403061023
0.2449856973149372
0.2448270291539646
0.2447414769853393
0.2446889739352443
0.2446498641731352
0.2445895324587234
0.2445115407791274
0.2444548410552419
0.2444205655727466
0.2443839264697216
0.2443465370550887
0.2442501901928995
0.2438877308041176
0.2434829908124383
0.2431736223261744
0.2430323275679987
0.2427287235354162
0.2418886706603768
0.2406321934261796
0.2400885982112639
0.2399566726787421
0.2394500558415521
0.2393228589663437
0.2392451826335456
0.2390534464466042
0.2389449760340605
0.2388772934602777
0.2388442794419528
0.2387624629107391
0.238696552417407
0.2386415233437658
0.2385680027674958
0.2385428154377403
0.2385129628002889
0.2384801779053825
0.2384295379540601
0.2383710178166784
0.2382331617260725
0.2380459649864101
0.2380232593556664
0.2379779972705199
0.2379271116847146
0.2378968427706096
0.2378746846195223
0.2378065367499927
