68.66753609787551
48.79401724898585
33.78655572889623
21.56150203690667
9.186637221991424
7.034830776589541
3.554459714246838
2.925737673135551
2.60356295223653
2.181609102716191
1.686101122041307
1.450711226649634
1.401126736342689
1.25180112761246
1.117653611692811
1.034641532214831
0.9838678366439678
0.8672016498445413
0.8396020829573826
0.8277481521526955
0.8106784747646361
0.799277300039002
0.7870546902239031
0.7629256658269082
0.7365127588427501
0.7211461236383003
0.7155165594248043
0.6949732633138813
0.6908161888814481
0.6857601429011176
0.6730523256135601
0.6583622050246731
0.6441031893912946
0.6376651528624538
0.6131983048576265
0.6001847467607069
0.5967933317495695
0.583945529751473
0.5807068951617131
0.5790767004923268
0.573078363243386
0.5704691503137997
0.5674132412627885
0.5602259939078054
0.555797580927333
0.5515626218522995
0.5417883571880969
0.5341043003220154
0.531496655686083
0.5283019326956195
0.5249616689481982
0.5194543967476735
0.515588311476357
0.5127203431249439
0.5102844069917376
0.50744740213833
0.5057234404861971
0.503770487574344
0.4998511869178711
0.4978426192544606
0.4925245061670994
0.487066508683358
0.484269568007353
0.4802682968704671
0.4776717014811981
0.4745739639637782
0.4713238998846623
0.4697484701623702
0.4695620298318073
0.4667885570685869
0.4654099795359682
0.4648333976111452
0.4627747795882999
0.4592860769686342
0.456961400111381
0.4553276561184839
0.4512521734837601
0.4490428187271778
0.4473578555101045
0.4444261132293316
0.4424833416451653
0.4412317162770558
0.4405402554779262
0.4401620213109236
0.4390337377248379
0.4352489773805928
0.4332475561008359
0.4305381737377586
0.4298619211029316
0.428995864000964
0.4284378782198719
0.4275342750765518
0.4265325645308513
0.4263161503011775
0.4261561817929228
0.4256146261318914
0.4248697755142565
0.4241890006175448
0.4234340981192976
0.4229259978736157
0.4216940848357798
0.4174918626391562
0.413360194987056
0.4107704346560275
0.4095581049691407
0.4059573352557794
0.4036855682899473
0.4026186787202868
0.4010659588035497
0.3998510643707799
0.3988963156837806
0.3975497819977989
0.3961434725700656
0.3956293974933229
0.3953600988986183
0.3947795189189384
0.3940499675739711
0.3937737105478082
0.3933680516563555
0.3930586531319959
0.3928577713595964
0.3926038929276682
0.3920404869323894
0.3913785650836582
0.3910615534390567
0.3906342019132196
0.3902108884616031
0.3900705154507216
0.3897493400555412
0.389095203363328
0.3872103782898093
0.3843612757544388
0.383109318833279
0.3827548825501746
0.381398116898088
0.3809621852141828
0.3807589392591647
0.3802780682221102
0.3799855695325622
0.3796116426675201
0.3791812260501218
0.3784424455560202
0.3774672310163777
0.3756359338505766
0.3742219213977824
0.3724777991143183
0.3701427997918691
0.3680647959620252
0.3668804701712645
0.3658751983615139
0.3652804694583466
0.3648943803294141
0.3643192792990584
0.3640670815932581
0.3638870724258361
0.3634658024364888
0.3633058946625223
0.3630783911747316
0.3630054838689151
0.3627716546889791
0.361856817275971
0.3610032796212314
0.3595741252345083
0.3577785788355344
0.3534231897942365
0.3482372250168922
0.3428557724722909
0.341976755571727
0.3412037448511973
0.3401694493530467
0.3396416040835563
0.3390189612426164
0.338757223683893
0.3386119415405784
0.3384432319027372
0.3375802728726548
0.3370391843304068
0.3369107750132828
0.3364210365243599
0.3362789074750842
0.3361673652214353
0.3358668792817711
0.3354512945737574
0.3353540320167759
0.335214087295497
0.3351470091764782
0.335082046938515
0.334689274607938
0.3345385549214601
0.3343623759155048
0.334204343195971
0.3338626982103716
0.3334079372715787
0.3329683572948645
0.3326089750117365
0.3317678105074024
0.3265208278762035
0.3221393770852775
0.3164119931556905
0.3133361747825378
0.3117287402887264
0.309473652110497
0.3081717682431167
0.3077673488118284
0.3074407364369004
0.3069981422044749
0.3066899438204768
0.3065660745555804
0.3061839866483452
0.3057494474524364
0.3054081381478444
0.3046393656781599
0.3039809216671753
0.3035920993108623
0.3031411048142916
0.3021165549840371
0.3018477096192422
0.3017219792570326
0.3015480450135941
0.3012910054081336
0.3010365132445978
0.3007133924027293
0.3005624321161842
0.3004730754130969
0.300252787090572
0.3002041211888489
0.3000642955025149
0.2994982275733304
0.2990470110042068
0.2986588283094467
0.2982143069861702
0.2972011538082444
0.2968876179328717
0.2962550252545134
0.296023082392842
0.2957057858123728
0.2955246708158445
0.2954337205147043
0.2953099090941368
0.2952596255417571
0.2952047643293281
0.2950402763137689
0.2939433248668684
0.2931582818981521
0.292675972328327
0.2920034304043814
0.2917050965761659
0.2915777724407659
0.2910561915638105
0.2909207410526517
0.290720496304513
0.2904055698788768
0.289499836972775
0.2889960438321223
0.28896602055752
0.2886091064112293
0.2882899728138729
0.2882266773139767
0.2880283981229037
0.287957105441678
0.287850456554487
0.2878028657704358
0.2877532448400408
0.287559740477843
0.2874326771796528
0.2872856752678248
0.2869927265117292
0.2866750543083396
0.2865198916241882
0.2864144304942904
0.2862665854906805
0.2859558744797028
0.2855795319247095
0.2854020191614247
0.2852970333539199
0.2850720625293754
0.2849389325000109
0.2845604403758069
0.2840887117453713
0.2835789975963852
0.2832461886802443
0.2829589602993023
0.2823879902334449
0.2820356050220673
0.281960660864779
0.2818657517420048
0.2817828973543323
0.2816776800084116
0.2816343082169701
0.281620375866779
0.281459578485964
0.2813968233818767
0.2813027423658893
0.281218160465123
0.2810242809474656
0.2805816685294217
0.2793952218886328
0.2776507285685049
0.2771037765967107
0.2766532642225241
0.2764213171865231
0.2762119432223016
0.27615939440562
0.2761177717184394
0.2760399489285532
0.2759668683801282
0.2759415533769474
0.2759043726918737
0.2758448062685527
0.2757630646105714
0.2755251403048355
0.275116953540419
0.2746802233352261
0.270857532592971
0.2688224261801875
0.2675113481207124
0.2663872192544489
0.2649844632786917
0.264366731425711
0.2639368805920761
0.2625781221793339
0.2620475226903289
0.2602796392810227
0.2593993929449946
0.2589308755615784
0.2586820158884683
0.2580577664482449
0.2579000392558322
0.2577156368715896
0.257317633226767
0.2570809875608112
0.2567744452617912
0.2566986455635376
0.2566126280251436
0.2565087996325318
0.2564080583005077
0.2561939657740439
0.2560896491092036
0.2559744887908171
0.2557335969720956
0.2554723983188334
0.2553317414301899
0.2552801337216018
0.2550867765213623
0.2550018565567273
0.254963062652982
0.2549077336582191
0.2548493364635753
0.2548055554137377
0.2546883599200514
0.254611395627556
0.2544697856067543
0.2542012172870736
0.2539562395300815
0.2538104904713973
0.2536023922199913
0.2535178121911602
0.2534198561206555
0.2533649743897203
0.2532100529528779
0.2531255558568282
0.2531144192780506
0.2530546857612805
0.2529912683156224
0.2529273807632366
0.2528703103264404
0.2527104770607859
0.2526129435647859
0.2525942555709987
0.2525314671547451
0.2524184294934002
0.2522541214304445
0.2522305571045771
0.2521765957505625
0.2521183237039076
0.2520435879310493
0.2519150008657878
0.251810092435506
0.2517365198785955
0.2512050145042763
0.2506452610012556
0.2503969429879902
0.250153546342917
0.2500990645457113
0.2500651555452565
0.250015718988361
0.2499754936780642
0.2499373246112477
0.2495972610082102
0.2494532686727002
0.2492462143976893
0.2491678784371886
0.2490846951000346
0.2488439731366922
0.2487473729306788
0.248711715841591
0.2486679968703883
0.24861771258333
0.2485701165014771
0.2484343949350781
0.2481856961995129
