64.37066207151405
46.0534852977606
29.62161466903675
16.82980315094386
10.1708635385118
5.990873432174372
4.898910137631661
3.183396538195876
2.470717095505848
1.628560474117985
1.377409042527658
1.306895403711941
1.205242824655556
1.125140947194801
1.020622437674954
0.9486591776496157
0.9032278218859079
0.8372829014278417
0.7331895851523069
0.7078019696736572
0.7010668754942604
0.6967653617137222
0.6843441460012947
0.6389656352818383
0.6217492050260223
0.6209694610490979
0.5964190786539509
0.5935135212490423
0.5921199071223602
0.5909795145176542
0.5826781457096163
0.5729054624305652
0.5651159581242492
0.5565960414967585
0.54480469430712
0.5438403245674295
0.5426626352647336
0.5404780449957952
0.5372163807714575
0.5344844480833093
0.5318038638235096
0.5301638898346472
0.5290487408590687
0.5254115759385661
0.5205036809143923
0.5199673206581121
0.5188676550070452
0.5172378570591312
0.5156156359130073
0.5144915115884563
0.512945077118242
0.511796600476744
0.5103175302611463
0.5092689923959124
0.5077810755590444
0.504374485385928
0.4972316120892012
0.4800664972170302
0.4556949560585494
0.4503766504107043
0.4486648134661509
0.4482488065079481
0.4477737145488901
0.4439374207115687
0.4349669886936742
0.4167575558680897
0.4104806577284887
0.4075903670567121
0.4038423813572163
0.3997377082808848
0.3972067635952122
0.3948793270770249
0.3910364887954645
0.3883492429390254
0.3876561711241047
0.3868356805933065
0.3864293254590782
0.3846841038371098
0.3835317280557206
0.3824137163917081
0.3811297598437562
0.3803799592063148
0.3799440643658958
0.3797807652789938
0.3791612771649594
0.3789627468262575
0.3788449229769564
0.3784888579038356
0.3754111942203773
0.3713103820270551
0.3695409672367278
0.3690055124855713
0.3682641342219585
0.3678849221311927
0.3677678415380869
0.3673015749253931
0.3671657984194558
0.3670920746619289
0.3670108364624333
0.3666575988715732
0.3664423780207286
0.3663776853143991
0.3658342768152072
0.3650474555382542
0.3638392407491615
0.3631982684956691
0.3609195889555453
0.3595969237821822
0.3588869032935882
0.3569467991621236
0.3560831722401567
0.3558177581875441
0.3554365340265804
0.3550673098166555
0.3546866763821265
0.3537496521974048
0.3526343718693978
0.3522329013118218
0.3520790352094333
0.3519784449924669
0.3515475646758542
0.3511573534372969
0.3508017223136976
0.3503813082892518
0.3499607238335687
0.3497342688872968
0.3496905182088424
0.3494046936239829
0.3491028180788382
0.3489545433606953
0.3488628734041317
0.3483061624075208
0.3480703346571846
0.347913475205464
0.3478003005163026
0.3474262820281699
0.34724851621662
0.3472157941911047
0.3469314668330161
0.3467990300811039
0.3467256706850771
0.3465260518781815
0.3458181892099108
0.3436037991392726
0.3413004569412473
0.3390706779308695
0.3346639254609308
0.3294002714759041
0.3176207396951182
0.3132383480625803
0.3103743929827871
0.3089316682539094
0.3052847501585163
0.3044107754486331
0.3030785461362918
0.3024469947337505
0.3020344100246302
0.3004154690338858
0.3000942575377807
0.2999201239777239
0.299732728443671
0.2985734206710962
0.2980081505959839
0.2978764136911743
0.2975917487920314
0.2972279941061833
0.2968247661222024
0.2966667356618781
0.296500285854135
0.2962773288725682
0.2961140751696686
0.2959361706033011
0.2957465490778895
0.2955231206546312
0.2953604985711235
0.2952148521705402
0.2946895793902153
0.2939828066986884
0.2937624128876869
0.2936832063935575
0.2935935829519312
0.2935185347211193
0.2934005410435023
0.2933244601405204
0.2932555524958122
0.2931389811633565
0.2930539476155468
0.2929672749258366
0.2928550530551934
0.2927483277395654
0.2926458226092781
0.2920967862601193
0.2910937455028159
0.2895525827003936
0.2865514618187708
0.2856571980176945
0.2847351185323627
0.2841691186573341
0.2838212005339418
0.2837598681670543
0.2835419394529956
0.2834049912578524
0.2832991898628026
0.2832276118793126
0.2831844243440201
0.2831255000671991
0.2830876389589191
0.2830294940594512
0.2829265824532757
0.2825616182694726
0.2821241140485523
0.2819241822798457
0.2818885932876348
0.2817683979256465
0.2816204458953548
0.2814808878199928
0.2814229521901991
0.2813482679044469
0.2812618123843772
0.2812239165888186
0.2812096372698854
0.281174598724598
0.2811542773381093
0.2810685612966475
0.2809781571322457
0.2808930222798361
0.2808138969588917
0.2803099128448558
0.2796303658796773
0.2782733536204382
0.277566571398272
0.2773991259198517
0.2771761505505254
0.2771162580909765
0.2770800496038662
0.2769811008768571
0.2766654654522238
0.2762906436513419
0.2761159632877329
0.2761019629207782
0.2758422540746348
0.2757766140504845
0.2756990210965961
0.2756264369065434
0.2755461583733799
0.2753958123394114
0.2752104924735504
0.275110332624847
0.275080995042814
0.2749948670281526
0.2749595548077342
0.2749127546511402
0.2748287081651066
0.2747113434410925
0.2746107951112304
0.2745702216689324
0.2744145599036815
0.2742320128964391
0.274165797049164
0.274159409322361
0.2740724598670862
0.274037995582273
0.2739884900659908
0.2739527107144058
0.2738412464489736
0.2735634285159484
0.2729845238355678
0.2722237260706241
0.2718340244703817
0.2715555823484802
0.2710398078002607
0.2705116068756572
0.2703208769606127
0.2702215379692471
0.2701396038090055
0.2700886618546643
0.2699568201511736
0.2698465475092584
0.2697966912635964
0.2697910213294467
0.2697406462989198
0.2697098444726032
0.269664408142809
0.2696233649224935
0.2695091387468664
0.2692070225202251
0.268836459815614
0.2682735791401595
0.2677299314070164
0.2672744223343617
0.2669903379489023
0.2665726648787544
0.2664466719826508
0.2663518134024986
0.2661681381770142
0.2659143945538209
0.2658011869115934
0.26565158625968
0.2655263427910506
0.2653840116805069
0.2651135588809361
0.264804382737336
0.2646778311093542
0.2646132684499448
0.2645667310387432
0.2644932367293016
0.2642997632590905
0.2640601085190659
0.2638093657560737
0.2636185688705117
0.2635320005362685
0.2632052053287412
0.2629255069810065
0.2626912306442123
0.2623181530046441
0.2620216696306816
0.26181761225004
0.2617800606871892
0.2616513035669562
0.2616018698550768
0.2615430523652194
0.2614048141705325
0.2612102979951512
0.2611010997418386
0.2610492200991718
0.2609733469016535
0.2609489677531367
0.2609190966722012
0.2608229609618671
0.2607301691034313
0.2606248358366575
0.260548459182236
0.2603102790084915
0.2597547157159821
0.2591647048700217
0.2586381715973766
0.2574335741137792
0.2565289711230539
0.2554479808027783
0.2548690733472292
0.2546116154338157
0.2542423262960803
0.2539188373564827
0.2537691113877161
0.253553756195861
0.2534626985014031
0.2532495670758836
0.2530579814735603
0.2527562640932141
0.2526460526501104
0.2525524989789254
0.2525150269585743
0.2524599390921275
0.2524181183664021
0.2523392112157357
0.2522293541724721
0.2520042132857639
0.2517509273272362
0.2516237188707011
0.2515066987014558
0.2514460016060389
0.2513690759778385
0.2512869842883752
0.2512398000233714
0.2512060575010171
0.251088371868493
0.25099902963767
0.2509336636282223
0.2508849418950106
0.250850125361563
0.2508082953032422
0.2507890497767091
0.2507621710601138
0.2507236050555873
0.2506664191673125
0.2505642449015322
0.2504378035534119
0.2500289100232266
0.2498427784521292
0.2498278325733984
0.2493659060074894
0.2493015489375694
0.2492675517765098
0.2492195767163902
0.2485787877727645
0.2482819454474166
0.2482460816138097
0.2474770587594491
0.247286439177709
0.2471779532726625
0.2469330922853319
0.2467749988466497
0.2466516400129493
0.2464822440038607
0.2464267488844881
0.2463822403555447
0.2463133778521505
0.2462807336102206
0.246276715668158
0.2462369329549296
0.2462110951981552
