77.0421173796109
56.71540314155968
38.57483936558732
26.47929619464391
14.68875783995611
10.87440372669101
6.787876546531502
4.730379946181359
3.879273098738432
2.595364231724853
2.254879273766712
1.895579824477827
1.509620788495765
1.335954432453795
1.3291883674085
1.134661242054947
1.072426243518489
1.027700549277095
0.9621430284409431
0.9383877368918004
0.9296453217559066
0.9004426259443407
0.8823200768557805
0.8615753150714522
0.8344763425076347
0.7827623776033674
0.7546036451998029
0.7252132381449253
0.6878616752043282
0.6759470317941604
0.6669135479800552
0.6574445431100624
0.6152595900487554
0.5848730524109165
0.5693157234947255
0.5524432974138758
0.5438336736231119
0.5405385327696526
0.5382534875131207
0.5344460670999195
0.5297880122410851
0.5270846590895252
0.526108847808044
0.5241219664071773
0.5221618089344804
0.5137262751183467
0.5016400907905083
0.4916757268323345
0.4671685827725955
0.4346784597012567
0.431016662841273
0.4277042448587738
0.4253756965521612
0.4235061032417761
0.4211374915591842
0.4193641529293541
0.4181091213248584
0.4154889710564052
0.4140846913706782
0.4124117003423055
0.4116788605568526
0.4114525955189615
0.409900329591622
0.4093955066850959
0.4088014876804962
0.4081727504067177
0.4069847872752843
0.4053950259002034
0.403668682599106
0.4030788127482796
0.4030177071335229
0.4022768436281262
0.4018058391031007
0.4014700043978634
0.4007033230832042
0.3999736077951005
0.3997406342267829
0.3994921404379803
0.3985227556123647
0.3976362028922108
0.3956257805562801
0.3933225097345112
0.3875056074722856
0.3818887562443985
0.3738252490103389
0.3680517228900828
0.364806029692673
0.3617917317925478
0.3601876064885921
0.3590955703062963
0.3586546860110508
0.3580087282202346
0.3576388345778279
0.3574841962896728
0.3571099628681175
0.3565766489689783
0.3562901827952109
0.3560826965794423
0.3546161594585578
0.3536622348872899
0.3523029018372164
0.3513799760236359
0.3509371516279176
0.3490767180270595
0.3481847933815156
0.3479920124649416
0.3471395755773767
0.3467676731377214
0.3466708883180891
0.3463469522735912
0.3460428566563563
0.3448734421704132
0.3413947551222226
0.3375015933897488
0.3358725863504902
0.3358439605170725
0.3330366058264566
0.33262319708347
0.3321987867601435
0.3317775715240693
0.3314761889031925
0.3309717645105761
0.3304107306325784
0.3301360174295209
0.329957310270709
0.3297182061467097
0.3296133502324876
0.329506797514216
0.3291386703752345
0.3288109500294658
0.328367144196392
0.3272923714212997
0.3263405780942021
0.3250779210980803
0.3224765698998158
0.3189119549308639
0.3168695937371576
0.3164120936602344
0.3150001489939211
0.3142970857278647
0.3134461218464443
0.3129707916381262
0.3127731490025225
0.3108935601792447
0.3101234564038936
0.3091485338043893
0.3083726266782642
0.3079434665052895
0.3074465663063724
0.3070629580956356
0.3067980058491392
0.3062329386247932
0.3056525443859368
0.305459557620994
0.3053552969307353
0.3052346041249479
0.3050928430439032
0.3047269374887195
0.3040466313331185
0.3034541738590184
0.3024534761424444
0.3016146965837612
0.3011812090091753
0.3010593995888863
0.3005291588573746
0.300277479718862
0.3000897321328759
0.2999820400000455
0.299715401167324
0.2989481649397184
0.2986608232956012
0.2984945321255207
0.2982308158556968
0.297544053872844
0.297305437813591
0.2970057426620073
0.2968613944825016
0.2964785347983606
0.2962358112715965
0.295706607864843
0.2954194281180281
0.2949869599968565
0.294802462788028
0.2945869076374857
0.294329701364226
0.2940879860666046
0.2939388860342116
0.2938351289556559
0.2933811498475735
0.2931966409150853
0.2931635362625629
0.2930683909500383
0.2929864548825662
0.2926284071972489
0.2915847144767675
0.2907294733376694
0.2897592159801158
0.2862583978131549
0.2843402751047257
0.2838833751393636
0.2809680472202021
0.2777603351613339
0.2764777639068767
0.2748563999717392
0.2740037036732205
0.2736698155225377
0.2732804333667262
0.2730118884852428
0.2727968220898855
0.2723402891516803
0.2720847589562781
0.2720389005764518
0.271979374064127
0.2719135344842226
0.2717291215280672
0.2712362863691065
0.2708463572253027
0.2706426864873007
0.2703622203993482
0.2697402505526768
0.2689082328654267
0.2686475612665232
0.2684711481786846
0.2683766674702739
0.2681650150675207
0.2680562166023606
0.2679942664381757
0.267743933051961
0.2676664273218262
0.2675900446104651
0.2675442258968213
0.2674877442316186
0.2673096821367492
0.2669063137623016
0.266690869328339
0.2664825803595788
0.2659439514284341
0.2653962497298123
0.2647296783492577
0.2640598950932992
0.2634690664623324
0.2632318995699081
0.2627509579082122
0.2611404348803461
0.2592995365588598
0.2572704198447122
0.2565343870541674
0.2565252586604327
0.2556545758697908
0.2554812550460972
0.2553973756619741
0.2553041372626704
0.2551956346943824
0.2551046262450276
0.2549113863659757
0.2546946716862797
0.2544117620225931
0.254188274934277
0.2539263418909202
0.253804392603704
0.2536684181530287
0.2535681306659196
0.2534495359271927
0.2532725353999722
0.2532001257864361
0.2531550808263999
0.2530646570421154
0.2529357517463492
0.2527456612489893
0.2526039795635724
0.2522239681023924
0.2512039970334279
0.2497390144447454
0.2494553581852708
0.2493143488548566
0.2492407859030564
0.2491505042332395
0.2490429924532047
0.2489934298530081
0.2489509034516252
0.2488060014514755
0.2487350084900005
0.2486297077200476
0.2486043076718314
0.2485665469637193
0.2484868030186619
0.2481970945208436
0.2473251973761977
0.2467156236047767
0.245994210897354
0.2435215542726928
0.2422475211903891
0.2415772093908059
0.2386663981776886
0.2381594010676305
0.2379319538150367
0.2377919236893787
0.2376047899948565
0.2374228996968637
0.2373794865461435
0.237198098752071
0.2370351855528249
0.2368963353602059
0.2367301265017998
0.2365363429062831
0.2364532359184645
0.2363887290597719
0.2362891607926634
0.2360713993391699
0.2359227116255192
0.235714743823485
0.235220483537984
0.2345431843546684
0.2344294776418512
0.2343091144361182
0.2342002370833454
0.2340681876583642
0.2339899687945853
0.2339514981694502
0.2338933158012017
0.2338492426859343
0.2338266143233898
0.2338068598657178
0.2336880644855822
0.2334380540685344
0.2332834786264174
0.2331187687746071
0.2327478568904124
0.2324337585052164
0.2322752328465242
0.2320651838726941
0.231990644534264
0.2318902915176045
0.2318431244200909
0.2318176506634748
0.2317282120360766
0.2316880588932882
0.2316617525893739
0.2315516795095642
0.2308356230407551
0.2300021613298165
0.2292436151829211
0.2285981745057546
0.2279178209422528
0.2268806616073124
0.2261990456857907
0.2260127099237534
0.2257841403554708
0.2255950720328244
0.2254683548387631
0.2252056632843119
0.2249343651260308
0.2246656199607733
0.2245485820576526
0.224382156071419
0.2243038178183513
0.2242840760410162
0.2241286699256861
0.2240306391366066
0.2239504585446303
0.2238401012807367
0.2237108826860971
0.2236666802146123
0.2236328303881132
0.2235788816153759
0.2234263610175377
0.2233514286879776
0.2233380226316045
0.2231787539676437
0.223102658364089
0.2230847943133512
0.2230387744752416
0.2228508218547492
0.2223900415385329
0.2220238097304973
0.2214818019498821
0.2199673577502118
0.2192218869462628
0.2182907319410578
0.2173885273164826
0.2165441009985195
0.2161903251004508
0.2159296645918926
0.215553290015809
0.2148311751999172
0.2145769293107305
0.2144157843558156
0.2139794044888857
0.2137105782265842
0.2133515189692331
0.213264397470073
0.2132164836998539
0.2131833596211674
0.2130961731465893
0.2130304332855736
0.2130044060933849
0.2129499419746074
0.2129163967956119
0.2128680346588169
0.2128239705543234
0.2127816062418208
