30.60789479879369
19.64484341721149
15.84141960967423
6.419002024841599
4.501690767594625
3.42788666682379
3.011374465752206
2.137334406858104
1.79698788359336
1.742894703068145
1.469664926641272
1.376551921731043
1.299123543534282
1.197340966167442
1.057260713669237
1.022634432097388
0.9797674461804834
0.9608959802054687
0.9021857905758878
0.8200672647603089
0.7964935162519799
0.786710426163187
0.7725891659456263
0.7506870180108778
0.7243900938714702
0.6965935208382943
0.6828390587391181
0.6781023911695161
0.6653553513244356
0.6574404132604785
0.6512906070102705
0.6438423321921219
0.6233129909479342
0.6022288676419227
0.5878791754986896
0.5677669966867436
0.5621115104758319
0.5578258044031422
0.5509145692034104
0.5436554350973961
0.5406462934506353
0.5395546912387791
0.5369178115286753
0.5341983181763192
0.5316465894652012
0.5251487747777442
0.4985472845855989
0.4784147693047702
0.4675836824255379
0.4575722652752792
0.4412532522577064
0.4327611130390777
0.4300642242123326
0.4263434190616635
0.4248960995352203
0.4241668500040271
0.4219454443340399
0.4204159634697108
0.4183843156743682
0.4169479982096851
0.4151787486676302
0.4140789461537359
0.412994961223496
0.4066694402514286
0.4052654529487295
0.4045637777815413
0.4036474956499948
0.4019465099237565
0.4013389611219719
0.3995510348026692
0.3972484944768104
0.3949128067091967
0.3928359505209224
0.3911199924063033
0.3890741988306965
0.3850447924811126
0.3809407467356059
0.3776586554887955
0.3752304119038716
0.3683276359595207
0.3655174393754008
0.363612866067775
0.3616536817120038
0.3591005932419213
0.3583019515446737
0.358100385723134
0.3578093537113204
0.3576334635238175
0.3571654750422227
0.3559102945875032
0.3548219569049594
0.3535546605196561
0.351833477482805
0.3505998452430212
0.3495131800367461
0.3476806323371847
0.3467202235297054
0.3464135844599491
0.3460572851979145
0.3458805177261585
0.3458250441401934
0.3454533151250363
0.3452675408739534
0.3446934128007701
0.3427505583836881
0.3406229684035298
0.3385739493025434
0.3374730811926768
0.3370070221181551
0.3316529144751971
0.3308620436629729
0.3305152230294309
0.3301017317566934
0.3296010485835288
0.3293869327459785
0.3289497278476175
0.3284194926216317
0.3278848747472214
0.3276083225668257
0.3272838574515083
0.3269161726227096
0.3265437776326096
0.3261913684342882
0.3257946757836079
0.3250621695952621
0.3241686884285311
0.3225538331079857
0.3203567400085129
0.3194118139459618
0.3188478073226445
0.3181465425136177
0.3177999866841495
0.3170370858466594
0.3163886168792985
0.3159938005491774
0.3155326419828313
0.3149989621748168
0.3145861228306188
0.3140888828479405
0.3135123486419001
0.3132949373858556
0.3130725653587864
0.3128024199042446
0.3125733172874328
0.312318182843607
0.3120162123372049
0.3117523827839206
0.3115364583362542
0.3109858241094104
0.309626044958533
0.3039775933895147
0.3019404833185406
0.3006898379830649
0.2994396431849132
0.2985097235149019
0.2977370852471511
0.2960958187627064
0.2953137110176131
0.2951031464761111
0.2946045609240824
0.2944961441068246
0.2943856274906547
0.2942214624673091
0.2941729750440366
0.2941028852074806
0.2940310364996815
0.2938591239351526
0.2923690218198065
0.2906418597472753
0.2891605560117808
0.288497384289349
0.2875841874316306
0.2867759852429528
0.2865602925960651
0.2861085341141671
0.2854576264450707
0.284922657946049
0.2846218393885485
0.2845459957888342
0.2839907858909004
0.2836955747924144
0.2835591078900017
0.2831398901360965
0.2829010588128942
0.2826815375918315
0.2817700855348746
0.2807594301393074
0.2804999474174955
0.2803195573543352
0.2801805241214437
0.2800146918713818
0.2798318627394354
0.2797107174152423
0.2796391321874607
0.2795202267643498
0.2793167295699325
0.2791729870690094
0.2790261956357801
0.2789380674439852
0.2788387722280169
0.2784920598329648
0.2781468261069964
0.2777548145454382
0.2775856432958645
0.2774060728829509
0.2768804257729497
0.2764812364871631
0.2759141419061086
0.2748765685508078
0.2743855945065461
0.2739413247945291
0.2736905156118409
0.273171393082596
0.2728360321304562
0.2718887471785654
0.2711298145447883
0.2698523394668213
0.2687505605174977
0.2685179214965447
0.2682649242841565
0.2681926991075701
0.2680998720407672
0.26801412423636
0.2678554890515612
0.2675584945766667
0.2669473610660986
0.2661748721916973
0.2656670408706499
0.2653706558074961
0.2650078726482792
0.2648118114731668
0.2646799368258554
0.2645438086483839
0.2642672016628945
0.2641168029355227
0.2640425861065516
0.2639872345858887
0.263953560596674
0.2639173185726681
0.2638696808667913
0.2637813043995219
0.2635403672440673
0.2632274541459368
0.2630595464347472
0.2630201281588297
0.2629661614150312
0.2629204530851981
0.2628834376012424
0.2627678129480998
0.262593229719645
0.2624411007012564
0.2623702128551557
0.2623182643679098
0.2621462985995252
0.2618969195900054
0.2617869263713928
0.261706010284366
0.2616491253859528
0.2614708343757837
0.2614154405810316
0.2613458169430533
0.2611536022268368
0.2609344248539232
0.260720250665086
0.2604907595979805
0.2601581062754927
0.2599121420911596
0.2594098878187825
0.258572624117508
0.2583967692990013
0.258348676434413
0.2582481902201549
0.2581593941506901
0.2580681788862901
0.2580149393981007
0.2579539128405076
0.2577212131241075
0.2575582336726558
0.2574548478441848
0.2572356345578243
0.257178377395092
0.257045945918708
0.2569623204288232
0.2568263630157301
0.2564133442204418
0.2558941203300406
0.2555149730932859
0.2552943455637918
0.2549831495969566
0.2548210676439398
0.2547373377349048
0.2546396057495215
0.2546180289663628
0.2545695824020732
0.2543739136309363
0.2542893006609128
0.2541936458189426
0.253912259884928
0.2537195484696505
0.2535956751053137
0.2533250858438557
0.2531315391577952
0.2529995898969765
0.2528016668029345
0.2526814975601377
0.2526506082520975
0.2526154146386302
0.2524990062418172
0.2523741726136778
0.2522372843188537
0.2521184683305642
0.2520021764321702
0.2518298587856665
0.2516860249856649
0.2511778064849187
0.2509702321620932
0.2508146915833979
0.2506715588370325
0.2501898023043103
0.249883402960854
0.2497139263182014
0.2494755491486203
0.2491422476115009
0.2490700364410987
0.2489819043067301
0.248935764751247
0.248877089328545
0.2488215279245593
0.2487254088863335
0.2486673652934871
0.2485235316144662
0.2484254647350556
0.2483693805844275
0.2483421581820452
0.2482569500383434
0.2482213929566908
0.2481985284196995
0.248171055580234
0.2480836997244568
0.2479563426314585
0.247932196171822
0.2479063665618323
0.2478728468732197
0.2478397389099167
0.2477406849675777
0.2476421213726322
0.2473794374922565
0.2465476684283093
0.2456175862545413
0.2448781190320651
0.2444178553457526
0.2442597114714063
0.2438380968349814
0.2435688528974128
0.2435192798696372
0.24335882277282
0.2433059747677106
0.243254799484107
0.2430788115529449
0.2426744852421146
0.2425073689626413
0.2423114580893954
0.2422110890133699
0.2421282466486947
0.2420457740782227
0.2417370060845392
0.241609260686948
0.2414529203898142
0.2413231538749582
0.2412588203270581
0.2410946853200952
0.2410054120179637
0.2409516946917747
0.2407467821781727
0.2406937456259849
0.2406629620698756
0.2406361961369459
0.2405570784515332
0.2404840076206931
0.2404565700301277
0.2403965223821031
0.2403203321325782
0.2402335880680266
0.2401553710810936
0.2400124788401874
0.2399205182786242
0.2396889187054944
0.2394914160966621
0.2393944244686781
0.2392663554083628
0.2391815993151104
0.2391343425082727
0.2391033198359001
0.239061762625956
0.2390470163250783
0.2390044071253928
0.2388136890387715
0.2387409026627998
0.2386940367677448
0.2386434813908054
0.2385386374110701
