55.20232693597331
37.40533746303122
26.99543710811662
15.9208606614128
7.255956886760949
4.715246432289996
3.803286355884931
3.067743598366568
2.159629161950527
1.808041099509293
1.695141607152088
1.623495314495823
1.518820984443825
1.478654644858914
1.419011076451027
1.336493355547949
1.245324754459
1.12694619290796
1.088028346999155
1.063938039525963
1.032583454285673
0.9819574385032109
0.9119951604966269
0.8660706457064079
0.8511581383023273
0.8224450898212584
0.8041730262934057
0.7910896987946077
0.7755712641060952
0.737832458105985
0.7164779008359292
0.7032525892224717
0.6950386459492828
0.6844071280111207
0.6556802582832855
0.6448368462698357
0.638721929259436
0.6308457883833786
0.6242460486509472
0.6184835002869208
0.6124955233642807
0.606198140540457
0.6008164006679217
0.5870655941854095
0.5761937640812697
0.5670177809664465
0.5547894029120678
0.5408393083617468
0.5273594350265719
0.5128308774206435
0.5048196567311265
0.5034023586995922
0.4946588074166623
0.4925231732243612
0.4900185428661844
0.4882249784629039
0.4869222715543008
0.4853870145608415
0.4829338100979318
0.4800857649790171
0.4782107015438905
0.4763087529196683
0.4749519103551295
0.4739320038163696
0.4727987327819653
0.4720148410677448
0.4707845738549626
0.468007222266944
0.466518713016883
0.4617863046207401
0.4560830220591575
0.4493546488535412
0.4487446301536577
0.4473934435821039
0.4465713947488809
0.446054625004954
0.4448149750435003
0.44320976951042
0.4418612079951454
0.4410550450835345
0.4406094676151295
0.439216198496409
0.4385252898198936
0.4381939527095456
0.4369597575436057
0.4363796293595353
0.4356333008472875
0.434287548827171
0.4326768814698653
0.427691676189646
0.4146807890327671
0.3991088554877927
0.3843387842384773
0.3823791388085315
0.3810699527865383
0.3798970127108088
0.3783919029842094
0.3779837627217209
0.3776295324849941
0.377099826092968
0.3765841434981045
0.3760794837325921
0.3749520144288108
0.3741985117570747
0.3712247281173058
0.3636738737085116
0.3538733113444456
0.3503564835383415
0.3466972886182364
0.3424009849004295
0.3405423194148527
0.3405199421665598
0.3387549679220114
0.3381922548175174
0.3377307693129698
0.3365613239254889
0.3357162045221077
0.3351444217794193
0.3344884973419323
0.3339845692061713
0.3337268973102241
0.3330603208209291
0.3327086869563513
0.332002071874476
0.3310490804030247
0.3304230497448135
0.330000846970013
0.3290867602631141
0.3283900963072623
0.3278247262081238
0.3263905562798276
0.3255914557281379
0.3250456953950751
0.3227548003301809
0.3224042314194245
0.322181886705817
0.3220861993542559
0.3218614547069116
0.3216844482804894
0.321455434810084
0.3208060765632328
0.3200965101641327
0.3185341716960009
0.3166507473457946
0.315642253779569
0.3152007505036638
0.3139644225393972
0.3135258181518691
0.3133101808160728
0.3130339946067251
0.3127144491603907
0.312575819409498
0.3122229084595777
0.3117019834654031
0.3112565579427953
0.31109346636221
0.3109128643024971
0.3106910742662891
0.3103397657589432
0.3099750542294384
0.3092043132971424
0.3080694119033285
0.3076851006900628
0.3076349143363939
0.3072957863540329
0.3071380166716236
0.3069989413716352
0.3066539192498397
0.3062146642898333
0.3057904193033674
0.3055817796695786
0.3049499342452435
0.3030025466523998
0.2972899896902452
0.2909031590434419
0.2860290711958899
0.2836487912527221
0.2821430806074122
0.2815861425770911
0.2802043893636659
0.2795978424438718
0.2788909353258279
0.277948254990306
0.2777780200860197
0.277542918504519
0.2772986035184256
0.276773147928996
0.2758032267315054
0.2753029645338789
0.2747375933983841
0.2745525575718632
0.2744047991662247
0.2742122459970948
0.273949584701018
0.2738661316583333
0.273758848399708
0.2736774838489087
0.2734659948984785
0.2731407301282485
0.2725764369683447
0.2723298377555993
0.27196341149745
0.2718122871449145
0.2717315922866114
0.2716336438375599
0.2713667464674075
0.2708267449883515
0.2702055684866217
0.2688319705860003
0.2683329994857223
0.2673920508483276
0.2669214564567173
0.2664021504281943
0.2657665041822433
0.2653928557869398
0.2652020125680008
0.264933467898655
0.2648511639892311
0.2648048356859627
0.2647368007407249
0.2646203418381899
0.2644621620488549
0.2642874842457348
0.2642146884400206
0.2641707750501723
0.2640263226195729
0.2638454986359919
0.2636595636852772
0.2635217647836949
0.2633394883700952
0.2632264190404175
0.2631544457928827
0.2629946113129596
0.2628033710744327
0.2627556950455466
0.2627268893512318
0.2627075056670853
0.2626271508760318
0.2625705621652961
0.2625403781517317
0.2625020728265693
0.262246636820225
0.2620307429192575
0.2619168503025501
0.2618455756871422
0.261326083805949
0.2603149423821198
0.2590870779015578
0.2556349169210931
0.2531096660016249
0.2518598436307377
0.2492079540493774
0.2473373831744397
0.2470931391594392
0.2467217804364597
0.2464689492663904
0.2463320095221771
0.2462103000506156
0.2460128122000981
0.2459138127192418
0.2458636199476525
0.2457942881831471
0.2457371917078443
0.2457147420037303
0.2455470678995018
0.2452698537799867
0.244987608613446
0.2448576934335364
0.2447965181951399
0.2447414954522188
0.2446742670584979
0.2445881994873856
0.2445267789719947
0.244450304459224
0.244245492662097
0.2438663800001019
0.2433426510354848
0.2428986629951309
0.2426557980366986
0.242584985938749
0.2423814731077161
0.2422982108192351
0.2422620679033408
0.2422124555513852
0.242130196259807
0.2420592339015689
0.2418217219221726
0.2416144346544167
0.2413649546157704
0.2412994009041714
0.2412293522875097
0.2411622375526752
0.2409460902530944
0.2408866570131504
0.2408002268145587
0.2407547797967579
0.2407269801836192
0.2406404130113099
0.240568532936455
0.2405051949060668
0.2402376455677919
0.2399991257236239
0.2398506233851783
0.2397106904097512
0.2393812215825833
0.2390273318811423
0.2386971848308684
0.2383374038968248
0.2378796708706125
0.2376863343631181
0.2376676763379701
0.2375382475572708
0.2374928248732489
0.237465350373002
0.2373685747881107
0.2373079517302151
0.2372770177471482
0.2372333301028272
0.2371911931305461
0.2371194111691387
0.2370591871946891
0.2370266795141363
0.2369994097272214
0.2369653557004558
0.2368577811422338
0.2367759078733123
0.2366362012962466
0.2365184713549043
0.2364713050127573
0.236430203361106
0.2363882173551249
0.2363604242378893
0.2363309414209594
0.2362494893026828
0.2361518262983274
0.2360669478565518
0.2360237104685806
0.2359895583519336
0.2358935078945976
0.2358365714660186
0.2357759288570284
0.2357469280804952
0.2357089917254083
0.2356901367609072
0.2356736348537179
0.235635561222205
0.2356122682029958
0.235583917318694
0.2355499796497462
0.2355199099525886
0.2354379144300501
0.2352642470156215
0.2345771418173533
0.2330513996767198
0.2285022913393376
0.2265436598900333
0.2227782694742871
0.2206996700684362
0.2196049743516419
0.2184996942202899
0.2179106119831331
0.2175190314491174
0.2169467629608542
0.2167066090119633
0.2165333913801778
0.2163328161382126
0.2159934911297748
0.2156953484973968
0.215555674405073
0.2154175811088664
0.2150680998758382
0.2148393428755494
0.2141675284114613
0.2137834341712948
0.2135490953127968
0.2132826625388091
0.2131347125601778
0.2130830071530951
0.2128869030336407
0.2128279641739111
0.2127720949375911
0.2126970152120739
0.212626241034657
0.2125658577115364
0.2124413987770016
0.2122793887656433
0.2120817136444434
0.2119488913019426
0.2118777940929612
0.2118363579550009
0.2118030803375584
0.2116859567125007
0.2116510701673247
0.2116164079059268
0.21156509557988
0.2115237630594166
0.2114475742184572
0.2111775151796925
0.2109143568682696
0.2106518694474506
0.2104947748571769
