82.42359985643547
53.35090368245496
41.21776203174726
33.92785034685205
15.51519691803936
12.13944312489863
4.382378460004556
3.756907961408976
3.502011085746878
2.464449768096537
1.769399462657907
1.675257220063122
1.547654105888132
1.471150735834754
1.369863787829379
1.171477492782254
1.105479241240447
1.038206994171099
0.9595459658827146
0.919485721022219
0.8924209997245346
0.8570430868534703
0.8373619254273141
0.8300803302544389
0.7978003193338128
0.7923514666095047
0.7895388088192098
0.7848426799818865
0.7619705858533853
0.7554355934391835
0.7481513029254043
0.729961278927432
0.655624320834271
0.6259432920914105
0.6094588170420043
0.6002785996452207
0.5921792002231008
0.5821092653112221
0.5761623254734459
0.5742141243145302
0.5683848174022809
0.5656241187129685
0.5625268584523657
0.5591116201655779
0.5552202278743988
0.5527919382995095
0.5494031013875131
0.5379902234723528
0.5345720161832092
0.5324781516606565
0.5303983300478815
0.5273618674805142
0.5245282352431548
0.5232481439393498
0.5199342458992668
0.5053562173965331
0.4949495893477373
0.4898806596572414
0.482455325333268
0.4792762602538597
0.4774504785504449
0.4761208936376588
0.4752304052575479
0.4740436885356986
0.4735071904855555
0.473245424882104
0.4725522026326569
0.4718982950021277
0.4700794247666082
0.4640534478175332
0.449522976949761
0.4286537931143792
0.418881502299115
0.4178681876737423
0.4119673773118783
0.4110405296158124
0.4103547640644954
0.4097512614168906
0.4089813289608552
0.4087613653109873
0.4084778629840852
0.4076895462917809
0.4060594836736801
0.4023549109379574
0.4000825563063093
0.3991615294492208
0.3970693947440292
0.3941740800146109
0.3924755149717912
0.3912428220993181
0.3896004028742059
0.3890887801781385
0.3888518715150848
0.38788033824601
0.3874062468479417
0.386790162092735
0.3858155129907685
0.3846895926325748
0.3837308223409903
0.3831964898259257
0.3826090358645792
0.381047842440314
0.3803120236562258
0.3788246345635615
0.3768683510772508
0.3758827867431828
0.3756706947931076
0.374291233671862
0.373976732054911
0.3735507032064858
0.3732073796248839
0.3727432507682517
0.3723194505640287
0.3719032346448019
0.3697728220334064
0.3669621618967331
0.3641670149972347
0.3629978039196887
0.3622707229702019
0.3615257071378089
0.3612819390736298
0.3606443761048355
0.3593510707857983
0.3586047413315134
0.357767199273276
0.356951473983672
0.3554060426372714
0.3521124181249121
0.3475143203442121
0.3448399102136516
0.3431829628897852
0.3410269229037912
0.3401170337265733
0.3397979784637504
0.338774748908672
0.3383132194686034
0.3373071065111918
0.3358510970585664
0.3355251725905535
0.3354082344169529
0.334992448894654
0.3338963730853763
0.3329208698667069
0.3324978367317769
0.3320016082910373
0.3310125578739732
0.3301416803682974
0.3295441701627367
0.3291581237276557
0.3282178817390483
0.3271591104585622
0.3257477814244034
0.3255648488588292
0.3253048297180143
0.3247925004245635
0.3243214710572657
0.3239215594489214
0.3235893793953285
0.3231275260539955
0.3228969652474136
0.3227159890049081
0.3224551816361606
0.3222581148176799
0.322199340436296
0.3217267568712492
0.3210786829859068
0.3206132054897896
0.3203201592594115
0.3197665955234862
0.319072104804365
0.3186961580996919
0.3185447644171823
0.3183874228052535
0.3182990559264505
0.3179725500885892
0.3173763438693047
0.3167267059217183
0.3158920859302232
0.3150438883226745
0.3145878991119389
0.3143194727100987
0.3139167355188838
0.3136790904754602
0.3135425975608965
0.3134225816407419
0.3132807215119102
0.312872947997183
0.3117530784111166
0.3105058560493765
0.3098718816095277
0.3097580378483825
0.3086324003227836
0.3079963465589418
0.3072648320752007
0.3063143152246495
0.3061578246498501
0.3060197520149483
0.3056565542537065
0.3053546575637865
0.3049794495369706
0.3045393854010116
0.304416155470579
0.3040289724354509
0.3034934703788863
0.3031373547743278
0.3028963724377268
0.3026845147582481
0.3024116526159087
0.3018344188718269
0.3012390834512081
0.2994584112568907
0.2970310421280304
0.2954721096509727
0.2942049985002771
0.2925018235356017
0.2915034498363029
0.2906290144172843
0.288613708331087
0.2881196375720556
0.2878772930433182
0.2876937231704965
0.2874787416634578
0.2872433822540459
0.2869595619230184
0.2867058759330606
0.2864804250588261
0.2861763617714431
0.2859879752439882
0.2858224279148429
0.2852328566403751
0.2848418340633617
0.2845634087276328
0.2838068286718199
0.2834604585197418
0.2832892512062217
0.2830587885876793
0.2829694992186466
0.2828643762503422
0.2826776254083193
0.2824112964274239
0.2821923049507747
0.2820678591848233
0.2820032342029739
0.2815728369541306
0.2813486249853545
0.2810146895141972
0.2807848152061733
0.2806025696202052
0.2800907799408192
0.2786903869778792
0.2773627279970537
0.2733193756259648
0.2683231750810499
0.2633232312094059
0.2607938091277303
0.2588663520841035
0.2581373699118187
0.2558151701460075
0.2552713582467744
0.2549919961116318
0.2546711459961548
0.2543429212181361
0.2541647006961951
0.2539222567585063
0.2536611744173899
0.2535535686892397
0.2534522201088951
0.2533005684765849
0.2531975174189923
0.2530525869273202
0.2529416460484088
0.2528242237281378
0.2527132736978221
0.2524199881442607
0.2518003355927644
0.2502648163403626
0.2462160385068931
0.2420802590672722
0.2383231818510881
0.2367802476464806
0.2354436106588103
0.2339817692920473
0.2323205145286898
0.2304060602869536
0.2290075599693932
0.2280729513223432
0.2264913880783952
0.2248672893910657
0.2238759951213708
0.2234092403059804
0.2231273808166963
0.2227200740274443
0.2223303987030462
0.2220964344812268
0.2218915261734452
0.2213231370536143
0.220751671861129
0.2199497485403343
0.2197870562129981
0.2196832306886532
0.2195926943154519
0.2193053577510526
0.2191326412127599
0.2187263678684381
0.218253536138115
0.2177373136802575
0.2174222548141862
0.2172445232505009
0.2167879251357801
0.2165216299754864
0.2164219108682085
0.2161522853384741
0.2160461662937183
0.2159993896997785
0.215890182600646
0.2155351626293817
0.2147638237204577
0.2138371912701711
0.2129027750479851
0.2120155119534914
0.2115268367388266
0.2110748039912809
0.2103698569164827
0.2099720154333146
0.2096857639673445
0.209432696947516
0.2093076924930121
0.2092391604956406
0.2091778856494725
0.2090404432348589
0.2088523610762904
0.2087278652991362
0.2086445054909066
0.2085300200737952
0.2084428761851344
0.2084061470307201
0.2082696440842611
0.2081214063978193
0.2079691062858089
0.207864946890397
0.2077886807812781
0.207530032670446
0.2067213064325767
0.2060493643918238
0.205685846526133
0.205163852640827
0.2049451155664743
0.2048899084188476
0.2047664489997388
0.204715264654576
0.2046624681249489
0.2045408075179633
0.2042687885764163
0.2041046294319744
0.2040403132458339
0.2037700827158272
0.2036703443364642
0.2034338690993429
0.2032882343448052
0.2032462874169731
0.2031400368645598
0.2030879479540789
0.2030152160919207
0.2029784952421992
0.2029588498401425
0.2028801538826326
0.2028470497410828
0.2027992135581518
0.2026846341794854
0.2025566267676559
0.2018798275798279
0.2010458019915357
0.200106318080633
0.1997098956886766
0.1994242584903525
0.1991811995285067
0.1990280196256239
0.198975395044103
0.1989005547891734
0.1988430944641247
0.1988103076055943
0.1987694422993378
0.1985962488773167
0.1985391471516683
0.1984028096396972
0.1983024372247059
0.1982069623157694
0.1980461333456908
0.1979275579537266
0.1977858364209623
0.1976648169470976
0.1976043718612707
0.1975552474777144
0.1975266920565175
0.1974568070999131
0.1973684413824562
0.1972661457061157
0.1972330749057052
0.1971634234471292
0.1970195407856486
0.1968289937826886
