68.54627660166857
50.09388077604319
32.22318325613166
21.23242017041535
9.156894309712579
8.482712706768142
4.628251023308937
4.327945087767125
2.902185470933877
2.017101732424538
1.889007475041365
1.451353852311833
1.334712185853745
1.232647285911341
1.112665308398059
1.050979850973195
1.008524985204222
0.9794392336040553
0.9361073456583574
0.9133222567376326
0.9021503796311677
0.8873814171706171
0.8762409745557178
0.8364221042370484
0.7947088583135087
0.7571712851357981
0.7405369767855596
0.7162990615979418
0.6929497762491406
0.6840319084330088
0.6790581308078715
0.6672954931164982
0.6422135327926976
0.6144927547878589
0.5866650637912961
0.5734709311820245
0.5730188923995195
0.5582998665192056
0.5537472383815256
0.5513951346888702
0.5480291374339205
0.5445559760713516
0.5430004961547172
0.5422685752991644
0.5369364145617228
0.5334486456477474
0.5296579532110195
0.5266011324496694
0.5192081194185036
0.5082375747406714
0.5032702749516305
0.5019161337871445
0.5005264888962908
0.4986209060913209
0.4966300269579685
0.4947949117239316
0.493047866478222
0.4828677847275318
0.469898606441748
0.4584790734433897
0.4533905280261661
0.4479180315124419
0.44238615395938
0.4349006855202495
0.4330891925476915
0.4313267192115322
0.4304223730559455
0.4291981442163387
0.4279885319385921
0.4271681326031173
0.4263567702509333
0.4244770746701764
0.4222499282568381
0.420046087340552
0.4183361280682299
0.4164322360543299
0.4107736190073867
0.403784606689593
0.3972528577971117
0.3919393002929491
0.385701295423571
0.380529344114415
0.3771297032575753
0.3728193418768824
0.3716247484888079
0.3709487955401974
0.3702068084206779
0.3693586662624696
0.3684868706055525
0.3676152672908885
0.3666165450559572
0.3656442653056551
0.3647814729726848
0.3638222837746599
0.3627999628739868
0.361336976990889
0.3602524384249408
0.358462042945166
0.3565355518661471
0.3554361247714954
0.3551241865623609
0.3547286716580025
0.354295423487498
0.3541246820670702
0.3540252334089574
0.3531303711550594
0.3525477850310201
0.3518428290765967
0.3511799262670667
0.3507651402663971
0.3503312840382287
0.346454921734917
0.3433291657736995
0.3419433432210357
0.3400682113743414
0.3392824861912224
0.3376465740153312
0.3366342115078829
0.335865537301876
0.3349309329716523
0.3340158603572991
0.3337600045039128
0.3334845255703553
0.3332629352498469
0.332652871168335
0.3319020729491609
0.331182203914831
0.330337499797376
0.3299758954830389
0.3296077257241976
0.3291787969203117
0.3287006239114809
0.3282489501464467
0.327876178007009
0.3275561126638962
0.3267632053864949
0.3257950311776361
0.32332621436961
0.3200660563092066
0.3182888452013652
0.3178801975949813
0.3164744210734586
0.3161796333779019
0.3157922573907707
0.3156323694549906
0.3155777302566488
0.3152017684789956
0.3150198986810515
0.3147994319132176
0.3143859768597858
0.3135451097434878
0.3126860268522959
0.3117848148887152
0.3106289494287695
0.3097376162910942
0.3089146521703624
0.3069722828047305
0.3057427801310308
0.3042898299727441
0.3034956506718968
0.3029867995104629
0.302343044703285
0.3012414262146711
0.3003321310487124
0.3001000464006283
0.299787393046423
0.2997071752768827
0.2995348807990225
0.2988302209730904
0.2984975162339466
0.2984424318313862
0.2980864584604825
0.2979035108360609
0.2976751323486562
0.2972871485238142
0.2967815210948478
0.2964663263382062
0.2962855956205535
0.2960208525568297
0.2958634784877548
0.295777636247701
0.2953958802974663
0.2953114858927218
0.2950423547593434
0.2941218085063438
0.2938439714547872
0.2934648392453561
0.2930905638566889
0.292789823723959
0.2921668462287084
0.2915555635151105
0.2912289882201791
0.2909611583569056
0.290638542542256
0.28950286539284
0.2888961648155203
0.2886092649496498
0.2875297275086189
0.2871826988528262
0.2870502362086877
0.2869252160942417
0.2867476676675776
0.2866522260773476
0.2865779637918857
0.2864789856354268
0.2863986211640024
0.2863459386160904
0.2862868436888922
0.2860969148559085
0.2854822283974098
0.2851582633265141
0.2847598056268225
0.2837455918676816
0.2828432491516065
0.2814331489019327
0.2804945927548472
0.2799597686254905
0.2799013552665724
0.2796485168333825
0.2795000087231933
0.2794101795806145
0.2793510158063565
0.2793124522600897
0.2792135819049626
0.2791530913053374
0.2790287025685909
0.2787405368915004
0.2781261116587794
0.2764883873028939
0.2750370861363262
0.2742924935763035
0.2732649745132587
0.2724832092342663
0.2719022873644933
0.2708777761518533
0.2700346143593377
0.2695932175329938
0.2694690637732327
0.2691787783284311
0.2688517610149548
0.2684979104769377
0.2684083082931919
0.2683179417320112
0.2681085354343857
0.2678626455706108
0.2676121461267353
0.2673000231600998
0.2671685247578868
0.2670685533746844
0.2669376390350939
0.266782805277496
0.2666562969281281
0.2665414446451362
0.2663641958709875
0.2662343412432048
0.266112191159617
0.2660374987928893
0.2658740994588855
0.2656967740078729
0.2655897367921602
0.2654873516562908
0.2651369782647127
0.2649533213218586
0.2648382680130403
0.2647164219755719
0.2645682825918959
0.2644362354583151
0.2643160727506135
0.26415938980106
0.2640152793429973
0.2639406893381582
0.2639315178617122
0.2638434338899006
0.2637722870371916
0.2636640741421999
0.2635435761937501
0.2634469408562635
0.2633870783077825
0.2633410740217555
0.2631989220580478
0.2630044723126264
0.2629841271771181
0.2629575049419269
0.262906638534924
0.2627827452313174
0.2625975170856333
0.2622945285885811
0.2621046394970346
0.2619904014595018
0.2618756847098045
0.2618034839364881
0.2617536378715938
0.2615318232470861
0.2614462804753018
0.2614154643067444
0.2613396166676557
0.2599646560311662
0.2585934849009555
0.253243623168925
0.2470137217182939
0.244706086640277
0.2419238951381626
0.2410948827804276
0.2409210212711231
0.2407909875203485
0.2407237379194089
0.2405762765604767
0.2404925553830573
0.2403773491244204
0.2403052472071526
0.2402020863050295
0.2401263814861452
0.2400330079392219
0.239993978731616
0.2399352959677245
0.2399043179219706
0.2398570459592085
0.2397212732702168
0.2396204301470859
0.2394837722947952
0.2391778956328718
0.2388615187241523
0.2386947391614388
0.2385384351776101
0.2384393091341399
0.2383187026641897
0.2377206355810927
0.2376041257058717
0.2375504413247117
0.2374721841522965
0.2374378078647494
0.2373910938635985
0.2373479487340901
0.2373115453687237
0.2371868118768204
0.2370384102545081
0.2369009616211721
0.2368464795320066
0.2368178324821585
0.2366712391334531
0.236074457823706
0.2354900391540266
0.235179336226586
0.2350323131120763
0.2346767594770556
0.234338241457587
0.2339857941315006
0.2335504063327603
0.2332306888377606
0.2330833812683766
0.232972586573076
0.2329040451929709
0.2328475535947777
0.2328126096256776
0.2327664600446673
0.2327238740040304
0.2326217938601426
0.2323502975600809
0.2320217112586003
0.2318844886276635
0.2318151380676815
0.2317846281850855
0.2317487966670447
0.2317153909170974
0.2316326078445319
0.2315353517520849
0.231267605836544
0.2311151373736675
0.2308975224910889
0.2308018404023255
0.230707050260194
0.2306639243237321
0.2306117042700794
0.2305620675721044
0.2305058515442946
0.2304441775455048
0.230384055876723
0.2303253136011907
0.2301926179521575
0.2300274202703141
0.2296689042208488
0.2291807037972864
0.2289816505855922
0.2289165656053848
0.2288388162914478
0.2287823271651708
0.2287056650024532
0.2286406867653692
0.2285912721846008
0.228548673310405
0.2280673689392433
0.227877826682169
0.2277488422891433
0.2276690871429423
0.2274052436118401
0.2272444788553017
0.2270889343894951
0.2264619098443169
0.2260013344248501
0.2256426099816941
0.2252396360418926
