109.7671240055304
89.85001746025881
59.10802173599848
38.22603102214847
20.41535305285644
18.59675945149066
12.87719840284411
7.808855441660768
5.220996056445888
3.612491372814552
2.478686464182847
2.041655493190157
1.843376869720886
1.731505685080838
1.585731342155786
1.438246632456162
1.373408955888664
1.35739878413027
1.207800924775013
1.145968183781945
1.113353042769125
1.084402809391306
1.018788933896181
0.9554735170792259
0.8779832314850032
0.8541413913002983
0.8428064619263798
0.8360247940456605
0.8218643970276542
0.7799754630914789
0.7650321632913948
0.758880219450299
0.7511158595275904
0.7365263519818834
0.7173935740032987
0.6997202752315324
0.6865265359037591
0.6790206164790775
0.6629825682259728
0.6435907887166538
0.6280641212755123
0.6157822530649846
0.6065045869070257
0.5849658234007774
0.5813193745121602
0.5735527108519952
0.5654824059394236
0.5567452245703496
0.5380865290113056
0.5231430853087881
0.4972203241695416
0.4803556258016869
0.4758387912968653
0.4730386106189571
0.4720802866270122
0.471506985684187
0.4696759531465786
0.4645499877256827
0.4540400465353412
0.4396612755364132
0.4353916435289955
0.4341359966966487
0.4335250285337062
0.4329021569500628
0.4292091237453431
0.4248858077361545
0.4211664633898002
0.4199260938710513
0.4188325419426452
0.4176767316238062
0.4146912766856351
0.4121775931647694
0.4080938577664212
0.4050029258076132
0.403926774576006
0.4029839880622206
0.4015856986715513
0.4002077406359892
0.3997210977416238
0.3992364991690744
0.3981253254002017
0.3966489274290291
0.3958159409955759
0.3955708198128864
0.3950588668380036
0.3949004160875086
0.3943621462221523
0.3932820582228375
0.3904321816401025
0.3870336517430423
0.3857494998999377
0.3851074582527529
0.3846209304238341
0.384060029490505
0.3822809352648131
0.3807953028119387
0.379142483652798
0.3773718235014065
0.3762236358171182
0.3755942334124912
0.3746611735642894
0.3740913010546804
0.3740143778708253
0.3733727978470819
0.3716639823395795
0.3708489386155173
0.370317270299424
0.3695287926090972
0.3675145638314995
0.3658803796668227
0.3641025671597714
0.3630549873481804
0.3625070043650388
0.3617604396557635
0.3609908805784836
0.3606745909778865
0.3602789185066131
0.3598844598804365
0.3595511746214988
0.3593664363968285
0.3591644893392701
0.3583614589164144
0.3579646115253747
0.3579009532780819
0.3577049737449503
0.3576013394647621
0.3574486328516346
0.3571355715733302
0.3567193677721456
0.3560795499796957
0.3556982663265958
0.3551269429390445
0.3549264752333569
0.3547777286508795
0.3545198900168067
0.354033869374611
0.3537056463941045
0.3531449551210926
0.3519038100109612
0.3510183489843207
0.3492021262175696
0.3459094132532661
0.343740777869665
0.3411768727161208
0.3383797124769582
0.3381253818614299
0.3379775926208629
0.3377607380771842
0.3376123171587424
0.337467149395528
0.3372643613919671
0.3369193346517717
0.3365954785780558
0.3357316228323437
0.3330509833552806
0.330612581035529
0.3275387322383169
0.3259540679329907
0.3256580320551424
0.324700048567598
0.324509975708981
0.3243953139952191
0.3241592723180837
0.3235343503650193
0.3231645861859606
0.32278296993362
0.3224737888587837
0.3219541579924659
0.321738085156571
0.3217248512756949
0.3216064837793158
0.321543023177643
0.3214046221899817
0.3205775957474708
0.3201297805771566
0.318969265006817
0.3180334786659931
0.3165931635849043
0.3158069365163809
0.3156669905116834
0.3151433048585348
0.3150053985269186
0.3148160845726471
0.314462884066749
0.3140654942542148
0.3137054398457325
0.3134797152831657
0.3133808827169149
0.3132326870817562
0.3131148772914615
0.3130001660543035
0.3120383971231791
0.3114937315993992
0.3113176156943633
0.3108315084091613
0.3105248829852356
0.3101018812116193
0.309885376726792
0.3097849912897865
0.3095484141615054
0.3094178493496528
0.3092760020876114
0.3089645146873671
0.3087592413505309
0.3084614343547865
0.3083868252699314
0.3082934091983633
0.3081923867997627
0.3079686368501595
0.307819960886587
0.307690827400292
0.3075733812232809
0.3074683504179972
0.3069539741987006
0.3063521649386814
0.3062714173191681
0.3062277562273741
0.3061647226440898
0.3060435731734387
0.3058923858574197
0.3056279519054802
0.3053197155030484
0.304964873300246
0.304800043026566
0.3047204232609125
0.3043800494797365
0.3041288601316612
0.3038048898077497
0.3031423956922361
0.302387963383515
0.3015905589767477
0.301129516825214
0.3007829585397575
0.2995243306422181
0.2992376911751272
0.2990605274963965
0.2989566369674217
0.2988179302210395
0.2987633372675719
0.2986870640808613
0.2986288601257258
0.2984762936190178
0.2982637711842625
0.2979545820994526
0.2978076161965215
0.2968316559783571
0.294545267229664
0.2932870702965811
0.2918900708515134
0.2888489324357981
0.2817857955728196
0.2726716886466973
0.2676951239408948
0.2661255694900407
0.2654841028075181
0.2653731858082014
0.2650663370054446
0.2647218320458078
0.2645269771783473
0.2644163370159939
0.2643290253546127
0.2641683339550703
0.2640126302655246
0.2639568479259286
0.2638969733654586
0.263816729311881
0.263745866481325
0.263619197834475
0.263515309874899
0.2633505972371438
0.2630812918323551
0.2629925021114242
0.262452047312383
0.2619582195812866
0.2617244023738455
0.2613873417106656
0.2612709968235872
0.2609621236581255
0.2608806981215034
0.2607792471659379
0.260757430898331
0.2606839625275788
0.2605982930162742
0.2604237971038584
0.2603012706097607
0.2598257607049303
0.2593882988218508
0.25882893535475
0.2581108717613718
0.2578087705694409
0.2576301330261527
0.2574076785438784
0.2573079651160868
0.2572459347870269
0.2572037061831019
0.2571178112743174
0.2570627200171607
0.2570049029085721
0.2568815361052971
0.2567222756950053
0.2565709239444526
0.2565168638716716
0.2563993882526671
0.2562351411953186
0.25610205967509
0.2560306580348924
0.2559864049491247
0.2559274854377466
0.2556980936007491
0.2554567370489642
0.2554150476485635
0.255291317372639
0.2551370410867455
0.2549539437049342
0.2549067180600361
0.2548736529074818
0.254830446591792
0.2547197908787315
0.2545943650471201
0.2545302869230519
0.2544354093046435
0.2543966468420376
0.2543859365532292
0.2543203319849422
0.2542971419065417
0.2542628643669663
0.2542286044642395
0.2542047484361047
0.2540401834369151
0.2520721285918032
0.2500935744948144
0.2481602841018339
0.2473343147532675
0.2473088820003012
0.2458486704709107
0.2453108626162153
0.2451776728037667
0.2451345981096837
0.2450699945073573
0.245046696289077
0.2449829256208008
0.2448328595520485
0.2446144416352904
0.2444340980968089
0.2442984195220204
0.2442032584546177
0.2440055027448094
0.2437180047860437
0.243647441281584
0.2436149345469318
0.2435329817345724
0.2434650137741388
0.2433478826230108
0.2432498003729776
0.2431400327177843
0.2430872243476039
0.2430356030398603
0.2429692036057718
0.2429284803348394
0.2428722048639258
0.2427629899270783
0.2426978366959775
0.2426510315907601
0.2424886903667398
0.242411947881379
0.2423639072430446
0.2422002849516573
0.2421134521783061
0.2419858336599063
0.2418726735637947
0.2418226257210283
0.2417500113539625
0.241698573901294
0.2416671265483157
0.2415643106898411
0.241336369333218
0.2407060534853895
0.2399267987287941
0.2393827495675313
0.2384755523370391
0.2377299407917502
0.2375445741631221
0.2374638017563105
0.2373463004854102
0.2373004853299586
0.237238988453284
0.2371794294415722
0.2371299080422382
0.2370618509897062
0.2369947366822083
0.2369647295117436
0.2369548986699901
0.2368782334277207
0.2368041316499304
0.236720681471541
0.2365307768028171
0.236228148086358
0.2359377756365708
0.2358649184075182
0.2358392970046879
0.2357285806179232
