45.75165753208185
31.13030331388509
18.52407761924514
10.56317345615427
5.240404151975395
2.893405215279566
1.971432799582708
1.559478103626967
1.432696047950255
1.349838381324794
1.186517424349051
1.120736130470165
1.076664378748754
1.013260024859294
0.9853170825617364
0.9760388856004324
0.9456691272646011
0.9287362780058193
0.911917742621038
0.8438873963799649
0.8091185703181587
0.7969567830782728
0.7531306380901605
0.7453359273697082
0.7406965256457098
0.7348128505435632
0.7228481816883049
0.7053138182258403
0.6938248361919526
0.6851746939283815
0.6757082119470647
0.6321969391403581
0.6134130273194605
0.6046382977189491
0.5934600154606972
0.5872115398482719
0.584728852191037
0.5780704468670872
0.5750677787226267
0.5732331097548595
0.5658991143698331
0.5587291751594676
0.552574604796512
0.5392620480022892
0.5057593718719622
0.4682969825839055
0.456022260375907
0.4513342631702098
0.4446826844870645
0.4393040676131417
0.4355954481310571
0.4315007347510053
0.4253118479018099
0.4229738819391145
0.4220395139042869
0.4211779801082666
0.4198428982448029
0.4186865710928362
0.4178224999523159
0.4172619878134448
0.415838879096434
0.4116691962878247
0.4075481904707818
0.4050795313121001
0.4016095077330024
0.4005963971846607
0.3995004289749722
0.3988568322795318
0.3979888961529681
0.3974818673760191
0.3970638298689642
0.3964409011249254
0.3961904456490722
0.3960060969672722
0.3954964872552466
0.3948139191057163
0.3942232366159584
0.3939319186835935
0.3938862841703339
0.3935530091454406
0.3931048049613584
0.3929364382542917
0.3922806984968159
0.3912178511009498
0.388517411071871
0.3850370391420161
0.3824624444102832
0.38191763282542
0.3811776065820877
0.3806941293247811
0.3802174170009892
0.3785757655546388
0.3762488573895543
0.3753625976308582
0.3748984588576785
0.3742769690896194
0.3735976740404622
0.3734790625607596
0.3731243331735676
0.3723900866110659
0.3699655279826033
0.3682775631004134
0.3671602376478573
0.3641503327401984
0.36171429167061
0.3601668584593266
0.3590587184446467
0.3576165933916721
0.3569059780177568
0.3564801974972828
0.3559435030774413
0.355424831760451
0.3549707974030864
0.3547022374932147
0.3544150985008424
0.3540288182862516
0.3537339221067664
0.3528136005532049
0.3520340565016409
0.351053851571024
0.3503851270561292
0.3499431679880592
0.3493517611491889
0.3491245247074017
0.3490669898243765
0.3488105023530128
0.3486490026506382
0.3485387109818188
0.3480493100839413
0.3478730133411972
0.3476393938880035
0.3472418274643111
0.3467679545463727
0.3462310378817497
0.345799211404154
0.3450116367070941
0.3432337402552503
0.3415179022573714
0.3398590837192648
0.3383719649901836
0.3369222247920279
0.3344760737699432
0.3307398075468578
0.3296625850650426
0.3282909893635197
0.3276797347418849
0.327637871955319
0.3270780860208408
0.3268624464974135
0.3267699681233858
0.3263789686107137
0.3262118537451729
0.3261549420377309
0.3256730837682893
0.3255100114619501
0.3252689815009595
0.3251356118978795
0.3250498410080782
0.3249308576040672
0.3248530860650264
0.3247981038529421
0.3244405546792365
0.3237852815829951
0.3232064202117489
0.3225170107225985
0.3207211338446527
0.3188427371047083
0.3074619188309585
0.3005019131453212
0.2968520236628988
0.2955278076750138
0.2946884433087095
0.2926512913825065
0.2908355334554402
0.2897151058082594
0.2885485257903382
0.2879118797412937
0.2875075476044719
0.2865048793952529
0.2859855040282923
0.2857573479167849
0.2854973369271594
0.2849922052123974
0.2843412548736965
0.2841234468608536
0.2839491668987278
0.2837404062466578
0.2834885374194834
0.2833306736649291
0.2832696209904285
0.283121424899863
0.2829879468787612
0.2828989184430438
0.2826832881149474
0.2824369577102243
0.2821517581348229
0.2818879360922781
0.2817404763875386
0.2816938505024896
0.2812978040709776
0.2808767250113889
0.2806215811243825
0.2804717416507008
0.2799269584156679
0.2796757884802386
0.2795742635311213
0.2794771409603896
0.2793565845333798
0.2792275365435398
0.2790775824433377
0.2789826230456763
0.2788879742904983
0.2784837313131457
0.2780691524363588
0.277872444623514
0.2777567166513432
0.2776042523999284
0.2773218731775605
0.2771825943806803
0.276818050733745
0.2764509202786273
0.2756518007604431
0.2748879852172132
0.2739063527104985
0.2715935962054463
0.2707780866885883
0.2697506496713392
0.2687468116768641
0.2681829603238005
0.2681485551958361
0.2678254067563419
0.2676605827496665
0.2675559964341487
0.2674889454502586
0.2672582379243683
0.2667965612202921
0.2664348331857616
0.2657459302924166
0.2651880680406828
0.265028694319022
0.264801784870871
0.2646975670883933
0.2645664413306232
0.2645042768531023
0.264458774027464
0.2642803915115476
0.2642247675491282
0.2641883615815265
0.2640782577208288
0.2636395256980737
0.2634245957121559
0.2633755886744014
0.2630223192096698
0.2628959722726911
0.2627627099816949
0.2624391020913717
0.2615105446406308
0.261205253528949
0.2608611984605768
0.2606697316111095
0.2602466608664217
0.2597376161789714
0.2593241933055025
0.2590462302864152
0.2587078969916918
0.2585543611146074
0.2584036383314215
0.2582529557855285
0.2580287457559456
0.2579315458920203
0.2578821986038636
0.2578130064026102
0.2577602221303026
0.2577286872544209
0.2576015817452534
0.2574939984696624
0.2573667474127527
0.2572356627424345
0.2571888093101101
0.2570666189798942
0.2568827473515699
0.2567469966866333
0.25671964060839
0.256645996711885
0.2565512817878672
0.2564325768825148
0.2563113276861421
0.2562471180119266
0.2562048616282026
0.2561026790443673
0.2560398927799835
0.2559575466563184
0.2559096625268756
0.2558624093484325
0.2556941439228952
0.2554994367969201
0.2554105305010044
0.2553862006466189
0.2551188349390184
0.2550549077944782
0.2550247305694844
0.2549426103953799
0.2546251523082397
0.2544702190049005
0.2539352702445316
0.2532398076183213
0.2530236700559859
0.2529541254005144
0.2528972265715947
0.2528260276398692
0.2527241046605442
0.2526487309276992
0.2525672309023931
0.2524780425647811
0.2523935937824406
0.2522222586924327
0.2518196294136924
0.2509814224437901
0.2486636413941495
0.2459204961618965
0.2430519820156173
0.2422230829133782
0.2413458285340234
0.2405130467114746
0.2396688617785674
0.2390374259574687
0.2385384949316802
0.2374963298234451
0.2364732871527901
0.2359662042940023
0.2352726083398625
0.2350561911188115
0.2348133778036414
0.2346193318495287
0.2340632593490261
0.2334320061905848
0.233150909753962
0.2325327194843929
0.2320267136152818
0.2317078875725235
0.2314249693509216
0.2312702472302184
0.2311189587075941
0.231035040034049
0.2307953989458502
0.2306624965933059
0.2305787441075653
0.2302980872723263
0.2299873767631809
0.2298768185248922
0.2297576036807924
0.2296927472130871
0.2296094476637817
0.229567460572416
0.2295059816224481
0.2294670752819146
0.2294184316762926
0.2293588913381819
0.2293106326724598
0.2292501270534575
0.2290673784022092
0.2288922419482575
0.2272504658124544
0.2265248100364875
0.2265114426999554
0.2255544825017821
0.2254530374915213
0.2253135511648457
0.22518961401713
0.2250988747723212
0.2249773687489667
0.2248398694922522
0.2247764060984433
0.2247667117512705
0.2247233508334726
0.2247023862548146
0.2246737099212967
0.2245983295031697
0.2245220207797498
0.2244169559296498
0.2243337390507061
0.2241507908599485
0.2237138328932107
0.2233549137312785
0.2232115709376041
0.2230551863895938
0.2229168088538982
0.2227520633201078
0.2226757410175014
0.2226518811033953
0.222554696523227
0.2225117686763617
0.222491546669725
0.2224302098352627
0.2223684725794665
0.2223301104660969
0.2221630427517388
0.222077045961353
0.2220087197251648
0.2218328702951175
0.2217370110046921
