110.3607070159439
68.5685582166611
48.26523010607202
43.39440539505265
27.71328551783983
13.75856797993761
11.96516049454828
10.45214879424891
5.045895208265581
4.315796069356929
3.558862570291685
2.541087018674047
2.147271595845439
1.918849201636797
1.683402268553799
1.389881014372909
1.252622658134135
1.184300265812206
1.084622809044437
1.023530809021541
0.9764144858022656
0.8893514925711624
0.8066660844261828
0.7811183208004018
0.7605870508487171
0.7300292026525101
0.6974064885095155
0.6772102430346235
0.6695725490712379
0.6556954859463439
0.6442452178974349
0.6397177937944553
0.6245393499231218
0.6068396174231806
0.5882310052690344
0.5773642040450729
0.5735511334450479
0.551858288261541
0.5377438563865612
0.529101460351058
0.5215085354050973
0.5101446753660518
0.5047128241796499
0.5037718760783626
0.4977169521643029
0.4963736316560937
0.4948365583364899
0.4904926428259934
0.4847515707819361
0.4751628211544322
0.4648574938100353
0.438762052108094
0.4225116037118308
0.4075593310950613
0.3987258766373616
0.3945778520533538
0.3921655678881142
0.389269547701628
0.3883215054362205
0.3870707989501748
0.3859511164795837
0.3852998859811891
0.3847961177197792
0.3826310604744578
0.3823933754741285
0.3821934875367533
0.3815310721310082
0.3809581819822845
0.3800505598298234
0.379636875224116
0.3795369596351522
0.3791299735532455
0.3789937001151891
0.3787222593141776
0.3775496590055465
0.3769210230310755
0.3765593947526955
0.3750728843670018
0.3746646607375177
0.374403848970068
0.3740416087197918
0.3736665418112762
0.3734935376051252
0.3720602870534334
0.3705168426554105
0.3657438160517479
0.3605878365453634
0.3582483332455051
0.3577341559885068
0.3522236642471237
0.3512924499047368
0.3510420185021259
0.3506707301273967
0.3505109105936395
0.3499822719008347
0.3493768070608259
0.3489643809293069
0.3486867859638744
0.3476370367884575
0.3470053975292953
0.3466421908121203
0.345288484021107
0.3446569613977443
0.3445884783218194
0.343929655694137
0.3437095096213183
0.3435067974187141
0.3429352606263584
0.3421414029672821
0.3419887305264741
0.3418598601582707
0.3416692296386204
0.3414611304278926
0.3413244517122259
0.3411557166654577
0.340671094123356
0.340081859401244
0.3397147175069801
0.3393931271688181
0.3382968224921645
0.3367935063020958
0.3364691393662107
0.3363059552658051
0.3359438763361955
0.3352133645418626
0.3341657340748323
0.3333742628113877
0.3325496733032878
0.3320977188385276
0.331647373479924
0.3310512222391074
0.330393164821794
0.3298898627914136
0.3296069237156152
0.3293655159308633
0.3291114857766517
0.3283659391897472
0.3264407044064629
0.3235198892666366
0.3222163299670617
0.321667239050702
0.3208795967649301
0.320579953594104
0.3204729358096141
0.3202210997337468
0.3200486722543874
0.3199503852751037
0.3196695380148625
0.3187319984521662
0.3183637097739743
0.3174281701007535
0.3167702751826443
0.3157795203741222
0.3144608269836075
0.3138855394636505
0.3135150399096939
0.31322086008112
0.3130630033328382
0.312893187338705
0.3127972634904693
0.3127564634805872
0.3125962344421326
0.3124668164670974
0.3123572434045385
0.3122472483124274
0.310704015593308
0.3092142406184618
0.3076408444775104
0.3060210685395232
0.3047382195877043
0.3032611266537571
0.3016654809809453
0.3003891034666502
0.2999741258993571
0.29977449935628
0.2996904674235363
0.2995912693726116
0.2993856241519025
0.2990957092087352
0.298864621497321
0.2986332929926422
0.2983931542921652
0.2981885191157511
0.2975098458129191
0.2966935491934353
0.295960181294342
0.2953307062371022
0.2950637753610743
0.2944193307852814
0.2939653684112606
0.2931439408981668
0.2922920542132799
0.2917875755155137
0.2916975552422147
0.2916157209379884
0.2915170377402638
0.2914369534675962
0.2913132515555034
0.2912038461199326
0.2910844277187758
0.290955292118346
0.2907327423727169
0.2904085997142659
0.28965495649892
0.2891683592136509
0.2887718198167729
0.2862415180993959
0.2843990573932365
0.2837970518023088
0.2834354919557613
0.2832577798647652
0.2831604103177037
0.2831031759035166
0.2828629761799143
0.2827565672395828
0.2827025779778106
0.2826231933700322
0.2824650727370905
0.2823090724281085
0.2816113772525444
0.2811016446597143
0.2808508444868434
0.2807344125894651
0.2800350941812449
0.2796287221589102
0.2795498539610762
0.2792826523430358
0.2791813134125509
0.2791232148319029
0.2788832143604874
0.278332761630134
0.2778667700222297
0.277175425473064
0.2769364192345636
0.2768067067099318
0.2767864588188053
0.27663180790769
0.2765170640348218
0.2764330633021642
0.2762237511296599
0.2760735799484486
0.2759659004899181
0.2756927785248622
0.2754287950680118
0.2752681594372191
0.2750549797955855
0.2749502916395528
0.2748968731479977
0.2748243529060266
0.2747162146744487
0.2746147652523201
0.2742131900005785
0.2735129346500865
0.2727886690342179
0.2719380836854505
0.2710368996722074
0.2707288213641358
0.2704280651043242
0.2695146196146848
0.2666666801795464
0.2663514836850761
0.2659082387732788
0.2654913194040234
0.2651232793543232
0.2638694650068575
0.2636545709380584
0.2635202424629894
0.2633826450576315
0.2630921032689198
0.2629006494211965
0.2628653308140691
0.2627906368996518
0.2627060722717428
0.262497266457157
0.2622760598531264
0.2617597693035672
0.2612600788414923
0.2605112136124962
0.2598928612897025
0.2591855898446571
0.2581108805844851
0.2575406921728837
0.2567198721910153
0.2559278676459712
0.2551320448876128
0.2540356363269148
0.2535115025884054
0.2527647964622001
0.2524343415790225
0.2521682364145499
0.2518333038185563
0.2515542081697015
0.2514482656800966
0.2513679883666155
0.2513248658758838
0.2512729879497339
0.251245919681839
0.2512057596028352
0.2511678073705072
0.2511358857351952
0.2509367826495865
0.2501036026226184
0.2492380584392021
0.2491804823405369
0.249104964717049
0.2489152418195903
0.2487553090726731
0.2487054432564775
0.248630863511783
0.2485797120829242
0.2484409471661992
0.2483514347696649
0.2480875640113858
0.2477759064478439
0.247707635295304
0.247606525281712
0.2475434676290464
0.2474870244772936
0.2473956895801598
0.2473384185748525
0.2473010361607613
0.2472453008383458
0.2472101362913055
0.2471913918634733
0.2470479131527138
0.2458978097374015
0.2452003981599633
0.2425465510478231
0.2394540989420315
0.238624570848066
0.237775014801072
0.2370275407414622
0.2368804758658379
0.2367957416649444
0.2366915832310637
0.2366011110416479
0.2364783938360976
0.236404444353354
0.2363528672372429
0.2361442820527366
0.2360935806893208
0.2360370631083173
0.2359162476110188
0.2358308941269227
0.2356901410034848
0.2355392644735924
0.2354275040972539
0.2353725898308141
0.2352215599893464
0.2351765512165394
0.235116331343504
0.2350089145004108
0.2348710937470397
0.2345982443862645
0.2342881428538091
0.2335601209433051
0.232504793985491
0.2321543066295149
0.2319396874266942
0.2316197515575612
0.2311836107749035
0.2309934856943665
0.2309057527313464
0.2308622830038735
0.2308032520145329
0.2307438227417088
0.2306805284312648
0.2305263926359503
0.2302434770219557
0.2299692379722828
0.229552143408019
0.2293269372315042
0.2292027832823334
0.2290248960075724
0.2289464216548831
0.2288738314785413
0.2285843607981579
0.2284839067778125
0.2283531944158166
0.2283198340222642
0.2282867100833948
0.2281799754216758
0.2278877009509082
0.2277184769002409
0.2275209150831187
0.2273707905125322
0.2272707624524172
0.227071360140005
0.2267081187900385
0.2262650993315799
0.2258202836897185
0.2256645298932266
0.2254990941420971
0.225098957907478
0.2247507981857121
0.2244614423993061
0.2242140298519765
0.2238838634122102
0.223832523430848
0.2237117450323203
0.2236609571152003
