83.6648232813111
53.50917892067521
30.94624122539107
15.08406236089928
12.15457609089184
5.838570316145207
4.664587228105681
2.902482542104661
2.192947196795358
1.965451157648945
1.354348913340512
1.221208821172477
1.156391591363154
1.107824375718304
1.06661737429676
1.011058255611287
0.9948112263976358
0.9823435693144075
0.9613880352595019
0.9393426402607632
0.9249835617525858
0.9153025881668624
0.8940465490572092
0.8573464433969434
0.8279460752168537
0.8158985419413466
0.7916519591334098
0.7739973282794964
0.7618424156148786
0.7449177550109682
0.7290439207063575
0.7245170463189494
0.7199392092802605
0.7097454499722281
0.6463475789590929
0.6112760777779015
0.5628574740182879
0.5492890882232132
0.5453826003255143
0.5432901742775459
0.5408242964131931
0.533998413049668
0.5289765890812276
0.5253755508033969
0.5220408373244561
0.5197442623396041
0.518486394756653
0.517504271799751
0.5133542822488429
0.5119930123307969
0.510766049769231
0.5091326336951545
0.505354470112844
0.5009900842032108
0.4969317775197464
0.4950499853405783
0.4926509656976254
0.4905750955553642
0.4886921752450858
0.4834922451014347
0.4762038450964733
0.4686282847229068
0.4679468473404344
0.4671915999994439
0.4668457293761322
0.4665205099561399
0.4629942919533755
0.4613587620428952
0.4601502924392381
0.4578654588894712
0.4554130941527773
0.4543745911011249
0.4539569082128938
0.4536273490098154
0.4506675437928332
0.4463979593227534
0.4433591710705639
0.4424539416406417
0.4419915892113806
0.4413910596995089
0.439880627051557
0.4382005829084377
0.4361740878859388
0.4354059722757769
0.4345996394405608
0.433812969376882
0.4319727263173584
0.4294200094331178
0.4285814612373833
0.4281942032467808
0.4274264112052126
0.4263760018245581
0.4253924195354455
0.4250288755676357
0.4247008473202152
0.4236222736016361
0.4161822808858953
0.3882416394565828
0.3746399342861486
0.3660823359101741
0.3584420922728604
0.3495500392403842
0.3482972719953773
0.3466141499090017
0.345312347328031
0.3436720210000017
0.3426001492621725
0.3420711495921248
0.3413124873534956
0.3410255819041111
0.3408724847062976
0.3407270217674527
0.3400924488460461
0.3397573257392724
0.3396586904618393
0.3394101390145269
0.3392129795691463
0.338539599227883
0.3360351739812715
0.3348820646132563
0.3341303698494164
0.3333880535747167
0.3323582987586185
0.3322032071491565
0.3319736631991971
0.3317634934569411
0.3311958794482749
0.3300987298584195
0.3292956606682784
0.3290333461100367
0.328797867186355
0.3285241792014729
0.327933382405339
0.3264678955264648
0.325716943413585
0.3253223550909879
0.3250849627910254
0.3249387140787444
0.3243293041734918
0.3240097562838266
0.3238137488957361
0.3230067964611328
0.3228745042029388
0.3228303379847017
0.3224690085675894
0.3215484527483468
0.3206709767977327
0.320411950676659
0.3194823822423569
0.3142538593579262
0.3075417167387975
0.3063571982177419
0.3055533047111295
0.3051494607024495
0.3041642056461424
0.3036927634232143
0.3032310178953398
0.3025558492855131
0.3022838933511161
0.302156803431742
0.3018121266881026
0.3012998577452816
0.3011535203665825
0.3010391199435219
0.3009756387317647
0.3007728510160712
0.3005336191087579
0.3004295530123308
0.300278521653303
0.3001917400664773
0.3001389150151375
0.299995551415277
0.2998399134457212
0.29979562532972
0.2997592506596437
0.2996674736948986
0.299421119736939
0.2988404405441245
0.2975653256221206
0.2948758716920563
0.2921121339644575
0.288845633344213
0.2876202635019842
0.2868983915009392
0.2862418843961948
0.2847312678800259
0.2837932259973865
0.2829990370921041
0.2824676391234958
0.2813772270358008
0.2802770622202967
0.2796619577231864
0.2788615073753466
0.2783888445816633
0.2782071619735541
0.2777477455852113
0.277581657366023
0.2773454122341263
0.2772909139419705
0.2771338373030804
0.2766511428978382
0.2759764029207668
0.2756649729003655
0.2756045926928754
0.2753484945576645
0.2752565433270918
0.2752106973206326
0.27504008695478
0.2748802838159694
0.2746981761699737
0.2745770142062238
0.274499411659384
0.2743436093894492
0.2742088795807565
0.2740361687502734
0.2738369580695788
0.2737298939743429
0.2736567111909033
0.2735067335048283
0.2733719335310675
0.273307211977842
0.273210938687461
0.2731571413258155
0.2731203181912611
0.2730295858259212
0.2729405661153185
0.2728949525031397
0.2728590253810507
0.2728091469590667
0.2727659583775756
0.2727137568468557
0.2724620863482943
0.2719156330898327
0.2707756424574077
0.2684193146935159
0.2672324105632282
0.2668863233214298
0.2653806401963913
0.2645639617664172
0.2643973789287987
0.2641909037507573
0.2637246690725977
0.2634262987857326
0.2630749847947608
0.2630062977316777
0.2629683544075541
0.2628787994412736
0.2622677538419541
0.2614801139756854
0.2612490966706274
0.2611062299882336
0.2609504834580086
0.2607540257401423
0.260559774614998
0.2604665817383765
0.2603808983437091
0.2602646492562138
0.2601362909667926
0.2601070707668069
0.2600655297598359
0.260035392336172
0.2599328627513046
0.2598179099245977
0.2596864329605044
0.2595783502170281
0.2594872252185273
0.2592932614385651
0.2587787925270074
0.2567382990814867
0.255215046609163
0.2542486426451713
0.2528338638131725
0.2523043513753739
0.2522619169978806
0.2518931491596908
0.2518187451477276
0.2512877097325468
0.2510678669953952
0.2508427361929419
0.2507344081462779
0.2506047046904357
0.2504579430970126
0.2503259054360693
0.250190474504096
0.2500469139951638
0.249910299776163
0.2497889456710748
0.2495446622683957
0.2493730844278674
0.2490413670555245
0.2487250738519685
0.2486138669225285
0.24847601514766
0.2483521691584607
0.2481997304492996
0.248135095552572
0.2481232019919561
0.2480037861642909
0.2479793911736721
0.24789299226999
0.2477838880471617
0.2476991443053682
0.2476373885553687
0.2475643481641948
0.247453844895894
0.2473536735858203
0.2473210362064179
0.2472801066031602
0.24726091623322
0.2471439827598668
0.2469930062052641
0.2465532754000417
0.2461343193095153
0.2456833716373739
0.244906373172776
0.2438112088155001
0.2429437690654168
0.2426410049902966
0.2424665898744643
0.2423529868763425
0.2419487330601845
0.2417902158915124
0.2416917819225295
0.2416427716322333
0.2415368921722267
0.2414246814723316
0.2411217543439302
0.2408728240735009
0.2406995033442058
0.2405198806872718
0.2401997966049569
0.2400460467331802
0.2398963539003881
0.239747883827298
0.2394232262536039
0.239289138754498
0.239253164064617
0.239157927161236
0.2389250668094347
0.2387590296377518
0.2385294890299668
0.2384602240058176
0.2382543190989085
0.2381321273621146
0.2380588307682318
0.2379804887042022
0.2379206192434333
0.237815712998631
0.2377157889836818
0.2376731057873531
0.237647032973358
0.2375860518987326
0.2375124528365787
0.2373605460956537
0.2371882407116294
0.2370134132745136
0.2368161420327193
0.2366512444887167
0.2364686123107025
0.2362804503841344
0.2360793904923602
0.2359698510777121
0.2358781593047302
0.2356247925595991
0.2353141409737265
0.235044408926632
0.2349121734040164
0.2347392276893654
0.2345484371346896
0.2344768189756287
0.2344205487038943
0.2343823652397342
0.2343257810069898
0.2341194917571694
0.2340114860690992
0.2339219295307846
0.2338578162013144
0.233531894309265
0.2330750732652373
0.2329801687409893
0.232921181825824
0.2329011103596109
0.2328718427463401
0.2328132758526271
0.2327749763679869
0.2327179200920484
0.2326744200558509
0.2326284769430909
0.2325860777990447
0.2324852135637025
0.2320757565868002
0.2316447469642295
0.2313304799360374
0.2311684656417062
0.2310073842891852
0.230899825746605
0.2307872748290577
0.2306672885829978
0.2305503364053169
0.2304367021802956
0.2303308195210995
