30.75017341755848
16.51341552596726
6.41719909930693
4.985038050591877
3.106197041270035
2.194462319794645
1.914549661409231
1.775667570698239
1.600789392331089
1.504755088834019
1.44710651172689
1.246207595471249
1.192018899737789
1.162921369795406
1.123004696644659
1.091599542858531
1.049862983010831
1.010161972896085
0.9765359134279334
0.8856210504658559
0.8422104361548638
0.7766156882708405
0.7308469506359763
0.7101200509994066
0.6952704253510038
0.6660304816284717
0.6591052849007639
0.6483554726957456
0.639472858242454
0.6350010709166171
0.6282103297994376
0.6070536651514817
0.5973139890512822
0.5928905561263292
0.5899880144944543
0.5878121565807709
0.5822656114642665
0.5790827488199908
0.5753708552814412
0.5716574239512953
0.5675804988305173
0.5576661682423726
0.548520248276633
0.5242593895397145
0.5092101594697716
0.4976440855734394
0.492464785171254
0.4869015011912444
0.4826690601872589
0.4775533430784641
0.4707068190014523
0.4661772190530699
0.4641343017410734
0.4622869462078964
0.4607101305598528
0.4582907248002308
0.4552536739869963
0.4543296968911724
0.4531752729349894
0.4519410585769651
0.4505747757322108
0.4492881353112821
0.4454204676021871
0.4385424024539644
0.43312050356023
0.4267528674992991
0.4241107577474734
0.4226337755936493
0.4211011996798573
0.4152962268475284
0.4110822614506837
0.4074656472088492
0.4022091369550526
0.3993253158320783
0.3970496091956844
0.396313724379625
0.3947325226566905
0.3929188792948145
0.3920125027858443
0.3908355539911115
0.3899666725800432
0.3893414783128665
0.3869225355621638
0.3837830914151435
0.3825242533081418
0.3820157343407425
0.3809578262829438
0.3802954826441598
0.3796390632986186
0.3786642665199475
0.3782620203346879
0.3780608662306389
0.3773388693884314
0.3771927701183062
0.3770032391137522
0.376661699400622
0.3755972012766243
0.3728265219699274
0.3706492725333992
0.3677683143857253
0.3613332160502785
0.3548931069651625
0.3491098636574374
0.3462354104589009
0.343173540188782
0.3417767724762887
0.3398013624944884
0.3387465030487254
0.3382903284863444
0.3365228497049846
0.336230554425885
0.3360647602975751
0.3358793439863972
0.3352840029835634
0.3349776522048573
0.3348078650020307
0.3346118570123778
0.3338282376608226
0.3331326650997138
0.3327880013517762
0.3323695280315049
0.3320455136348783
0.3318877445510044
0.3314079898771426
0.3308627206785827
0.3302721033728773
0.3296817727398442
0.3294232858594627
0.329409180283452
0.3289040279336105
0.3287335871766358
0.3286633735520497
0.3285742714294845
0.3283304727063637
0.3276404856066839
0.3269142048380335
0.3242677770984299
0.3230873757536279
0.3217895028740748
0.3202323683094053
0.3197256113016843
0.3194208570843234
0.3191003116675848
0.3189198381392644
0.3188187403210415
0.3184617328304923
0.3182603698425894
0.3181192198640074
0.3179591919964819
0.3177753609349299
0.3175651543739453
0.3174418741678685
0.3173575035078398
0.3172815596790534
0.3169707364023989
0.3165643867553419
0.3163139482903717
0.3161317015279422
0.3158790552073059
0.3157547149297802
0.315717784188517
0.3156415217156476
0.3155444494879689
0.3152871825102932
0.3145700912971178
0.3125113629189398
0.3099107982750898
0.3080829809765901
0.30682589622168
0.306251946513628
0.3060215582098691
0.3058122840461656
0.305520385217503
0.3052340688332549
0.3050398397773383
0.3049174148623219
0.3046178931422152
0.3043011460916681
0.3041580417084692
0.304000660800079
0.3038499859761627
0.3035623538396267
0.3031999711394612
0.3023977248881568
0.3018231079351354
0.3005850711293906
0.299470209545885
0.2990531675007121
0.2989072085311671
0.2987683808876929
0.2986033352147308
0.298393178167543
0.2982571663208003
0.2981492625348626
0.2980407802577495
0.2975776995766952
0.2969286369292221
0.2968129924722744
0.2967402778541609
0.2966728135361528
0.2965231229003962
0.2963056232923073
0.2961898561615914
0.2960976647134251
0.2959124909658309
0.2958090071448162
0.2957540756619866
0.2955811775525186
0.2955043087183957
0.2954425576282161
0.2953329082105101
0.2951002227431406
0.294981641973817
0.2949004531043586
0.2945844778538028
0.2943627698157981
0.2943061376481627
0.2942320015098492
0.2941675143263678
0.2939219041615686
0.2935403236196797
0.2930806941919595
0.2922816288480181
0.2915408275508382
0.2907655895142056
0.2897344429809031
0.2893906032314977
0.2891943539032716
0.2890723199638353
0.2887564255371508
0.2884057713246477
0.2882175486952361
0.2880093352759323
0.2877516573741451
0.2876686219844289
0.2875750529864725
0.287466545854906
0.287353557895941
0.2872522998693769
0.286973828341245
0.2863154189357519
0.2860075832028668
0.2856862934924611
0.2847270854066127
0.2834556006324223
0.2825886969508874
0.2821149935296012
0.2814419542416507
0.281125999760419
0.281052191485829
0.2808457785416571
0.2807687835063692
0.2806694125557929
0.2805035784020888
0.2803321686398692
0.2801080556578439
0.2800130770076483
0.2799825217146271
0.2798658239469921
0.2797935239108643
0.2797582865684062
0.2796092262511546
0.2795163319654202
0.2794486472971048
0.2790844648079777
0.2786332541975561
0.2784569754849745
0.2783842284377297
0.2782803353793191
0.2781796096077881
0.2781192006301031
0.2780674122605224
0.2777682490522012
0.2775599038265311
0.2775029832421015
0.2773800067596023
0.2772482008198021
0.2770785498716526
0.2769491162203229
0.2766992498841495
0.2760260710774973
0.2741786564385731
0.2719323641147315
0.2700463785575143
0.2674181575728393
0.2669780506567871
0.2667731977250041
0.2664875016110864
0.2662356614798695
0.2660132198418121
0.2656670975325333
0.2655169566201795
0.26530181961564
0.2651532876554304
0.2650202991881532
0.2647875294424605
0.2646898153928528
0.264575157109126
0.2645129205397152
0.2644497745732812
0.2642263303404678
0.2641626768868541
0.2640836796893015
0.2639522023255318
0.2636695347651443
0.2623867497543689
0.261964494137946
0.2616977961712926
0.261513397938398
0.2613556893921155
0.2611288816468701
0.2610263719589269
0.2609719474691873
0.2608995974220117
0.2608472119953039
0.2607177555938584
0.2605419384586261
0.2602221881733406
0.2601018532982146
0.2597703778291602
0.259052171386968
0.2585767484423822
0.2577673727421518
0.256153557786465
0.2550715822985752
0.2547276888923345
0.2543360447741837
0.2541981831128837
0.2540858686613449
0.2538914411931379
0.2537038735000705
0.2536425391603158
0.2535723591335154
0.2534848272219368
0.2534054973991587
0.2532742971069226
0.253179382678769
0.2528638234633882
0.2525333886361732
0.2524516451095605
0.2523904554180825
0.2522258411418369
0.2517404947361625
0.2512237200095039
0.2505970983991263
0.2503484340498141
0.250058503990196
0.2498687881103718
0.2497327205051999
0.2495706460496884
0.2495003392594287
0.249439318326314
0.2493377186718237
0.2492920262710582
0.2492620951283074
0.2492242871740042
0.2491864429999132
0.2491417749086168
0.2490264483396318
0.2484728002263261
0.2477272308883235
0.2469918149252511
0.2468061051188183
0.2465694101862886
0.2464738673974642
0.2464538364747868
0.2463112224790651
0.2462576045018799
0.2460680785508114
0.2458764008856969
0.2454323941343284
0.2451865157140394
0.244927870794421
0.2447062676072041
0.2445486360241543
0.2441637000559517
0.2437942056395012
0.2432960124606371
0.243107073012738
0.2429329036658264
0.2425593027185562
0.242293912945112
0.2419581187634404
0.2415451207103944
0.2411363051002816
0.240958903301025
0.2408028085216871
0.2407129756179337
0.240597575463305
0.2404640426327199
0.2403483895736373
0.2402280070862733
0.2401321826259657
0.2400097392853071
0.2399278064357191
0.2397991226511599
0.2397445652832499
0.2396871152821297
0.2396257270683656
0.2395134721351766
0.2394093959739813
