54.96870615999914
40.28600944390621
26.49197165198756
13.95547633288113
10.03831558899915
8.419900819906065
5.60728895465561
3.328300659266623
2.149318329462469
1.748137348302822
1.625927263864005
1.483419086433377
1.319379739548889
1.246183463801314
1.141684133524376
1.05013066516219
1.000241866078549
0.9758194527869221
0.8916647018414704
0.8290933404233949
0.7954848356217165
0.7627414646695352
0.7443680989457466
0.7346241698617998
0.7287456886603165
0.7192515847366506
0.6825965785127118
0.6711178886795163
0.6640156876155998
0.6391712733905306
0.6133078926949457
0.587980566116573
0.5786516037645971
0.566319448766775
0.5527052824198282
0.548319425457758
0.5463064686216352
0.5451465568256788
0.542206087611532
0.5214181432932272
0.4955123179754886
0.4931783478243321
0.49183401303752
0.4914230054355682
0.4900296114072409
0.4885145354537568
0.4868621122927473
0.4828172246509173
0.4776810133168176
0.4751367564989528
0.4736326932911142
0.4718095598424522
0.4712290119468135
0.4709391571519666
0.4680275404366124
0.4574609575987056
0.4473694753226627
0.4398171788057704
0.4326206435266889
0.4222725822057791
0.4170106325297571
0.4160122563475964
0.4147181878305479
0.413863933093241
0.4126939763745718
0.4102623018666457
0.4081855856881439
0.4048979481210449
0.4038782370504541
0.4035927193626573
0.4034059360535408
0.4025993255946088
0.4010607382249978
0.400045931554998
0.3978385040022082
0.3956873777957766
0.3952737838189884
0.3950241532118276
0.3947427856089256
0.393013586943299
0.3910044045958063
0.3903909072803827
0.3900072553031755
0.3898126355739923
0.3889960597035906
0.3881336267312261
0.3876353129651041
0.3874175137246428
0.3865488557812913
0.3861294916963353
0.3858476241625722
0.3856586446690053
0.3851030570212092
0.3847252466065317
0.3843775442404871
0.3838777928090422
0.3834707345029238
0.3833359356789302
0.3831787139456097
0.3828819338688841
0.3817772931183588
0.3798176874585142
0.3727690148955182
0.3652084354896412
0.3621064685390722
0.3619643801945895
0.3593737704069734
0.3585358137508819
0.3584310204974256
0.3579741146964097
0.357575936543493
0.3571575635500039
0.3566933770511727
0.3565295322683931
0.356513864487847
0.3561026181747411
0.3559559959446668
0.3557618581558553
0.3555439488467327
0.3554204529610313
0.3553029815456994
0.3549734522509201
0.3541678169295135
0.3535949676838212
0.3530772126627057
0.3511018404248687
0.3487028450243279
0.3478239127942989
0.3475025959456007
0.3472562384849676
0.3468963066562447
0.3464399783534924
0.3463284767396488
0.3462848443130844
0.3461300599656586
0.3457396507899316
0.344154722341863
0.3430592799619194
0.3425338295541503
0.3418996534081489
0.3413977507133567
0.3409312447913034
0.3392880824669885
0.3351530392360663
0.3318252689341781
0.3293973016128959
0.3271576670025385
0.3258128719254582
0.3240847933465196
0.3230832604607581
0.3228468736319096
0.3221531291172947
0.3219079998844575
0.3217621646464615
0.3214319721489129
0.320430681141142
0.3200002163543376
0.3195822719590582
0.3194679173474518
0.3193394839070779
0.3192001591721907
0.3188803139849393
0.3185322082165435
0.3177605502694499
0.3174142166201412
0.3171840086464137
0.3170419472086366
0.3166981548947258
0.3164039577671662
0.3162029513488301
0.3156871084975995
0.3154834263863058
0.3152496954381277
0.3150615984184336
0.3148984819789207
0.3142707630347362
0.3135447898491719
0.3127498003149277
0.3126148453970168
0.3122949723797755
0.3115462701292186
0.3108918174320836
0.3105123247207204
0.3101810938555273
0.3100518500878212
0.3098607771835497
0.3097922903237982
0.3096936457290348
0.3096136408132237
0.3094794849561988
0.3092731073427718
0.3091230345618858
0.3090767477934538
0.3090197362321199
0.3087397249317181
0.3080902579510629
0.3071784156887188
0.306815502114634
0.306723064184562
0.3065190888090131
0.3064302347352157
0.3063182172280539
0.3062331137836176
0.3061696433813048
0.3060505286928778
0.3059286483404772
0.3058338777734294
0.3057622666899655
0.3057139497516325
0.3055411170273361
0.3053633711509192
0.3052791569713203
0.3052702960317463
0.3051620426245061
0.3050892359699889
0.3050544255639849
0.3050130502123576
0.3049644054216843
0.3048256607720718
0.3045439208418649
0.3043966651701246
0.3039879961002098
0.3034353835324515
0.3032323731553327
0.3030677448766968
0.3028708515730135
0.3024467386883052
0.3021862774916057
0.3020864524740581
0.3018740999588073
0.3017882534225999
0.3017162012854074
0.3015887265857226
0.3015318229260222
0.3015206300247569
0.3014761199615282
0.3014604096779129
0.3014000762650485
0.301221741028128
0.3010440879574637
0.300540013389395
0.2994175271337443
0.298442939493539
0.2971693126219082
0.2962676541784445
0.2959381475274035
0.2955129969961393
0.2954832777068183
0.295384916862205
0.2950515047698026
0.2947016410399099
0.2943689027330629
0.294165284538654
0.2940538681146507
0.2937696133859131
0.2934754005141851
0.2932806843608667
0.2931401036061579
0.2929484313145227
0.2927806543195237
0.2927333741169566
0.2926639490507457
0.292639503161809
0.2924869532041077
0.2923603461524396
0.2922345980224802
0.2920843622111393
0.2919110302136803
0.2917343760248398
0.2915103222060448
0.2913218914267605
0.2910983317189736
0.291000932902867
0.2909525658743542
0.290861670666883
0.2904817657451834
0.2903283902598282
0.2902867667681287
0.2902344425915201
0.2901794460807535
0.2901244375281557
0.2900306925664765
0.2899054737526226
0.2897763060810029
0.2896628809852722
0.2896362401647927
0.2895741693144695
0.289499121162855
0.2893647639756611
0.2892881730605427
0.2891935415179465
0.2890952290545594
0.2890179387793714
0.2888573548253528
0.2886770736555272
0.2884802309493054
0.2884376939520458
0.2883820508780975
0.2883334511036361
0.2882424943156537
0.2881333816197338
0.2880859695149833
0.2880686774067818
0.2879988370886953
0.2879761622430252
0.2879561535436244
0.2878698389042399
0.287728875311559
0.2876016591313416
0.2872231384732502
0.2868947743318145
0.2864033183603462
0.2859857206840494
0.2854602508086507
0.2851546914319709
0.2850040931714966
0.2846938335837698
0.2846006982007209
0.2845410708098386
0.2843921208485218
0.2841905250959886
0.2841395035531417
0.2841198231417527
0.2840349756496748
0.2839712412335721
0.2838955043396271
0.2838115127502584
0.2837810092255238
0.2837377751552806
0.2836956955826583
0.2836681446744092
0.283629764737544
0.2835473993738556
0.2834456494807505
0.2833928850345602
0.2833682250879942
0.2832768441646424
0.2832476682213408
0.2831863848586822
0.2831091818144743
0.2830156728644458
0.2829971939225305
0.282969405844581
0.2829468877151632
0.2828941549652113
0.2827840651922966
0.282588061059244
0.2825011645065564
0.2824557934455535
0.2823980618008664
0.2823413361964369
0.282309670691752
0.2822722733295463
0.2822075601229702
0.2821791374775494
0.2821631288711111
0.2821492107026091
0.2821060195416804
0.2820677922692547
0.2820459980488082
0.2819357494168743
0.2815921309616355
0.2811965484080836
0.2810463198006037
0.2808319353222172
0.2804251629210842
0.2798786776359089
0.2792698965543359
0.2792198807594965
0.279189727523004
0.2791545667632095
0.279112341349747
0.279034362705511
0.2789656050571629
0.2788549380429582
0.2787989827969574
0.2787691133926453
0.2787360503947189
0.2787014772388773
0.2786670842382434
0.2785565654452208
0.2784747816125325
0.2784187669497071
0.2783356057844461
0.2780231093095107
0.2778013463298989
0.2776568004092682
0.2773659132555665
0.2769618194796631
0.2768837101831111
0.2768458267202853
0.2766731590839179
0.2766371745529545
0.2766143143218017
0.2765352840515077
0.276446206643612
0.2763496546160862
0.2763113855578148
0.2762576513933184
0.2760939490371906
0.2760335529388471
