75.28016715694666
45.38862881658291
36.17306827772658
22.9135505918558
8.390639065506498
7.309076925912752
4.613728613095183
3.765718250339928
2.262606318618347
1.837633147739385
1.625124317415738
1.498548849228963
1.406856410713403
1.286291967949198
1.241913573488294
1.216903791334191
1.118749138143604
1.060095897915027
1.029205850514781
0.953892716214815
0.9157068010173466
0.9002312172413443
0.8824213966954726
0.8665506736438681
0.8160753486757224
0.7900482692607482
0.7779522152120386
0.7375322684504665
0.7251598170289631
0.7174075991286432
0.7073413430729479
0.7029941894534536
0.6971148564238264
0.6908236001079332
0.6869263811714019
0.6811030054571487
0.6707605974144418
0.6594007049662745
0.6489790810491076
0.634365705235027
0.6276948260760546
0.6236050039218721
0.6193210432844443
0.6066786771031876
0.5946794917974157
0.5653785260299053
0.548860446151576
0.5319343884828498
0.5216368171746714
0.5160396506488648
0.5034077603127207
0.5011494258133083
0.4989662460476648
0.4978156552910148
0.4961922243188078
0.4954673530214742
0.495084075242018
0.4939685344083673
0.493390798572829
0.4925238080591219
0.4921111429833978
0.4918193450153981
0.4896471284243394
0.4876561822637778
0.4868545398442783
0.4859062634350192
0.4847689484787009
0.4839858753806495
0.4832292413534255
0.4822420009493378
0.4803204110740086
0.4792716240692525
0.4774334423244944
0.4696957391804641
0.4664794603549439
0.4649996229639484
0.4644967693352449
0.4639136771394114
0.4634144121046763
0.4620562113373909
0.459154960761925
0.4485394905301043
0.4407981467501957
0.4364803058807002
0.4308154923814313
0.4296342857657897
0.4289890363233287
0.4280330236643299
0.4274149707856064
0.4257665062445339
0.42475555554289
0.4242343663258274
0.4241333828874476
0.4234819349097497
0.4231847509169187
0.4228121440108988
0.4221658504158403
0.421296327695909
0.4207907660374562
0.4204509731003472
0.4199802453619964
0.4196765560574096
0.4194726308767347
0.418561650270331
0.4182475820740416
0.4178549450472118
0.4167227892616709
0.4147287269307867
0.4118669037131694
0.4089121021325946
0.4080408765084935
0.4077517999241544
0.4070126875268905
0.406391759883409
0.4061195854411739
0.4057299302545918
0.4051835579653
0.4044655690934701
0.4036742157291509
0.4034857665622125
0.4032889276722499
0.4030148430899044
0.4028337048184505
0.4025640975782662
0.4022945785615168
0.4021390444052044
0.4020010818519322
0.401208310156974
0.4006138262293898
0.3999701664872785
0.3991711181870277
0.3984297766394118
0.3980904172835982
0.3980596649813937
0.3972039880193384
0.3966834431047773
0.3964458807838638
0.395946768357392
0.3952231887080083
0.3945799399010803
0.3942122704011065
0.3941092982615712
0.3932528241323243
0.3924510679647654
0.3917074931135736
0.3908506568551033
0.3896806782789176
0.3891631399794867
0.389100225890043
0.3887196896563683
0.3885449528008229
0.388471637722281
0.3883669711390131
0.3882611129133535
0.3879900025552608
0.3853402442705232
0.3770908126268429
0.3639871914607463
0.359679702632296
0.3492285877474932
0.3429663548130282
0.3416776212986199
0.337094671853262
0.3353646928718261
0.3344918669030059
0.3334583947240753
0.332815889489075
0.3326701916314256
0.3323800938783907
0.3320842864657649
0.3318380714030339
0.331464932105954
0.3312935187788146
0.3310824050494622
0.3309464508349401
0.3308205859020778
0.3305738275918829
0.3304663757542242
0.3303899953047458
0.3303152823087973
0.3301386986177507
0.3298991460244834
0.3294215653613076
0.3291460886010918
0.328020231322647
0.3277805597570506
0.3275773706488133
0.3274212181554032
0.3272910874576243
0.3269320158067988
0.3266746995466396
0.3265458600505085
0.3264713788040735
0.3263880174110255
0.3261923554790606
0.3254011211754066
0.325009677119961
0.3248630893883419
0.3242284590821304
0.3240108500853617
0.3239035956164332
0.3237507091128508
0.3236942754446108
0.3236230652113002
0.3235396195134363
0.3234693661199448
0.3232835162685963
0.3227394902821113
0.3223392026696923
0.3219127133112117
0.3211531256526604
0.3205413150739393
0.3201348428547785
0.3198669832264828
0.3195238219768611
0.3193503827610348
0.3192930701138331
0.3190383545228345
0.3188532448042702
0.3186067862578064
0.3184200583846693
0.3181958877173679
0.3180790076721151
0.3180197888474988
0.3177617729371556
0.317726585842155
0.3176997945333662
0.3175816616498539
0.3174222376809425
0.3173571076781341
0.3173266531190034
0.3172816264788054
0.3172035171651474
0.3169275014906299
0.3166048464201323
0.3163383972607637
0.3162678332414596
0.3161678983440911
0.3160737125067463
0.3159794031550034
0.3157948851307205
0.3153988025327382
0.3137238049293383
0.31213466686294
0.311606609568895
0.3114149841270945
0.3111542552158017
0.310964022405888
0.310865435446161
0.3108128970385401
0.3105970629554067
0.3104994127406435
0.3104870125308965
0.3104271964386715
0.3103747646944601
0.3103384230426421
0.3102356419893924
0.3098112501402306
0.3096029735518598
0.3094827486243306
0.3093076682382024
0.3088556359346897
0.3082594932723207
0.3081716065614127
0.3080738749110174
0.3077878122758448
0.3075550034972599
0.3073358769732724
0.3072061488053601
0.3070192174385822
0.3069484656348454
0.3067615562800188
0.3065960435985912
0.3064020219749196
0.3062768319624692
0.3061157665547555
0.3060382887128083
0.3059805407318526
0.3058842266060793
0.3057851963241353
0.3057156656075972
0.3056559207100972
0.3055666342920628
0.3055068697483624
0.3054620971576552
0.3053369609465614
0.3051867164756344
0.3051200430016525
0.3049826411406406
0.3048392451911176
0.3043388469527626
0.3040188669152084
0.3037805856521121
0.3011527816642632
0.297521238041061
0.2964134153287982
0.2958038676632481
0.2956379690787658
0.2955306324241765
0.2954708734296216
0.2954350636867714
0.2952986376880519
0.2952541365959482
0.2952177460128522
0.2951696816546631
0.2950669716199617
0.2949174129914882
0.294849659782673
0.2947487680787491
0.2947211400281778
0.2946543657330831
0.2945542569682593
0.2944665085798338
0.2943883316512225
0.2941869216435424
0.2938942410736303
0.2934856472747699
0.2933804560821691
0.293119900481992
0.2930466563206379
0.2929534685537784
0.2928520293550883
0.2927667329065062
0.2926074063972978
0.2924664076762665
0.2922337745723295
0.2920449662589094
0.2918993009052042
0.2917977912577538
0.2917471068646507
0.2917153811778495
0.2916791894917304
0.2914841482382457
0.2911896775487606
0.2907104273880195
0.2901585591397707
0.2895592269476832
0.2893114861907577
0.2892832000566264
0.2888788674842742
0.2886647155130881
0.2886157124569731
0.2885650325857797
0.2885240679637026
0.2883882844215868
0.2882187206270456
0.2880824566149541
0.2879076997842077
0.287829781059242
0.287785923780173
0.2877348352492877
0.2876258289353404
0.2875425939893345
0.2870804971207996
0.2864162785725121
0.28551147342371
0.2851138354308411
0.2848895064326132
0.2847586521985921
0.2846257120843771
0.2844932689439583
0.284389759542025
0.2842177738950836
0.2840403569142096
0.2839624175268017
0.2839227697962409
0.2838719719000086
0.2838178584107848
0.2837712200507316
0.2836156954684899
0.2832615594542958
0.2824332389271546
0.2807863576006263
0.2798294260216599
0.2786816836819676
0.2747344797066356
0.2735044037740488
0.2718184020589082
0.2707991273332946
0.2702852236028984
0.2691743181529365
0.2687999925900961
0.2684696497933631
0.2682831644082267
0.268064986800892
0.267811884441742
0.2676830423661249
0.2675070334595641
0.2673771605290892
0.2672656570896407
0.2669698545998753
0.2668127250709049
0.2667537288633666
0.266679633723125
0.2665929705144224
0.2665447905311853
0.2664963897590764
0.2664074790433492
0.2663316139408416
0.2663016455221048
0.266268762377341
