85.13294806493438
57.38707814846222
43.52737911272192
31.00737383031094
15.52382099826652
12.7735174041522
11.28569440351074
9.110304742340393
8.18748306031684
7.069517769137953
4.416984618305683
3.578121977097983
2.956130703138077
2.672814822707978
2.498798901183263
2.263622442200687
2.088076392169261
1.992392691843458
1.85271433467923
1.792945833340495
1.709207222853203
1.667369943896352
1.614726052042259
1.567315252874454
1.514165873256814
1.395706496082296
1.312730404514707
1.194975634363407
1.123459290532205
1.106228624529754
1.047006677682735
0.9931860869541936
0.952121342997248
0.9023337567292256
0.8931420434716354
0.8865975958458532
0.8600450321177926
0.8505115416361838
0.838770980584695
0.8323129225776135
0.8280494462431486
0.8221911339729208
0.8176453194118264
0.8154085035859663
0.8130546679166163
0.7960254694674497
0.7723799391782791
0.7615231874172346
0.7506738772324214
0.7395952947117675
0.7244464107733078
0.7201125182001183
0.717684151319081
0.7142850647260323
0.7124683303906958
0.7101711137515018
0.6928736272022302
0.6741209644681245
0.6545991077002755
0.6310255175661963
0.6262505078232833
0.6236094897462561
0.620322560431835
0.6185252658133888
0.6175622888793296
0.6133783533029733
0.6129704643181049
0.6125069423296511
0.608766741123136
0.603672320706013
0.5995771176758838
0.596772632585469
0.5956555193024263
0.594254420091472
0.5928919165139924
0.5923248197471027
0.5910711175666933
0.589435929034634
0.58576567942938
0.5820527513975273
0.5780420827082189
0.5728306811454354
0.572112279619259
0.5714101144727133
0.5706272002148426
0.5696148275831926
0.5680125052790665
0.5660400578559146
0.5644829363926793
0.5624546659400196
0.5616157244915166
0.5604292145817877
0.5595456010918768
0.5583737184602812
0.5571754925355689
0.5566965465209195
0.5551187084432814
0.5499581333031044
0.541064550725594
0.5305311199608858
0.5199503924768625
0.5140906535943125
0.5129496759759408
0.5046727695349167
0.5021601913788941
0.5007185411616706
0.499483430776715
0.4967483657394852
0.4956949738699061
0.4953524754623003
0.4948481504129029
0.4945541947246679
0.4941908254866192
0.4934238063501984
0.4925227564220623
0.4916705810643402
0.4910233590569559
0.4900151483680924
0.4884398352213923
0.4874061808078398
0.4864891927110319
0.4850921737323173
0.4843647505159869
0.4840757417006011
0.4834026180750717
0.4830542011017875
0.4826631234783014
0.4812807219079855
0.4798782300030521
0.4787729930511753
0.4772256974435461
0.4738749753800046
0.4701615942873632
0.4667644454560936
0.4626152884087447
0.4606144345918469
0.4585348016710861
0.45614090646717
0.4535332673780084
0.4529318877452861
0.4522573403386167
0.4513586532119327
0.4510065311144733
0.4507739349500524
0.4504435154951329
0.4501053407616634
0.4498523696732472
0.4495083908663334
0.4489586667090901
0.4485347610558748
0.4477694769342029
0.4469569045652529
0.4467530915057299
0.4466273637184794
0.4464394080725833
0.446037155515187
0.4451901858726485
0.4441229055332617
0.4430126244676419
0.4426084323804168
0.4423637091355004
0.441287169983843
0.4403227538117631
0.4395453104532009
0.4388204667462209
0.436517220497786
0.4334259967952817
0.4321181807393011
0.4313789913638548
0.4303619528497215
0.4292884192900105
0.42908652071597
0.4283824645767431
0.4280429124320378
0.427632586985529
0.4274183629309812
0.427195786034886
0.4269193276340719
0.4266774945258099
0.4261233496314885
0.4253203986257784
0.4245042948823331
0.4242321932956188
0.4241262639079838
0.4239672659287022
0.4238189907759571
0.423663832675708
0.4232334421976754
0.4218984976007409
0.4205620205403017
0.4171420792585359
0.4145649797983113
0.4131786292270599
0.409086676866825
0.4046885547750124
0.3935307403213948
0.3785148377420912
0.3734350164975067
0.3677153321600576
0.3660294213340186
0.3638477292891963
0.3617536581466422
0.3598457792232489
0.3588798502610913
0.358680794657927
0.3577889425584819
0.357152834256923
0.3569566672945031
0.3568178873922154
0.3567275331105302
0.3565991067355341
0.3564686149228958
0.3563658580212894
0.3562385825730025
0.3561431926805581
0.3560123272668571
0.3559686624607325
0.3559044734765887
0.3558474632945268
0.3555152319824482
0.3548151628781803
0.3540609879529507
0.3536884185461781
0.353673373010539
0.3533737331819076
0.3532500213254017
0.3530698018588477
0.3528887858631768
0.3527652603311713
0.3525802419219426
0.3524187197269212
0.3523453807777998
0.35232548639315
0.3521844799871178
0.3521114738733987
0.3520150095775199
0.3518332314151789
0.3516794974370571
0.3512746351504608
0.3502856939839195
0.3499709420110041
0.3496229319826565
0.3492221115353231
0.3487746933649055
0.347992829949998
0.347180122296091
0.344349025038296
0.3430310862556721
0.3423868674608663
0.3420464727741052
0.3417157529530299
0.3414003242794414
0.3409731667670418
0.3402878120542449
0.3399079426097226
0.3393447394743513
0.339100505690864
0.3389711596247104
0.3389162169973741
0.3387822469710696
0.3386234016180589
0.3384338815372153
0.3383620099559548
0.3383046511743358
0.3380421683580209
0.3377917674139332
0.337601169193174
0.3375257656400123
0.3372517041122201
0.3370672177611513
0.336988345467679
0.3367387311226707
0.3364421851820421
0.3363865359857223
0.3363201075414225
0.3361508927205848
0.3360009508280533
0.3357723605894459
0.3356774148074124
0.3356398370660408
0.3354081934024401
0.3353355350335061
0.3352406762756402
0.3351998649432005
0.3351434219671234
0.3350845693930286
0.3350581039720288
0.3349470883597072
0.3347735946478275
0.3345207366070108
0.3342715651414161
0.3342227020411735
0.3341803283508023
0.3340820327387385
0.3340225730003497
0.333951937746176
0.3338277784928954
0.3337278248040912
0.3336110325236908
0.3333196303748232
0.3322707173452017
0.3310641711304506
0.3305362599033492
0.3302190828033282
0.3291770934422636
0.3277961612203926
0.3273140787544268
0.3270785522198121
0.3269485999022193
0.3268220155899715
0.326748339846126
0.3266851083773068
0.3265768603459727
0.3265074758434076
0.3264653174442452
0.3264183760214974
0.3263634636460244
0.3263041720080815
0.3262481057524825
0.3257568108190981
0.3242912369580274
0.3198426131380047
0.3147375482358035
0.3097554341140175
0.3075565909756446
0.3073266197488368
0.3047811693963881
0.3042763734807154
0.3040090698658981
0.3037484511114106
0.3036875547224899
0.303601992557412
0.3035670411834812
0.3035525687569298
0.3034226238729335
0.3033733913260111
0.3032751878321567
0.3031490978135077
0.3030452021584282
0.3029661954109323
0.3028690137874538
0.3027327057044498
0.3026608453024057
0.3026370814431277
0.3026065249596972
0.3025854446889032
0.3025528379894756
0.3025175719468398
0.3024979156501892
0.302473611709377
0.3024255788562655
0.30235561760886
0.3023399515161429
0.302318877981958
0.3022683226218211
0.3018505266864832
0.3009022441606666
0.2978533186047074
0.2967519500760052
0.2960017259815436
0.2954964746107277
0.2936377412187258
0.2928559355677984
0.2918062448257331
0.2909605057093585
0.290042338316009
0.2893066021194913
0.2885338810735729
0.287662387326069
0.2871128861381966
0.2869403147462766
0.2866943063266719
0.2865859727092593
0.286558219045196
0.286467676394598
0.2862839273009718
0.2860235299308392
0.2858945476258609
0.2858553039928077
0.2857700851090743
0.2857434694405929
0.2856860511705581
0.2856065303216193
0.2855443391826304
0.2854869234985488
0.2854296064085641
0.285298428041506
0.2848740298438242
0.2844374861106899
0.2839008416453593
0.2833537177658087
0.2832666898249529
0.2831845439645354
0.2830062986127839
0.2827966758615487
0.2826076830083927
0.2822095593798948
0.2819474436477405
0.2816752333940069
0.2814852548295735
0.2813158814101955
