50.22906313287307
35.95094436251495
20.20758703691782
14.66303700626941
5.938841935581295
5.573451576167256
3.7266534141922
3.469559629011888
3.00006095731282
2.393292968292808
2.240253731335159
1.86535991502277
1.713797697592366
1.622886888504179
1.498485432642973
1.442948485100463
1.386689958169937
1.312272862919622
1.238942660777596
1.201645135172309
1.162603348875909
1.084560619252452
0.9943475540502221
0.9577365168696873
0.9192326124158055
0.8989315211705554
0.8732441100580579
0.8612563990412577
0.8513039856255765
0.8209327898520579
0.7859566999939746
0.7561818417409427
0.7387679262814694
0.7197696350046778
0.7064916966044726
0.6944336312491307
0.6711775661392536
0.6567963064354434
0.65119683646544
0.6452565710398097
0.6429500836424237
0.6399420688946419
0.6351512735354699
0.6295494843173145
0.6187524750292867
0.6061333902248774
0.5902358653584114
0.5835831363991194
0.5793477517510787
0.5749017448324294
0.5724735191923594
0.5696747461977155
0.5660434717104519
0.5635909755880881
0.5611255035055051
0.5542419079174129
0.548529415960551
0.5395739560996805
0.5329534871993378
0.5288068703775158
0.5245363807161434
0.520476341679776
0.5172856927098953
0.5144104996015069
0.5119229657454423
0.5086807324949921
0.5055831832482389
0.5024702517395943
0.5006185445080769
0.4988686921627513
0.4962044854038581
0.495523533978005
0.4947376452585946
0.4938275547584318
0.4929445857408525
0.4920163383729844
0.4910085114273651
0.4884549383039765
0.4836012543767735
0.4780665346785761
0.4606337737521585
0.4491573059042402
0.4393698106221171
0.4280782285756681
0.4255239532370844
0.4225130642144713
0.4194743560804616
0.416953836822563
0.4149884730040079
0.4144833021862122
0.4137789341304916
0.4133728249565717
0.4127983296733937
0.4124230288072963
0.4121873945683882
0.4114775121484202
0.4109069945344808
0.4098837954407575
0.408837965154445
0.4085843814549626
0.4084560968157571
0.4082678703373321
0.4080854436194759
0.4076720791286645
0.4061870368903155
0.4045145174471225
0.4040264535984274
0.4036537298170437
0.4035419702598113
0.4033854464469738
0.4030481428884912
0.4027158636320327
0.4022148613546297
0.401526365554759
0.4007133814357672
0.3998199670577431
0.3995291084803222
0.3991597909893517
0.3990266650581162
0.3988628645380425
0.3986720071847318
0.3985195505558543
0.3979356366719166
0.397650422339964
0.3974734633590993
0.3968815736548243
0.3965961624124504
0.3964170752224728
0.3961500802768894
0.3950376981628492
0.3946513745630836
0.3943413863224379
0.3941127890904606
0.3935538263862972
0.3930557146649785
0.3928610660244044
0.392824144603854
0.3926693331667268
0.3925921272836742
0.3924802387800516
0.3923714914420247
0.3922678863147214
0.391406866123596
0.3863683454320527
0.3802700804904394
0.3676702291437278
0.3624381397110449
0.3599457559030116
0.3582895544463452
0.3569120059760769
0.3551376598257299
0.353885939025716
0.3535279880421842
0.3531200871204996
0.3528816665972898
0.3520798232477582
0.3518694916927625
0.3517174392863733
0.3515986178296033
0.3514375630235498
0.3513299595586105
0.3512520272715344
0.3510984557113423
0.3509403351540789
0.3507960687768832
0.3507294752362828
0.350497750844773
0.3502108195014497
0.3496751909376229
0.3495769734763314
0.3492568555926402
0.3483938371373681
0.3475200826318809
0.3449751920622429
0.3398411221493278
0.3373880849585041
0.3349537714003236
0.3290841110973945
0.326094858539713
0.324200295838304
0.3224937980114578
0.3212398413258454
0.3184411942800154
0.317100155856145
0.3143224802869553
0.3132787200234859
0.3123048093354336
0.311745650114667
0.3100305114463792
0.3091794317194944
0.3080987905776132
0.3072879336846944
0.3065508201845658
0.3060678535626599
0.3054061421050553
0.3053103263989283
0.3050765902336126
0.3048190931267176
0.3045552415490123
0.3043751396265585
0.3042443003941302
0.3040858408398568
0.3039416041991921
0.3038712735943013
0.3037031354211405
0.3034576823200832
0.3033605891009614
0.3033284702967255
0.3031889782317592
0.3031303161316537
0.3030988493729977
0.303065090301295
0.3029350524972724
0.3028774501903368
0.302855229291654
0.3028018876401015
0.3027517509962853
0.3026938269690694
0.3022480864737322
0.3004278044661089
0.2990132471764663
0.2982252102705723
0.2974314762292887
0.297108436537113
0.2967053291091428
0.296590449444135
0.2965233460288252
0.2964351038158278
0.2963442078619242
0.2963067798761592
0.296220072024078
0.2961324479571116
0.2958603176875515
0.295711891080327
0.2955815576306368
0.2951696650406345
0.2950369996738507
0.2949546184194877
0.2949213273797402
0.2948270127536339
0.294762323455978
0.2947380432706021
0.2946716082380718
0.2946319710317117
0.2945983150448361
0.2945132145514719
0.294384490549006
0.2942757841601357
0.2942251251499731
0.2941896523524082
0.2941148457267462
0.2939885912209932
0.2938530510053168
0.2937809148609776
0.2936879456172019
0.2936744774288629
0.2936546686072672
0.2936112177336912
0.2934638065555063
0.29303212492615
0.2914374464315421
0.2907616751627564
0.2906975730227381
0.2896384386314345
0.2893264979234417
0.2892575531836196
0.2891658514929547
0.2891263429131706
0.289114872249938
0.2889789954764396
0.2889618141215654
0.2889392965710421
0.2888840676575014
0.2886778210042008
0.2885870359991896
0.288566869629865
0.2883873452938088
0.2883585996943818
0.2882912173040213
0.2882106974507229
0.2881095911461751
0.2880722115593209
0.288026943170907
0.2880064344084325
0.2879958480708581
0.2879488478711518
0.2879344064819234
0.2879206780960182
0.2878327679529468
0.2876997123970202
0.2875593602079309
0.2874939877760931
0.2874825871956414
0.2874124060416552
0.2873788505424959
0.2873417452969762
0.2872745300143592
0.2871238159829126
0.2869084932105405
0.2866962214590916
0.2866537567618947
0.2866252483421898
0.2865260521079329
0.2864096266184651
0.2862889795424687
0.2862241940015547
0.286206325996342
0.2860450276693824
0.2858619747645236
0.2856825764155558
0.2855884624286243
0.2852956941047645
0.2851345287843702
0.2849840676017977
0.2838389068569021
0.2826270309906462
0.2811714862433451
0.2795027517824462
0.2792561129989081
0.2789968061214636
0.2788922803169469
0.2788387767933574
0.2787674607447074
0.2787399985829447
0.2787344274896211
0.2786803755093067
0.2786570983790226
0.2786314664722903
0.2784826842263368
0.2784022254540207
0.2781127071123266
0.2779791715767287
0.2779533666029834
0.2776348014700107
0.2775820080421028
0.2775497372252019
0.2774435692643432
0.2773988518268255
0.2773798131874533
0.2773124663523371
0.2772508339493879
0.2771017919521847
0.2769231256080494
0.2767089339972165
0.276641872386765
0.2764201391701954
0.2763421479402419
0.2762753135025224
0.2762467768759285
0.2761399615842549
0.2761064609264389
0.2759990240543202
0.2758991298982733
0.2757507998525729
0.2756862270768738
0.2756492195981726
0.275620858095682
0.27556447319224
0.2755223221824993
0.2755113482377912
0.2754784388503517
0.2754554751370205
0.2754273927635147
0.2753802584463397
0.2753332886715144
0.2753184143449395
0.2752993575677633
0.275285523648024
0.2752405195844708
0.2751857402778085
0.2750373575541917
0.274974142038926
0.2747530042235153
0.2744784129680333
0.2741944947193902
0.2741448347594894
0.2741141965137434
0.2740972160277967
0.2740313457484502
0.2739578512872453
0.2739245282012949
0.2738796582770315
0.2737911539286977
0.2736070950675875
0.2733894289167114
0.2729592046362564
0.2725305302829161
0.271946902282827
0.2714839190257041
0.2713904788557156
0.2712952843954909
0.2711972693817205
0.2709909957521914
0.2708814696059072
0.2707591763414975
0.2702998989607202
0.2700169233172895
0.2699708977482886
0.2698728086823819
0.2698480840873875
0.2698158063713805
