86.89922378263965
67.1874496768519
35.79771774369218
24.5900074345967
8.254156852357143
5.353970256454225
3.740906536809533
2.568171646974058
2.152204429513518
1.791646085728434
1.434783794981465
1.261420445224294
1.192719014755089
1.092829116792087
1.040409876409269
0.9871629920296221
0.9141204994526776
0.8814153331468316
0.8745469702110594
0.8328240937889133
0.8164892175737721
0.8000351126699452
0.7810089776932526
0.7266498615931493
0.6940348218100056
0.6545687661100792
0.6257513042822065
0.6114088873544766
0.6030949625145999
0.6006187470709602
0.5920691004115055
0.5897431221752972
0.5850318800751778
0.578114908822114
0.5729431303606499
0.5705237386122133
0.563783809691756
0.5425499251905368
0.5166590317411562
0.4910168605028947
0.483804998385406
0.4802655185669357
0.475834505381929
0.4740112813251319
0.4718204936739419
0.4709912180543601
0.4697634629507638
0.4693126762670571
0.4689901424609068
0.4676229806970921
0.4670019533841446
0.4663152236433012
0.4636894636058866
0.4567994310565662
0.449785474183963
0.4363275694389521
0.4275057175897856
0.4174939370055838
0.4148573785155721
0.4115199285515608
0.4096252588246606
0.4086333457910747
0.4062798126447181
0.4051141217875411
0.4043621941161108
0.4034326575278451
0.4009980752326751
0.3992979227948982
0.3984427073324656
0.3963345885398637
0.395524093206593
0.394933600447566
0.3941604489893584
0.3923204910982465
0.3914040267785278
0.3901905798395126
0.3897757483560195
0.3892404663406431
0.3889757306196892
0.3885992844830105
0.3883908370471459
0.3881159583997699
0.3872782149549763
0.3862230559959317
0.3856926474710869
0.3850142564692106
0.3842225940929982
0.3839538850911246
0.3837219583232758
0.3826257756934705
0.3805157680731617
0.3779871860616885
0.3749197583220258
0.3737866450576078
0.3735543474472314
0.3732228151025807
0.3729176828823568
0.3725728924035017
0.3717697185891377
0.3698407896649182
0.3677379783836702
0.3648786217571318
0.3633819125736197
0.3615705442196683
0.3603289296047615
0.3598714229451083
0.3595691579616523
0.3592394201381253
0.3588406618145924
0.3584208725778106
0.3580285009923747
0.357584445173613
0.3565902685983626
0.3554045975907246
0.3516819474158084
0.3483572571550538
0.3448810171374517
0.3408254896017314
0.3392326442787243
0.3376689555790501
0.3358052888972095
0.3342992172057302
0.333384111210216
0.3328785825503067
0.332665145857148
0.3319754895033057
0.3317363829110133
0.3316048429555877
0.3314568616376622
0.3310043596490209
0.3297923061474506
0.3270508946342403
0.3242150233526728
0.3206080705106378
0.3190342971016578
0.3173116284686573
0.3159875219069789
0.3152920170522374
0.3143004575644096
0.3139673069969163
0.3136349421607523
0.3133001287824935
0.3131819053432905
0.3127858602020257
0.3122733891571344
0.3118785130778631
0.311551753771989
0.3111843714443578
0.3107885415800988
0.3103281201318336
0.3101644171449239
0.3099459319667783
0.3098395150405497
0.3097522659337167
0.3096156699934207
0.3094602096668829
0.309364653340732
0.3092922181270536
0.3090457935994639
0.3086998290335663
0.3084165944983616
0.3082653622681663
0.3082338530817049
0.3079721377808589
0.307788452150573
0.3077053478879196
0.3075225100615444
0.307363738209056
0.3072210668589483
0.3068178588737664
0.3051749824782743
0.3037229847777668
0.3026685727134101
0.3014715530120175
0.2972880542711881
0.2921440863106864
0.2916292758945491
0.2912986810698518
0.2912686767699628
0.2911718820536957
0.2911186657961017
0.2910977938498823
0.2910119089358797
0.2909294190398174
0.2908818633782109
0.2908130898208023
0.2906285673923937
0.2900783090352623
0.2897840759472145
0.2887221842584983
0.2881768591875304
0.287668797374146
0.2869080326100766
0.2864150340239319
0.2861960898286106
0.2859162491461151
0.285794810021513
0.2857176043607336
0.2855399957776832
0.2852953352518759
0.2850615803803424
0.2849816752449315
0.2849119141948385
0.2848026105498643
0.2846831663390172
0.2845812443747434
0.2845288072951703
0.2843876199637393
0.2839592173065095
0.2829220512254925
0.2793281078065663
0.2773689958168813
0.2754671888068885
0.2734824812296691
0.2724440798597362
0.2712180719562021
0.2697605682030683
0.2691683275072942
0.2676047220839783
0.2659812925364321
0.2644740953594318
0.2639865163652508
0.2635586246125555
0.2632497064908855
0.2628381016257069
0.2625392235872244
0.2622758822041368
0.2619274645052537
0.2616381659550645
0.2614821716128267
0.2613411947184791
0.261132564515876
0.2609698584399461
0.2609271034160917
0.260865244493813
0.2608393906956771
0.2608083895474901
0.2605509502518617
0.2601918474745973
0.2600536433007991
0.2599133382283778
0.2597503707310319
0.2595934405741377
0.2594179644230215
0.2593474982021529
0.2593420048246016
0.259180283901339
0.2591065836518137
0.259062307183038
0.2590044622354237
0.2588743607511266
0.258755705975313
0.2585999691996941
0.2580445648221287
0.2579630500169788
0.2578805458788455
0.2577646312641321
0.2576709009616534
0.2576320861380346
0.257599996335251
0.2575094180311533
0.2573251378693189
0.2566826668381792
0.2563874749542253
0.2560289816476868
0.2558667265299627
0.2557402018708351
0.2556545401037584
0.2554745000985728
0.2552907101189567
0.25515077483817
0.2550347934177504
0.254897604953598
0.2548334298784345
0.2547847288376767
0.2547189856213248
0.2545647308181179
0.2543682924962378
0.2542530474906838
0.2542204459198062
0.2541328448857288
0.254084972097216
0.2540382010681403
0.2538626438596085
0.2537128706213438
0.2535283267086519
0.2533837940704432
0.2533074243525308
0.2532305937380054
0.252594859196755
0.252278692864717
0.2522549612208309
0.2521758067784264
0.2521331880851708
0.2520351404192557
0.2518887743679462
0.2518063270791799
0.2517850248957803
0.251737639314665
0.2516750721931173
0.2516213910785745
0.2515511796508822
0.2515001782177114
0.2514430130951381
0.251264233202463
0.2508161717019413
0.2501792394916538
0.2487159864749869
0.2475262104049068
0.245648796263267
0.2426447572387616
0.2409703527428709
0.2402152622196009
0.237264122174795
0.2367916764927561
0.2366567852049888
0.2365094816798593
0.2361194725195541
0.2360246095943359
0.2359931952890593
0.2358990491530524
0.2357993381116565
0.2356790212535131
0.2353916934070475
0.2350349350006281
0.2346987876583454
0.2344238193820264
0.2342332562444539
0.2339884187082218
0.2336054655806012
0.2333347229321071
0.233190195113412
0.2331169834887183
0.233072857691364
0.2330436377671298
0.232971936025148
0.2329339797165347
0.2329197318435398
0.2328594775878957
0.2328341429027483
0.2328211094510455
0.2327921200988108
0.2327749476944346
0.2327505750497272
0.2326324491840762
0.2325405676925963
0.232507355417992
0.2323958724360957
0.232105124506118
0.2316915493540796
0.2313731615996044
0.2312517469337547
0.2311923257415323
0.2311405963030769
0.2309800695623574
0.2306113135309737
0.2301344036784269
0.2297537448724762
0.2295352889343607
0.2292559693215964
0.2291307656207914
0.2291110693135359
0.2289486374559688
0.2289048172280194
0.2288788725504763
0.2287798076725487
0.2286806691302609
0.2286096746459148
0.2285322052122195
0.2283067201858529
0.2279726799626606
0.2279112951340701
0.2278617716466862
0.2277903582963155
0.2277137811591585
0.2276816800343334
0.2276780883582723
0.2276341850123502
0.2276071224367474
0.2275819426994507
0.2274504147689932
0.227339209424529
0.227276855420535
0.2271988213988815
0.2271202314548792
0.2270484101289758
0.226960433466437
0.2268831579136998
0.2267999862338504
0.2266432339645216
0.226455789839496
0.2258995240866467
0.22524814406544
0.2249179597588911
0.2248506968592532
0.2244214700773075
0.2242739815807149
0.2241947861726311
0.2241626547766282
0.2241181204374893
0.2240949135373945
