67.27924900458956
48.09947488361794
33.86169496928255
25.33972184031964
14.14149383907209
13.37810974416869
10.15968397180607
7.696615975028492
5.398098726228149
4.133969457576434
3.423866699774824
2.852580015934055
2.496529067916772
2.163507430169518
1.999530924026323
1.840577609051875
1.598092127949003
1.481535262699967
1.424433531221913
1.393838899658763
1.308212935516053
1.262259739463738
1.244419229694507
1.180617267370441
1.158827559803922
1.135173482827277
1.082137836954373
1.020031980893229
0.9595521812364437
0.9343627947805584
0.9179358885259475
0.9021594320580886
0.8845606462031175
0.8603609217627382
0.8540854569065469
0.8482256856527657
0.839458701145503
0.8320813740007903
0.825985970179841
0.8179545649199738
0.809753636005574
0.8051126144165528
0.8026320577298225
0.7971568851496105
0.7933931994574768
0.7909363420028312
0.7818403473669834
0.7788907605212849
0.7743144898663042
0.771073065573515
0.767257443292123
0.7643237505173182
0.7567622628255568
0.7469625244307306
0.7375407941760267
0.7351839260344852
0.7321995924587348
0.7294857136078017
0.7260359266338262
0.7239857556633599
0.7215317501137358
0.7181055797726889
0.7155828780349063
0.7145420325623905
0.7113061999032613
0.7071381608574553
0.6938882227744283
0.6833881569547952
0.6729236508045443
0.6593546241548002
0.6322874206794001
0.6253702722314526
0.6210947814144929
0.6191626229988255
0.6123947011032366
0.6114798076410387
0.6109215776806822
0.6104726366999593
0.6088541194703415
0.6079015759605121
0.6075018140609748
0.6059636230137712
0.6049665178300347
0.6045719993022847
0.6028583063975355
0.6022898040059461
0.6006982372753571
0.5972924977238104
0.5823312206412915
0.5722642097157525
0.5658923278861884
0.5577649587281598
0.5541238352988391
0.5524377214492976
0.5520473607988533
0.5512092301451929
0.5502000342114932
0.5472529630413445
0.544086548220899
0.5407497712451849
0.5353769961203443
0.5319487587681567
0.5241323846447584
0.5116157439408787
0.5087647962018472
0.5076923122900362
0.5054565597660901
0.5030299878857724
0.5019034212333114
0.500289959735771
0.4999011230771452
0.4996570671449031
0.4994956500533779
0.4989449037647473
0.4987111012495989
0.4982436289627689
0.496765469599931
0.4939812319641463
0.4921141249635315
0.4878790828854396
0.483539416058816
0.4809012710835933
0.4788385085786758
0.4764998763322249
0.4692349479133359
0.4615062971645446
0.4585682729191534
0.4548685777470475
0.4514166557927352
0.4473217651397118
0.4446946128206136
0.4421006973106736
0.4361724759173353
0.4322159363212043
0.4297839715566256
0.4250204862506429
0.4236757711686912
0.4219033007529139
0.4211609397697259
0.4201112074704311
0.4197181922682328
0.4192722769931269
0.4187185189574764
0.4182124478716883
0.4172963249700312
0.4164610696634748
0.4158341388070508
0.4155911611317262
0.4152618317934973
0.4150282228969497
0.4147027381030696
0.4143736351638577
0.4140998327079208
0.4137779192721265
0.4135124093504338
0.4133671554624169
0.4130186664773606
0.4123042443479495
0.4118650692826493
0.411287255639526
0.4107731100976242
0.4102752891275831
0.4091303732058388
0.4086629033466753
0.408509640423902
0.4083068249182414
0.4080860413020151
0.4079398437046112
0.4078198342041878
0.4075059661942166
0.4073539217690132
0.407161875358356
0.4070468988809988
0.4069380895180237
0.406423394932486
0.4061681257287642
0.4060555173830838
0.4058944438156802
0.4057383780641559
0.40567674428856
0.4054625816149188
0.4052695239462561
0.4050026656490113
0.4049313892158748
0.4048339368370495
0.4047608036435522
0.4045647400211047
0.4042882995461017
0.404117623025404
0.4040185181696729
0.4037093111479714
0.4033936679493082
0.40312964862404
0.4026898728176249
0.4023558087070749
0.4022084050858019
0.4019980095251348
0.4018650527522347
0.4018037659301461
0.4017209512021368
0.4016639894442771
0.4015834015427766
0.4014076115315525
0.4011873734019322
0.4009990297187546
0.4008237591156208
0.4006046134829601
0.4001496091997029
0.3995222462679959
0.398495403859492
0.3974381299163441
0.3961608010145756
0.3947668155852622
0.3947107917763341
0.394586393017145
0.3944689595342182
0.3944293482818064
0.3943471559740138
0.3939998657290502
0.3938390387634804
0.3937747650861645
0.3935248414777906
0.3934159798128655
0.3933966611348751
0.3933109545767911
0.3932582569513141
0.3932106826452233
0.3929850189902416
0.3928829866462679
0.3927795374353227
0.3926752095197861
0.3918888259143386
0.3910318217380083
0.3877935417121158
0.3864401308524126
0.3853636045297347
0.3836097545316463
0.38160187086945
0.3814594057756581
0.3813209592610788
0.3812586003881877
0.3811738331176736
0.3810892344690234
0.3810468728912509
0.3810316190260039
0.3808872242965208
0.3807821500172489
0.3806913316525451
0.3804944603839244
0.3803083808368206
0.3801633977056713
0.3799148033631239
0.3793941961995749
0.3791691437001953
0.378619509617777
0.3768536060589833
0.3755502331760247
0.3734844829630241
0.3688926835477773
0.3662238860185528
0.3624700769432298
0.3595117498860931
0.3578447532605762
0.3570833765910463
0.354126789470729
0.3530420204487603
0.3529281405099459
0.3528264105300046
0.3526861566601803
0.3525514187625492
0.3525001892049784
0.3524500319113442
0.3523424749553323
0.3522083229464241
0.352097402926201
0.3520044501613869
0.3518817886343705
0.3517470219479101
0.3516038336507379
0.3515577636530228
0.351499649955283
0.3514052816971577
0.3512960753370138
0.3512219434393789
0.3511678319849064
0.3510972469324335
0.3510618965100935
0.3510439924816584
0.3509709989778947
0.3508976348771116
0.3507684529933176
0.3506343028993633
0.3504628514739629
0.3502033107569677
0.3501487776849992
0.3500076700885429
0.3498348474755688
0.3496673424484537
0.3495743594964758
0.3495401361534738
0.3493951050905203
0.3493318137276028
0.3493170431653817
0.3492850306762776
0.349268554237629
0.349198969657336
0.3490643578852686
0.3489368946206911
0.3486340410621769
0.3483819403247935
0.3481754129576503
0.3470525862094294
0.3443850338756587
0.3430939254180322
0.3400682207536765
0.3365046423614357
0.3346850607626558
0.3337762386445095
0.3331758469427518
0.3308188176886881
0.3302415133999889
0.3301326622839175
0.3299918491613824
0.3298422938216026
0.3296930157512123
0.3295633232704496
0.3294187985224947
0.3293063786185792
0.329247696309442
0.3292102492635681
0.3290765293501635
0.3290169249005268
0.3290111344188696
0.3289618764603937
0.3289309201084785
0.3289112966280418
0.3288264927186728
0.3288142976583288
0.3287977255072663
0.3287543393490511
0.3286307358359435
0.3278430962280359
0.3273942412817956
0.3271092721186749
0.3265232375979611
0.3242593648701665
0.3221388848133077
0.3214348571009479
0.3209704955334556
0.3203208508612952
0.3197256213366585
0.3195221637038597
0.3191087663926149
0.3185233589787755
0.3182672704062914
0.3181268767656441
0.3179910768549674
0.3176226884004078
0.3174130518448737
0.3172360527320859
0.3166598445869228
0.3165632617688985
0.3165302337106813
0.3163138583958509
0.3161930809622343
0.3160446128985552
0.3159812460694006
0.3158908941737522
0.3157980757887829
0.3157667044510025
0.3157291345852286
0.3156573735805124
0.3155790032786398
0.3154937635597955
0.3154586435578298
0.315409369209741
0.3153575664180755
0.3153311545677983
0.3153118953820339
0.3152593954201455
0.3151949622361037
0.3151759889413935
0.3151379617721567
0.3149996619140016
0.3148351970351282
0.3146840512875201
0.3146337385826068
0.3145724990749835
0.3142247412413818
0.3135087199514479
0.3126746441692267
0.3122537409641789
0.3120216438374747
0.3115465615870917
0.311226278638999
0.310680824022911
0.3101516794625231
0.3100222919565965
0.3099383533338742
0.3099197206480502
0.309892805430821
