8.217632916275983
4.901735951739545
3.244118597652227
2.762349627215122
2.237458724862484
2.010531981264516
1.674021929540092
1.453208250130059
1.287150431200263
1.092591427120617
1.026968472211957
0.9361263586192365
0.8360699329914254
0.8026909583256724
0.7289816326062152
0.6315129411716349
0.6028503113150361
0.5846036153456478
0.5657672288021099
0.5387166576537495
0.5292815977480004
0.5247849453696106
0.5151314651850103
0.5089205401480396
0.5005987498353641
0.4376844710775055
0.419824168111144
0.3919637728622915
0.3828535595288978
0.3733326061242203
0.3647493714654902
0.3599165236365595
0.3564776429686328
0.3490348599779152
0.3415884686680763
0.3349105218005444
0.3308516722410587
0.3258336006648575
0.321449243329781
0.3161825460294693
0.3136522270281364
0.3101924067444051
0.3075942079254266
0.3056338063423927
0.2992409706136218
0.2817518361939462
0.2601907538183875
0.2530622376177015
0.249140569289445
0.2479841693334217
0.2443254219020102
0.2428425992104533
0.2420961327874777
0.2414965292019053
0.2393103402206067
0.2376988921257225
0.2368431236495234
0.2350091037269383
0.2337014089015756
0.2297090631781779
0.2240889795766277
0.2211561829168505
0.220950185384063
0.2195877276438515
0.2188580096556507
0.217210074437082
0.2137563970294652
0.2091835008237214
0.2048566286532731
0.2010432089116461
0.1981249726981761
0.1959189316426393
0.1882047051951851
0.1766494633407141
0.174211919634094
0.1719619136029808
0.1712200758982624
0.1707040083093898
0.1702442020902649
0.1697082717303076
0.1691686374494741
0.1686259868853393
0.1679802568115661
0.1669486968201469
0.1660521976053201
0.1627082629418234
0.159258684801172
0.1567996269507722
0.1550571035242928
0.1513594346486365
0.1501217760674322
0.1485027406763964
0.1480352979011229
0.1475396370220587
0.146861965542899
0.1462770135276086
0.1449885493070396
0.1435664684532107
0.1418981311577096
0.1412850152988365
0.1409249334168778
0.1406301240722945
0.1395549169224057
0.1389984973744971
0.1389503841582887
0.1385613325944093
0.1382304222948009
0.1381020993185408
0.1375847630097925
0.1371088140874451
0.1359099012621268
0.1336032440626959
0.1280634598421439
0.1260521810079029
0.1237021130047996
0.1216326638414687
0.1189919337566939
0.116928870728934
0.1150913826233478
0.1139563615409481
0.1115962859609302
0.1107031269514261
0.1097907914139884
0.1092997388261995
0.1090837888847389
0.1081758537250206
0.1077905109878822
0.1075181349095271
0.1072630737250458
0.1068903043383896
0.1065847358828607
0.1064250449598142
0.1062087653984362
0.106001599501281
0.1057748710861183
0.1055436043240035
0.1050903496588334
0.1042024201426668
0.1023556957266943
0.1013195179063546
0.1008792559121818
0.09990961301151123
0.09890068749942522
0.09781828316105738
0.0965890970842557
0.09612250330665985
0.09570093733435682
0.09526905039389037
0.09489656394549413
0.0947136148610602
0.09426145403117857
0.09403024229653431
0.09345699288754648
0.09259216261560325
0.09228442144628268
0.09205508123872337
0.09190914670463124
0.09175468999313263
0.0915978849154071
0.09141114582086206
0.09122452961221429
0.09065650848652917
0.09007712160893122
0.08942878051237654
0.08884239548328725
0.08823968656669788
0.08707264054828386
0.08566920151595002
0.08315294212280065
0.08152367672645432
0.08022861709066526
0.07834837283141662
0.0771195326664863
0.07681506468558397
0.0761449432251729
0.07558648920869186
0.07524012791062894
0.07498773481743751
0.07465993107793646
0.07440574973952707
0.07405613374867345
0.07397367580219529
0.07387477969590292
0.07358431949290131
0.07328140093777355
0.07298735675953151
0.0726227882307936
0.07232729153282234
0.072000372232883
0.07135497308387259
0.07101846544467459
0.07031047646512684
0.07005311364346169
0.06970872111070013
0.06946031161280847
0.06932658749882369
0.06908070745460124
0.06874461625948317
0.06856151255167933
0.0684624246251546
0.0683399093839919
0.06827994249171786
0.06819312769673322
0.0681072428829169
0.06802771198728227
0.06793922983714891
0.06769626830829566
0.06642116294256228
0.06542688376949435
0.0635215534666622
0.06194835969425783
0.06139229484936705
0.06097102657291058
0.06064621095010361
0.06019024694366821
0.05986957382885446
0.0596887020662476
0.05950212551184783
0.05902900038688051
0.05880154028737076
0.05877819423922009
0.05846221906113785
0.05825438765124222
0.05809495211262814
0.05791848854410836
0.05781418482436099
0.05774903911731489
0.05762526844322988
0.05737781521482352
0.05708639501048745
0.05699801594014409
0.05693297724969115
0.05682069022742449
0.05671586484336874
0.05664284896736166
0.05659413997725551
0.05647592408589568
0.05638889830314351
0.05623389321781628
0.05597787146485544
0.05583206723571973
0.05575499953351944
0.05545597619051054
0.05534390641574786
0.05529418833522372
0.05519368416753308
0.0550739111454257
0.05486286892195116
0.05464550811698329
0.05432535968824528
0.05406558493004508
0.05398566126574164
0.05391743795552305
0.05373752156069194
0.05333379874578181
0.052726754501282
0.05256321548682923
0.05239039486780864
0.05230542233101902
0.05220662748381789
0.05212873593011499
0.05203959872619925
0.05193232298096005
0.051845956753961
0.05174691452005656
0.05162736638118239
0.05152854390254071
0.05144730851100862
0.0513389680616038
0.05108065626346232
0.05078549973072576
0.05048091354864298
0.0501725353847909
0.04999559345233904
0.04992222326849623
0.04959823350813424
0.04944634932738748
0.04941522740157488
0.0493658865039614
0.04932054600183762
0.04929724600394678
0.04925092561525619
0.04913144402113265
0.0490405224494139
0.04891535181796446
0.04868498026824109
0.04837561717134741
0.04784099235307886
0.04755349958347386
0.04696294205911419
0.04620592511349943
0.04582876478488999
0.04575588610497199
0.04520347103578969
0.04505825285194016
0.04498075165591834
0.04489792514350099
0.04478135224656254
0.04472871499139094
0.04465303659106595
0.04457933935189189
0.04454909323670825
0.04453691065328016
0.04444582452557667
0.04439328741844541
0.04433310495288439
0.04422957318402142
0.04396501136849604
0.04341771657918365
0.04260394152495493
0.04231746219769802
0.04231681250921346
0.04208678555639217
0.04201567431755879
0.04194690940113979
0.04185726041899397
0.04178343354973722
0.04172591870912892
0.04149876036114549
0.04137028873429037
0.04132221593595838
0.04114627908043744
0.04109586518726974
0.04102506822560945
0.04095763220102409
0.0409074656930191
0.04078480681899424
0.04061539659410727
0.04053906056200651
0.04046622929233275
0.0403750947139642
0.04030265310695335
0.04022244589665375
0.04012082215495198
0.04003137006591947
0.0399370231390886
0.03974097520843983
0.03949985526666076
0.03921637656135994
0.03899140153098489
0.03887483763471281
0.038827208905893
0.03864110972010538
0.03851402601718502
0.03848958679139332
0.03844592378926584
0.03840477488117811
0.03838906180415919
0.03838510902536434
0.03833941113104822
0.03830926245839102
0.03829003705699697
0.03821288196321019
0.03812820840065725
0.03797121571919371
0.03778329039885565
0.03736143718660656
0.03688402249211682
0.03633375054989679
0.03612089442626103
0.03598525552373209
0.03563507747753979
0.03514473184802294
0.03474755230157338
0.03446724913444855
0.03425026280522316
0.03400046213606123
0.03385510146914934
0.03383832134901683
0.03376578323584414
0.03372481582119091
0.0336990521931128
0.03362228351239169
0.03342437594147741
0.03297514826329782
0.0326978342134944
0.03250472795470109
0.03209975242762811
0.03165281207362711
0.03127013625259578
0.03091670384162199
0.03048193447926743
0.0302154403918821
0.03007441912047122
0.02990417983533913
0.02976874587470858
0.02960446181607956
0.02951165501469212
0.02947021887405083
0.02932606832871845
0.02927696012701424
0.02922143697793053
0.02911368786786065
0.02903226767779376
0.02891105782646188
0.02885847223297574
0.02882894490332854
0.02878425265824168
0.02875477957820238
0.02873592151389822
0.02869662798285612
