8.014638916265257
4.184451198242289
3.687692265849798
2.978590956990709
2.538048554229755
2.133983658938762
2.017971994158358
1.631241569209192
1.387309393056118
1.230784471385283
1.183409076716925
1.043541613723157
0.9303950747515418
0.8704744120438218
0.835997665430027
0.7528572425688753
0.7238125057680936
0.6784694838478438
0.6650943483547925
0.6467771503827093
0.6301533559818103
0.6135767962179225
0.5703211729526705
0.5311134301130566
0.5119806746268002
0.5022598367385954
0.4693493177711347
0.4565700053634137
0.4380868978384457
0.4326998617325546
0.4252830142690439
0.4171030410392781
0.4098802573530796
0.3973656712736804
0.3858703154884298
0.379108451542708
0.3760106433647854
0.3678328162560787
0.3620610596559087
0.3572415560696481
0.350183841960743
0.3472511046223713
0.3454047999541067
0.3407693759964111
0.3239556938599676
0.3184137918195827
0.3024462425419979
0.2883633787819888
0.2731757514966572
0.2658450764070475
0.2567584344228343
0.2531166661852396
0.2490127623161482
0.2451309472964801
0.2421627747781228
0.2387710688254651
0.2339621181180517
0.2318114385556697
0.2312799785420286
0.229328997335503
0.2284027243754605
0.227664337012365
0.2255489110804307
0.2232741815044567
0.2213577139155594
0.2203011789044359
0.2182216939330861
0.2127354276777393
0.2091422312817016
0.2080775353207951
0.2044862819219962
0.202779385179189
0.2020720331145733
0.1998245796797229
0.1975417940494499
0.1962083237421502
0.1929255818182972
0.1888363910679352
0.1871177794432375
0.1869262986311441
0.1833657386903674
0.1822982084504927
0.1816434279282216
0.1795667593447834
0.1784352301713287
0.1782667886343185
0.1774822914735866
0.1767332306462055
0.1761658425784471
0.1753913929562862
0.1750615373429038
0.1749551161847941
0.1740276775794971
0.1735021950679755
0.1727253160935598
0.1721753228821614
0.1709844528723274
0.1664248631997343
0.1643552703183025
0.1638178551925387
0.1589874073092663
0.1575990666709887
0.1566442018441174
0.1560270531811529
0.155247438714876
0.1548369913229186
0.1545789723697978
0.1542542161552323
0.1540559234203515
0.1538823015345018
0.1528559152672854
0.1520815023701174
0.1511003978081906
0.1499707149450787
0.1493961143667347
0.149269725266213
0.1488320696910474
0.148586197384424
0.1483495172805055
0.1453023006474298
0.1427019991268307
0.1401962844417995
0.1373960827258694
0.1325184458068907
0.129577823800685
0.1252023879946681
0.12349062110144
0.1233806274575184
0.1220487083257969
0.1216131408466434
0.1212920747531981
0.1206820808131853
0.1201237407063272
0.1199846471061363
0.1197917536821616
0.1195875943719113
0.1189912942600218
0.1179686610573981
0.1174408664644996
0.115887722512429
0.1155147353874784
0.1149769244908338
0.114559278135824
0.113731838899276
0.1127099455026538
0.1122816027381989
0.1121719848145036
0.1117417853478182
0.1115089455682797
0.1114302103446012
0.1111657653561667
0.1110396320834332
0.110546984293104
0.109619145081248
0.1089180537730792
0.1076644796822221
0.1069023404330937
0.1064222862426908
0.1060316066655876
0.1057598224530033
0.1051983227857968
0.104874211700523
0.104697415651773
0.1044925602665512
0.1038118281364826
0.1034240170579105
0.1032381370733599
0.1025577120304124
0.1022441351681817
0.1020529738342089
0.1016051181190126
0.10135919609275
0.1010603771356132
0.1005309028863188
0.09981243319752434
0.09960337769255836
0.09942756202216695
0.09919536143423166
0.09876305245882391
0.09849026473380366
0.09818690448700165
0.09717764838841556
0.09648092346132461
0.09597763829336758
0.09523584736628288
0.09466841209123923
0.09451708162885113
0.09401379879165138
0.09362268153534416
0.09341866807370813
0.09324947217490825
0.09301646948495984
0.09282923368469635
0.09254259929899251
0.09239724930009145
0.09230292218056423
0.09190979355234792
0.09184659535428827
0.09179701052793895
0.09159866224082437
0.0913200623106486
0.09109478212143453
0.0909810048089906
0.09094864687678993
0.09073548364485821
0.09052070519241762
0.09038787316625578
0.09019127559917473
0.0901267392651018
0.08992114592692128
0.08968824711119761
0.08832966712076877
0.08642120304447708
0.08469352841868559
0.08404767211311241
0.0836997381117893
0.08343627495697249
0.08313606233466297
0.08268102192153934
0.0824687369722424
0.08243033941620083
0.08227710804622934
0.08221521132330505
0.08212670408476119
0.08203429065322565
0.08194475443169293
0.08172883833420443
0.08089952406832629
0.0802809031222894
0.07947940371837764
0.0791738918413422
0.07900110851516333
0.07871523303405892
0.07809167764356546
0.07763024848728163
0.07719454183757427
0.07669439021144425
0.076462332892391
0.07636389286357079
0.07623262790818017
0.07610946258261343
0.07597874086826452
0.07584359252953272
0.07547761764654148
0.07421297709759242
0.07243770511427983
0.07153149068235531
0.06913096968248862
0.06752848550189997
0.06688498998511055
0.06518182740849891
0.06408997404667302
0.06343163981008819
0.06119793846635428
0.05999241514235513
0.05853555934066577
0.05774588754258467
0.05712683228304671
0.05625021239922611
0.05522519335808099
0.05498007512436977
0.05469002823940834
0.05455096733088315
0.05447136650163065
0.05415049647935894
0.05402960705831081
0.05395628128209324
0.05365347004951245
0.05348902469414082
0.05334992392532509
0.05283971069319735
0.05260357096924181
0.05253661719830029
0.05230184612363627
0.05209166411119614
0.05164661417339962
0.05107948531915223
0.05054923986888343
0.0503315642568815
0.05010057450020829
0.0499833744119466
0.0499413437828238
0.04976309978931915
0.04970661518644037
0.04967578760544956
0.04954991828306683
0.04948972966010966
0.04940192337913687
0.04922871854514965
0.04903053675894086
0.04837900370014659
0.04806345845237204
0.04767167581217432
0.0472993407589938
0.04699157475048629
0.04672009496438774
0.04599652357445147
0.04524992882181615
0.04431355215201205
0.04332414080758189
0.04275782669214941
0.04258952213633867
0.04201573335367451
0.04177002540582168
0.04168441248092804
0.04144802661762397
0.04136867544865212
0.04106473673119262
0.04095571581768437
0.04081084957240747
0.04069906620289681
0.04060894787893304
0.04047229336835471
0.04034008573067964
0.04027689201042575
0.04026656707412378
0.04018109262392154
0.04013729391631232
0.04008076605250127
0.04001747415237255
0.0399546106350245
0.03987749158696489
0.03986893702035162
0.03958065744647713
0.03934053205347747
0.03891253342386449
0.03865261935527958
0.03856914272858009
0.03845377722596928
0.03840019065539658
0.03836750200626034
0.038232923498853
0.03816220831062105
0.03814234242269037
0.03801088572102345
0.03797945414664103
0.03786824058332698
0.03775934581710448
0.03754281801946454
0.03727989253052109
0.03681958055796794
0.03625807555343077
0.03578256064566673
0.03539161736513746
0.03478067576257045
0.03423156431149837
0.03399031521709782
0.03382048846642177
0.03350765632805077
0.03318835116651472
0.03311537185111121
0.03303787105122321
0.03299924125113642
0.03297319011451208
0.03287204807071811
0.03282068137699356
0.03279946568029972
0.03273629451298744
0.03269539845707276
0.03256910808099637
0.03239561367002458
0.03225612799778125
0.03213837683735032
0.0320030111430739
0.03184486778252192
0.03167368223752923
0.03161773601795338
0.03158848379780436
0.03152955687334295
0.03135737283694403
0.03120216738009417
0.0311006692142273
0.03099727346241685
0.03085889599264233
0.03079802313444186
0.03079163443747455
0.0307187652329874
0.03069183328545932
0.03066668533421553
0.03060284062095208
0.0305130817211955
0.03042749427921499
0.03034440387831357
0.03028584054775403
0.0302135071319049
0.03012240872499946
0.03003124974371435
0.02999591723339308
0.0299633950515095
0.02993925766632722
0.0298220711047167
0.02971327159686298
0.02956476709201908
0.02950304012752836
0.02945402504186913
0.02940772496222029
0.02933022499336127
0.02928646530885217
0.02926310197492796
0.02920424159977146
0.02917784129630863
