2.725413781904319
2.316162756969306
2.094880440044533
1.853827878647954
1.779897830684518
1.637303181643952
1.542375788082307
1.493051045761272
1.462106691041502
1.358416897131293
1.338079614647479
1.324007363589546
1.303064755548769
1.254829842631305
1.201792888064035
1.170603165268037
1.154594515703853
1.093627328946
1.07948580867251
1.067653759207958
1.026914266240993
0.9798524811425802
0.9280686291956074
0.9097664667744831
0.8951146574789108
0.8695861815131452
0.8307919380421074
0.8077284775104342
0.7886693455346665
0.7595963670897794
0.733483520660119
0.7254766434272397
0.7206228784491527
0.7091462167529365
0.6675923394171512
0.647255059789366
0.6355971257058689
0.6117247917721943
0.5970686479021323
0.5871012247884613
0.5632526430635607
0.5560246427402602
0.5529853984241422
0.548622671085005
0.5447415986210615
0.5420894821515375
0.5392062723786655
0.5347458476298144
0.5311677582704586
0.5299541272652227
0.5270210191958333
0.5197620463882839
0.5089592164102343
0.5026250446533961
0.5003076900215001
0.4973135477297052
0.4960842279546567
0.4950093992726232
0.4931720405789842
0.4918952226769042
0.4912219477594011
0.490899419641721
0.4894939864466383
0.4885563701810962
0.4881073273540056
0.4862676228196864
0.4843896928888231
0.4793207912856767
0.4746988527595892
0.4615789679287263
0.4463180298790982
0.4302793111862367
0.4238974994475284
0.4214555876957866
0.4193840110351517
0.4159911608261808
0.4145917141017066
0.4138267186485992
0.412705361192915
0.411763451882444
0.4109164017761736
0.4098125177933714
0.408150956389444
0.4063260644709927
0.404681029669191
0.4034423198917323
0.40274199317984
0.4010724663510617
0.4001419142676572
0.3976632634253093
0.3953459028699965
0.3898777059013459
0.3853810047011311
0.3831747846641845
0.3802233511386499
0.379247480053494
0.3781243849364479
0.376838053347797
0.3753721910072605
0.3743714675975878
0.3730260311455888
0.3718419153490658
0.3712549384747647
0.3706435055805018
0.3700115916607876
0.3687649460430724
0.3680239764106352
0.3672938365181154
0.3648325164927998
0.3639214384453645
0.3635233403717977
0.3630473263045389
0.3620733967923337
0.3609559884811613
0.359716588654969
0.359139171953555
0.3585340098069272
0.3581704031509914
0.3576581135071223
0.3574601056737644
0.3572561239330043
0.3569779664149602
0.3567225372792618
0.356307646411565
0.3557929541723617
0.3551720174516097
0.3546315963262534
0.3544674977721914
0.3542887517119185
0.3540823874488954
0.353616383098543
0.353075416140216
0.351707878991193
0.3497494202340192
0.3491487818359821
0.3489328027539888
0.3488041423321585
0.3486967528091855
0.3482843960777099
0.3480937434026495
0.3478856057915205
0.3477333269885662
0.3474651265343509
0.3472393708058271
0.3471140749504339
0.347052894569674
0.3467801973864464
0.3466833020049524
0.3465687376771902
0.346174383455541
0.3451778874772757
0.3421545332475294
0.3205704990478099
0.3045862399626347
0.299825503622683
0.294761282976094
0.2927198905966321
0.2903422432017654
0.2889366790687748
0.2881385417902049
0.2869367843973625
0.2864109232157365
0.2860813664092701
0.2849762950497005
0.2837367163315785
0.2827118129158562
0.2815443208124882
0.2809318185229536
0.28020888676567
0.2799848746313411
0.2797997782636389
0.2791573564590663
0.2788207108169314
0.2786765597282364
0.2781228220046537
0.2779433235016482
0.2777275203146609
0.2775699998642558
0.2774301805261505
0.277299338948543
0.2771631786532079
0.2768988351150382
0.2767663647909975
0.2766642462870415
0.2765197105690546
0.276469725540852
0.2764387754071805
0.2763351355893642
0.276278152854439
0.2762434578653405
0.2761001002063637
0.2760158908150168
0.2759711684764659
0.2757964479788793
0.27566441620237
0.2754954284678851
0.2752980143405462
0.2751655238134834
0.2751080035507201
0.2748793795333679
0.2742813308857631
0.2738428770316148
0.2727784144094639
0.2684379112364101
0.267396094824041
0.2672589697718252
0.2671011483447021
0.2669195766244872
0.2668153534437016
0.2667588098887048
0.2665294100803673
0.2664623396998184
0.2664207386558027
0.2663750645744679
0.2662281879540777
0.2660837025494447
0.2659517691556126
0.2657567121356617
0.265444996734121
0.26515755578318
0.2647629629622525
0.2644269074689874
0.264090303734322
0.2639274395012784
0.2637395948603617
0.2633804505900966
0.2631579348833529
0.2625608161596752
0.2617230441505839
0.261201563662372
0.261020086047746
0.260768589905866
0.2607033083248669
0.2606244403769564
0.2605274248930775
0.2604776106778668
0.2604423898995384
0.2602983515906692
0.260262364404401
0.2602269814767916
0.2601235073421566
0.2599789517862119
0.2599023708782756
0.2598409512624276
0.2597498242711543
0.2597100371074043
0.2596887379917458
0.2596536210080505
0.2594766973572044
0.2594287590689413
0.2594054042370017
0.2593528239688487
0.259270260322259
0.2591071520489475
0.2590332843992778
0.258738598568911
0.2581990842548049
0.2575431226305541
0.2567905294604372
0.2562407533356358
0.2561600468202411
0.2560807830927819
0.2559127503774707
0.2558088555823885
0.2554888670335582
0.2550965408481523
0.254367677283818
0.2533305503865835
0.2528168499419635
0.2526517962802359
0.2524206870655613
0.2523437479498262
0.2522886980630238
0.2522410111679989
0.2521737491596127
0.2521062518264767
0.2520511905987767
0.2519435432689225
0.2518686939039477
0.2518134897296627
0.2517738950169139
0.2516950776112865
0.2516433197625383
0.2516070915362452
0.2515554400570685
0.2515016382096616
0.2514826342708557
0.2514309270030297
0.2512324928065593
0.250618170112928
0.2454642228152425
0.2396805894627966
0.2296323007282712
0.2271939062758077
0.2248063475466608
0.2223599020666043
0.221254448300194
0.2203136130448407
0.2199130127849287
0.2193240698105473
0.2190134558795172
0.2187380297827397
0.2182561001678984
0.2180782385740991
0.2179882435968004
0.2179158908453956
0.2176404020341922
0.2175252415297485
0.2174519490578788
0.2173880244223364
0.217168420670101
0.2170015861067829
0.2169290972935364
0.216821715054779
0.2167217825882984
0.2166781619699899
0.2166164748990674
0.2165645615714944
0.2164745872456661
0.2163670403774823
0.2153233423603929
0.2150768870753024
0.2148602705731745
0.2146169888328296
0.2144261022754659
0.2143530548257635
0.2141858698784773
0.2141009300922407
0.2139135603230932
0.2137390246166328
0.2134683866637881
0.2133898637059399
0.2133140034209846
0.2131401184888469
0.2127395485473888
0.2122260882579142
0.2120022227764927
0.2119758488008288
0.2117041180669247
0.2116401283646694
0.2115626442974092
0.2114884030782754
0.2114153126339144
0.2113302304357642
0.2112922732926289
0.2112419564164105
0.2111999341803694
0.2111650052252551
0.2111114091865527
0.2110589574116726
0.2110211450498746
0.2109955460102537
0.210870447258258
0.2105905969658708
0.2099860981965754
0.2096614753684374
0.2094743192748713
0.2094300842447759
0.2092619968305157
0.2091836380614706
0.2091740271650573
0.2091225855128431
0.2090927672179266
0.2090733943074059
0.2090297179302692
0.2089807094675529
0.2089440025015242
0.2088902994702904
0.2088367108383329
0.2088031647758442
0.2087928303337712
0.2087575198998482
0.208726806576167
0.2086596009529211
0.2080689755099564
0.2077434350440924
0.2076346331702154
0.207509226362758
0.2074136211923673
0.2072801606899775
0.2071492614549328
0.2070949352448945
0.2070185055024869
0.2069061071888825
0.2067853049884587
0.2063458148102369
0.2061732222688479
0.2060194602305851
0.2058513474281849
0.2056070290929889
0.2055800937512178
0.2055414142786936
0.2055163299657423
0.2054770552847986
0.205440181899083
0.2054195251851784
0.2054016078157881
0.2053878288121057
0.2052201900655532
0.2050761294213825
0.2048368893114008
