8.844706426246901
6.855071458899118
5.129530313727439
3.820224042927522
2.723213228311908
1.995455665001809
1.709965114193112
1.474236263354613
1.232264067518842
1.077776666600615
0.9687493216265632
0.9147107897733634
0.8048355757110783
0.7609125547441546
0.7003557327312019
0.6789062101996164
0.619319251934847
0.5521714337899937
0.519143293014445
0.4861433444647049
0.4544292957078286
0.432196665652295
0.4188540101625203
0.4007310377986523
0.3902850143548343
0.3818407137909647
0.3744279160806852
0.3691768751357892
0.3659761104627229
0.3622481248437484
0.3469742659436248
0.3379232032720799
0.3330941793481539
0.3285998284664706
0.3156396145390036
0.3096245101498866
0.3069530370904821
0.3030233207521115
0.3015112601103508
0.3009117755063179
0.2984283679335595
0.2972357571351902
0.2960620409528182
0.2917275500318263
0.2865182608000291
0.2832847908953179
0.2799879805615508
0.2575772894314811
0.2398018276184177
0.2322497018049153
0.225114220276263
0.2231612235043649
0.2204600066898405
0.2178815982258298
0.2163161915031321
0.2152475168061791
0.2114677995608957
0.2096927812931838
0.2088975361859078
0.2058703569831898
0.2044887362004587
0.2031895036784139
0.2003895833341594
0.196203113887975
0.1954024270929151
0.1945540022726033
0.1934505351698947
0.192752963681833
0.1922228355548023
0.1903961393300196
0.1881755027011222
0.1873284742540955
0.1864720417323469
0.1852916693708005
0.1846444590564344
0.1842682007503749
0.1833650644764913
0.182364002306734
0.1818342383645438
0.1803982255705967
0.1783618282572775
0.1767343918653409
0.1759340696426546
0.1735858692937024
0.168805901812288
0.1652855838155664
0.1611844906474509
0.1543487523916144
0.1493312491879255
0.1472770124229461
0.1447319467028571
0.1441167811571593
0.1437839876391692
0.1429155436434008
0.1420542868121288
0.1412066679532563
0.140166630229077
0.138782156708788
0.1382613757702399
0.1376749191797383
0.1369458899436927
0.1367261601085177
0.1362195068004759
0.1352262045906115
0.1340556210288933
0.1331211938852159
0.1318951564729815
0.1306876509618476
0.1297226769230705
0.1284228780248087
0.1270842059486848
0.1265555063129895
0.1263023931343586
0.1257335243424371
0.1250658904004558
0.1242034755759343
0.1237218942170144
0.123524146844604
0.1232238896369179
0.1229881902761416
0.1228640721927585
0.1227386121515888
0.122207072702652
0.1217975064865531
0.12121910387101
0.1208004153338119
0.1204960452406747
0.1202778195760905
0.1201558376861229
0.1199852690030218
0.1199128925373309
0.1197422328330173
0.1182889621599133
0.1161321055100294
0.1151983760901263
0.114274585523901
0.1134726139468742
0.112417126335377
0.1115792841960532
0.1107518253855335
0.1101070402840691
0.109600292010781
0.1088779854275778
0.1085912625861495
0.1084318841599592
0.108231605159386
0.108065375441525
0.1078272490439648
0.1076989722822408
0.1075980387199817
0.1072082220027439
0.1070052483720011
0.1069450649344344
0.1063042300468352
0.1060880047567424
0.1058965073146532
0.1051663519785503
0.1035880589632199
0.1012538346863551
0.1000915733686926
0.09980031998105218
0.0990609404927366
0.09883564582881345
0.09871761678129502
0.09845688949750821
0.09805629811232845
0.09792980771101861
0.09782655903030912
0.09766547656822777
0.09752465274613105
0.09744647652083485
0.09715622537820888
0.09686222516827704
0.09652974743741902
0.09631478887069719
0.09607852438041237
0.09551000609185367
0.09496366307580502
0.09416535559199223
0.09345108870645644
0.09319412928929816
0.09291412795412293
0.09257409563424934
0.09230262963699118
0.0921562453970073
0.09170437320806168
0.091299851912561
0.09076031966276815
0.08970567084489479
0.08859341026555971
0.08744196283947951
0.08661477627941241
0.0860707723447917
0.08431991197282852
0.08355626995303216
0.08295466251586135
0.0820887899686399
0.08093277329894341
0.08069197152233146
0.08056344128576014
0.08046108150850824
0.08038842765080899
0.08030547134292966
0.08020534587934074
0.08011894325122255
0.07985820745519891
0.07930420888643221
0.07797827378989025
0.07624645929556335
0.07445340976974926
0.07335315093331214
0.07294530011030041
0.07244235792733018
0.07223255858869405
0.07206158872355399
0.07184557028638565
0.07168519737531952
0.07157393399676303
0.07130270354783329
0.07107525849942227
0.07097897882518849
0.07086376252334949
0.07058350611307335
0.07020894635417003
0.06988584490043016
0.06959147991019454
0.06941068686456119
0.06927520735745704
0.06906586105146745
0.06864012275550081
0.06822366863589135
0.06796994169134113
0.06778793138629771
0.06723065678564591
0.06691188487657686
0.06665860777941943
0.06649519085824067
0.06632554793663857
0.06608883705622379
0.06602025168231977
0.06594441528972504
0.06584968981579856
0.06576417815890231
0.0656634838031069
0.0655202246949987
0.06537538554811476
0.06476429915998762
0.06419484937175415
0.06360714748232074
0.06328173966421081
0.06317804723490918
0.06244766442483765
0.06198836044921456
0.06175578684575263
0.06114668688419062
0.06102191186044089
0.06091433771713814
0.06082516203208206
0.06074515427558033
0.06043346840297925
0.05913931767685721
0.05859587029528186
0.05808397842093209
0.05736206875128561
0.05672450527948335
0.05647520478370671
0.05620078746191737
0.05589980963577192
0.05573629985120791
0.05566098871047889
0.05537007489792728
0.05524411793472427
0.05521178021129643
0.05507096036875877
0.05495210915620374
0.05482783690717871
0.05458577033550861
0.05422934071503892
0.053948616114364
0.05386699335113842
0.05375953690343322
0.0537090578925005
0.05368046620407757
0.05359102951993462
0.05354637459448332
0.05348611091995872
0.05343073749134136
0.05333297746388684
0.0531936395379626
0.05293512729267962
0.05276188642683177
0.05254629084514844
0.05174397194116579
0.05079567153282517
0.05059561082782493
0.05049840891815025
0.05042498327449836
0.05010968206869632
0.04997117361799647
0.04993136430465942
0.04984579550830088
0.04966876008726462
0.04940795645185009
0.0493103703314238
0.04928006496280791
0.04919309089949724
0.04915074637118143
0.04909745577662464
0.04896676899620565
0.04870403893538743
0.04830688652799192
0.04805328932708719
0.047863700604358
0.04756926527742621
0.04695924043818975
0.04667331734004236
0.04593279356036157
0.04521205396733165
0.04423416377619539
0.0434806835403003
0.0430732070785966
0.04255869734418369
0.04235731739448633
0.04214407501573338
0.04202955855980645
0.04189337045652955
0.0417950106142895
0.04168376252226019
0.04153944390137047
0.04145082987745547
0.04141637025541842
0.04132075407056637
0.04126115509986324
0.0412020396441472
0.04100949959018307
0.0408999341143908
0.04083390813945999
0.04066966250245997
0.04043605989160289
0.04005930433761061
0.03984621909469466
0.03934089484817091
0.03874638085478381
0.03829723732197075
0.0376402126340374
0.03696191029872865
0.03682512116579666
0.0367553762823051
0.03668690968088838
0.03660158067982538
0.03650475647150113
0.03645087023730872
0.03641681272591651
0.03628199615931416
0.03622184059111494
0.03620774377528336
0.03615521144250953
0.03612469583997151
0.03610043558250386
0.03602626958028234
0.03568018289013918
0.03532023264775216
0.03519222434842516
0.0350525442003904
0.03486150587274795
0.03472106822474933
0.03467868743715951
0.03463684061629543
0.0345898893832645
0.03446733983029248
0.03438788981304717
0.03429992776755138
0.03418419925557774
0.03410422009008434
0.03398672622902472
0.03388590686219734
0.03383981330139098
0.03378747838408792
0.03364972496294066
0.03350570861536368
0.03343105910892678
0.03324708837608747
0.03280489446610834
0.032337753105333
0.0311361809093121
0.02984709110924822
0.02853086274792104
0.02765028781196475
0.0268935334688382
0.02522209147250051
0.02369655496675628
0.02341703929819738
0.02302974225724343
0.02282244719396301
0.02250494281720136
0.02194467786440706
0.02166964000085459
0.02133032947099645
0.02118703257600097
0.02103160403278264
0.02091387607796847
