2.423040064365773
2.26158134085222
2.157052261429425
2.03945670322857
1.922234057714741
1.83813752405657
1.727605226658829
1.554411231093729
1.429585660078244
1.351721970808978
1.252144505091631
1.196606765668548
1.176175243015334
1.137693093656144
1.10943417508681
1.077891825737773
1.027286452606691
0.9847673030523861
0.9615348886608757
0.9327858637072879
0.9180843114388559
0.9089866031343061
0.899553047822742
0.8654059932140818
0.8430606903091733
0.8368998608127809
0.8164412719973879
0.8111899037407961
0.7923422864419544
0.7341009419943422
0.695909106343119
0.6885233113514733
0.6668229901014606
0.6559375047881176
0.6474626909317462
0.6366689487520752
0.6327797170285673
0.6285822320538308
0.6126227842306563
0.5996726715278928
0.5865703555763239
0.5695081715218061
0.5622963694845722
0.5576166030604549
0.5465351157416397
0.537503150674438
0.5339430576771222
0.528688228638084
0.5235878433190932
0.5187114275883078
0.5109966955359172
0.5084858419162859
0.5060447833987886
0.5032043267043091
0.4998437429678901
0.4977585236248769
0.4951120142014072
0.4880202619803907
0.4821413191751475
0.4740937769914697
0.4586691435661788
0.4438848348109773
0.4300739037115348
0.4157339540147462
0.4093257078706309
0.4017384256928722
0.4000620281778572
0.3965202920534799
0.3943390210041068
0.3930929119098303
0.3901773531444165
0.3881946545048415
0.3864733103090305
0.3842464864402398
0.3833514821513262
0.3828558625532597
0.3821758578396275
0.3814720896035064
0.380150662965913
0.3785652352743033
0.3752196752635856
0.371758076848849
0.3669182103610172
0.3658037216136728
0.3651343832552942
0.3641713952639047
0.3636930816703632
0.3634442817146907
0.361911566718174
0.3605384283368512
0.3592191995448507
0.3571085734556673
0.3561320187084897
0.3555814747350661
0.3549839383174238
0.3536207675930474
0.3527490758804849
0.3522846733739514
0.3518917821788839
0.3508539380379945
0.3498011192971443
0.3486466344711596
0.3481521650278464
0.3480198092472666
0.3470061040151354
0.3464980883146137
0.3460456616009293
0.3454065066469171
0.3446837415255273
0.3439533042477563
0.343654261318472
0.3432411804107109
0.3428520665951062
0.3424675928436668
0.3420607811736867
0.3416739465111841
0.3389955357280902
0.3333499479507904
0.317222488125278
0.3030257038454251
0.2918747500713191
0.2859804446841251
0.2840278848748451
0.2812791961702183
0.2800222827970565
0.2792175955100102
0.2772548957232231
0.2751188893035537
0.2745169911509198
0.2740391376709102
0.2733771858374323
0.2726317105692187
0.2720190323323134
0.2716212700083011
0.2709093803148304
0.2700189111836933
0.2696609223520389
0.2695508267724294
0.2691821315556793
0.2689494794179738
0.2686910433029864
0.2675242000922368
0.2664273931511756
0.2652535245370293
0.2639311432567258
0.2627448214981211
0.2617449945836545
0.2603515615620024
0.2597242595241644
0.259500416614189
0.258969167474858
0.2588162331680092
0.2585947562379233
0.2584240509667161
0.2581162818979684
0.2569927373278114
0.2563039219459242
0.2558950325791843
0.2552800762440822
0.2548163011864419
0.2543101024810543
0.2538823640747958
0.2536601029838597
0.2533984624124147
0.2531988537414861
0.2528818109988571
0.2525566364525235
0.2524671259449029
0.2523387012403899
0.2522223443585129
0.2519276662982419
0.2513487681776987
0.2508736002554399
0.2503222616837716
0.2482657596426413
0.2436044274594697
0.2371031958736834
0.2335574379394039
0.2320499151323042
0.2287189021872066
0.2270053127749214
0.2250989931989225
0.2242038911630866
0.2231408432715193
0.2225983837445752
0.2220886954532231
0.2214306959811713
0.2208734409347805
0.2201689026185707
0.2198089184543608
0.2196839385484358
0.2188584465537705
0.2185368226398298
0.2181616477073955
0.2178057936039775
0.2174294864139507
0.2169963362568618
0.2166537513478623
0.2162107391367663
0.2155328252271968
0.2147227283601625
0.21374406870712
0.2135257533353585
0.2133988185781939
0.2130136384942171
0.2127687074324384
0.2126688069475172
0.2125279378980359
0.2123020675679213
0.2121393591511091
0.2120603261224566
0.2119539187898368
0.2118533706016649
0.2117438162810978
0.2116414569307954
0.2114363565596583
0.2109293606815477
0.2105052632951751
0.2088721467131526
0.2071435406358479
0.2064092745143422
0.2058235788142117
0.2049431531121486
0.2041143895201116
0.2038355477307068
0.203554323424857
0.2028634379933765
0.2024592370290917
0.2020480416343313
0.2014974766570366
0.2008953324004496
0.2008335229733214
0.2007631133269893
0.2006825999072367
0.2005441797502279
0.2003581111455982
0.2002476599198556
0.2001241424809524
0.1997418602717652
0.1994959417963348
0.1993312495044279
0.1990879394866087
0.1988865141140193
0.1988126387379279
0.1985876902513909
0.1985281345627988
0.1984540409337266
0.1982526503913561
0.1975402107055698
0.1970218841834963
0.1962161990773202
0.1954489245622583
0.1952685085688454
0.1951644839390166
0.1950498237553069
0.1949920750775387
0.1949715319663509
0.1948781636542181
0.1948164931912508
0.1947663238040318
0.1946888603317545
0.1946395699185907
0.1945787429787092
0.1944896634427884
0.1944360134856979
0.1943850887244469
0.1942921853065796
0.1941505085102617
0.1940705140147085
0.1939022079631043
0.1932487361502122
0.1931166354980844
0.1930832317190813
0.1930330888018109
0.1929038311480703
0.1925327227916818
0.1919008314795104
0.1893071654600502
0.1871511612892944
0.1849882995596231
0.1835562965931539
0.1816220788108593
0.1775122325858814
0.1757252177022306
0.1747481839167877
0.1739995102433694
0.1723079826029872
0.1720376664157462
0.1717197234950467
0.1715712157808031
0.17149189706241
0.1713864078877916
0.1712909541117803
0.1711934930609573
0.1710890117965709
0.1708917002186073
0.1706696707935181
0.1704003223343
0.1701793448269216
0.1699926226467861
0.1698804719009046
0.1697568528705949
0.1696832656650918
0.1695893653533352
0.1694960832537167
0.1694086706235629
0.169341640299739
0.1692431203695584
0.1690515243071484
0.1688460285974525
0.1685833056914506
0.1684183087525081
0.1683090603647193
0.1682066287129291
0.1681419957923994
0.1681091483988854
0.1680716495537692
0.1679518172997636
0.1676757721558808
0.1673658495569637
0.1667341981611592
0.1662441754272177
0.1657908954224243
0.1652832807095905
0.1644298385961577
0.1638327657677255
0.1624869613969023
0.159338204123209
0.1585877258604677
0.1579809165423617
0.1575218388491704
0.1569539764332053
0.1568065092341586
0.1564839636625871
0.1562567648978527
0.1561167607965742
0.1559573743887892
0.1558470663553075
0.1557858136552518
0.1557370759415479
0.1557035832789894
0.1556682635629046
0.1556321668267327
0.1555400710427894
0.155208242030506
0.1550799969378563
0.1549321606530129
0.1548094834058726
0.1546734816776198
0.1544109333286132
0.1542872329849198
0.1542554921489359
0.1540052634763428
0.1539121892876442
0.1538634425481102
0.1538093448383023
0.1537402968495571
0.1537033124991855
0.153687967336135
0.1536216740495844
0.153600954910731
0.1535798869249201
0.1534941221756859
0.1534294181028524
0.1532808096917861
0.1530819639831739
0.1528473041920171
0.1527981721281285
0.1527439416171954
0.1527106797595698
0.152683260264466
0.1526475076226791
0.152620484250963
0.1525910855963872
0.1525510561588049
0.1525309948154986
0.1525170062665099
0.1524448380502657
0.1522683996578315
0.1521657376216148
0.1518971739827306
0.1513694951797572
0.1506063553214804
0.1503150313031396
0.1501564115765155
0.1500924084853514
0.1500324346614041
0.1499956427867063
0.1499594286852309
0.1498725168250864
0.1497841443399239
0.1497427754999471
0.1496888834495876
0.1496726506377915
0.1496370403900501
0.14953116545011
0.1493907712374789
0.1492789058149004
0.149213982056993
0.1491798255315193
0.1490608251935442
