3.748436790679814
2.580235381070985
2.313805748842022
2.108021786615071
1.969514599425451
1.828683383398306
1.667204190103268
1.483878507095858
1.34828881510655
1.232650262343447
1.149518541642347
1.058044695913726
1.013463725870835
1.000807970262121
0.8975916490381278
0.8598883896370593
0.8324310060700343
0.8060066019634836
0.7224326781361331
0.6752045945366854
0.6584503078738982
0.6263094531343477
0.5965345096529783
0.5588165172167725
0.544185872530627
0.5260269477550588
0.5177789926653543
0.5080896247282176
0.500052712206067
0.4893108023388389
0.4817985727455755
0.4747800361946046
0.4542775948246163
0.4347061925779303
0.4225828948680326
0.4154339417324794
0.395691208777343
0.3897448485340846
0.3864495607492444
0.3828245251849265
0.3788349671785976
0.3753334934330471
0.3704620979977225
0.3664141664465848
0.3643461490729025
0.3636452348242358
0.3580814474392418
0.3547270777022002
0.3524717922563551
0.3501469711233647
0.3446459275688977
0.3365719476869193
0.330603327758928
0.3270598238263346
0.3237504682843609
0.3032354217206032
0.297045943238481
0.2933741975470684
0.2909490476255927
0.2877699413937245
0.2862847332226841
0.2853903883888255
0.2843917071655402
0.278818135493649
0.2760170753483565
0.2744417661171653
0.2723930320736199
0.2707358488014969
0.2691782891993737
0.2673511587306287
0.2655916043128754
0.2622999729564246
0.2586908048905314
0.2541289468443954
0.2497296683843811
0.2485041039173799
0.2474287252757554
0.2437541432640325
0.2394336543591008
0.2370370170001332
0.234628282532166
0.2321028494445602
0.2293394237492038
0.2285444709753466
0.2273686221521209
0.2265915890665613
0.2261236693055169
0.2255516358345605
0.2249671883481139
0.22461881894553
0.2242895081063999
0.2225307960262073
0.2214843952546088
0.221140937105291
0.2201390410044825
0.2197196670409813
0.2193232050668476
0.2189734900608678
0.2181322594863877
0.2171659037910601
0.2157934855559367
0.2155110692151334
0.2151016517373128
0.2147592767443158
0.2143573446354096
0.2141357867547728
0.2140280750032256
0.2135507205527558
0.2133911737817595
0.2131883381448718
0.2128486117689548
0.2124881922328512
0.212116349687437
0.2107834343682738
0.2086946699476969
0.2069490527952831
0.2044014681652393
0.2014426648655722
0.1994637864861034
0.1980133728456238
0.1973775413349623
0.1970175937617809
0.1964820334722698
0.1963978308805148
0.1962057525981846
0.1956055935832282
0.1949882784276341
0.1937049799970068
0.1900541942262306
0.1859689491293862
0.1837344938312234
0.1833778816008428
0.1821549218625296
0.1814034524575434
0.1810067022300739
0.1805036761327008
0.1802168130165547
0.180016939949007
0.1795928798940643
0.1790572448109615
0.1789289414646206
0.1786586046156434
0.1777922178195663
0.1773124470389028
0.1771839313813231
0.1766519820356865
0.1764687834457248
0.1763642107337886
0.1762713948235142
0.1758759335524974
0.1757170365653039
0.1755206145995744
0.1753544590199394
0.1749684820504774
0.1748316127087697
0.1743911106864986
0.173139567590867
0.1722362345493446
0.1713237335973825
0.1698190695433324
0.1687431857365187
0.1677326829741566
0.1674738616743466
0.1673571920275551
0.1671837428167499
0.1670566589733772
0.1667897385316287
0.1664594800201232
0.1663155493409272
0.1661615078343729
0.1658485885237834
0.1655567436673792
0.1651248231822744
0.1648908799175622
0.1647533346055083
0.164570585509664
0.1644860961678676
0.1644367599197943
0.1643667410827031
0.164059627235151
0.1638381969157427
0.1636943402166452
0.1628169505101058
0.1624415142508868
0.1614306572225333
0.1600818582723715
0.1590609910832697
0.1581166590181297
0.1573949769338698
0.1565057557730631
0.1554432151864093
0.1545749099365374
0.1541443361290556
0.1533026953936636
0.1531160104823159
0.1526971974925279
0.1521534570418729
0.1515594796020794
0.151420458087676
0.1513408080418865
0.1511429944517701
0.1509662752157705
0.1502593598953905
0.1499383701673382
0.1498572008840075
0.1491298684093411
0.1488699783841721
0.1486133247680904
0.1484781356775046
0.1483183568594527
0.1482076066636271
0.1481029273628106
0.1479053064095165
0.1477932718624455
0.1477271977018495
0.1476712506227023
0.1476202965886965
0.147537847297787
0.1474418411014976
0.1473971605244506
0.1472618265858482
0.1469250027178352
0.145592991747514
0.1442182570661378
0.1434467635275762
0.1431722443982019
0.1420668083519094
0.1417777328204718
0.141665822630826
0.1415550996300665
0.1414604803335361
0.1410523146384888
0.140927234560179
0.1407806567787703
0.1406285006903784
0.1405608814059868
0.1405479662894083
0.1404321801962787
0.1403523904624564
0.140272206242814
0.1401136947568574
0.1399232940602424
0.1397439436636651
0.1394831698970868
0.139363031908234
0.1393076764064025
0.1392260638557731
0.1391656550617551
0.1391143260786062
0.1389511104019854
0.1387661409476539
0.1386537255519085
0.1384779234807709
0.1378896541218659
0.1376123718884964
0.1374485406579143
0.1372436800960514
0.1368969546254372
0.1366279577959875
0.1361877223059474
0.1356947549199692
0.1355756612976842
0.1355111117287831
0.1355045515194043
0.1354545322148826
0.1353745366772569
0.1352608636279309
0.1351411006393218
0.1350476497362248
0.1348447912760471
0.1343420141738718
0.133676193442071
0.1330630397762334
0.1326962622299649
0.1323806577118367
0.1320361676771123
0.131917374577517
0.1317633165797659
0.1316404481391244
0.1314949748214303
0.1313869886604676
0.1313038425767166
0.1311366977318023
0.1310050828212821
0.1309320643082362
0.130896327605145
0.1307641541292034
0.1306474097591858
0.1306093952502048
0.1305307797090901
0.1302128155635098
0.1299287183556981
0.1296245075073638
0.1290175970354205
0.1283948252934249
0.1275801451882241
0.1272065286368449
0.1268888058007147
0.1266841808300056
0.12652117374773
0.1264497664076333
0.1263650924922736
0.1263046583922985
0.1262435756995744
0.1260636574761745
0.1258698113304519
0.1256002317229092
0.1253413228202462
0.1251722364132497
0.1251202122963116
0.1249327413361407
0.1248176673848933
0.1247800848083882
0.1246861417544532
0.1246123801241365
0.1245794923605773
0.1245109414009988
0.1244628015821592
0.1244083720756114
0.1241973688660083
0.1237798915671474
0.1233622835048974
0.1229545622773994
0.1214746169844115
0.1205000475440587
0.1199184544735268
0.1191274960571624
0.118776824268615
0.1187139524919751
0.1186216327999371
0.118541239175785
0.118488868069649
0.1183462113452443
0.1181580493822134
0.1181140175694637
0.1180622276124616
0.1179651545307111
0.1178803311500893
0.1177862027395975
0.1173611363546439
0.1169833729686172
0.1165951473809467
0.1164266183721353
0.1164263669497941
0.1162653782071075
0.1162159066028653
0.1160824376399917
0.1160009901414038
0.1159382068577633
0.1156995661728785
0.1156240963464673
0.1155346648905733
0.1154580035607252
0.1154066434026182
0.115333415097703
0.1152327092859863
0.1151431187097818
0.1151056318581391
0.1150583543709845
0.1150085574802726
0.1149749873918625
0.1149286644035309
0.1148746225365222
0.11481998733087
0.1147996976345455
0.1147603468430132
0.1146796137504947
0.1146027742986608
0.1145489365605299
0.1143628047881641
0.1142630200213206
0.1141243062811843
0.1138928978152119
0.1137694386916552
0.1134804268142296
0.1130944802588418
0.112813437091833
0.1126337941180839
0.1123924552693759
0.1121652552304088
0.1120826094667438
0.1120354033760469
0.1119759308727612
0.1118816110895172
0.1118138571678644
0.1115280420825307
0.1104463317038357
0.108362949297799
0.1070949268007487
0.103835260787326
0.1006185810698691
0.1001493809705938
0.09958761880584996
0.09866359032215059
0.09755697804954155
0.09646848247065928
0.09598208849421759
0.09563735627468066
0.09533586503342401
0.09386618764081479
0.093428317422065
