15.56529669172883
9.962398158390213
5.583501732197278
5.172627249437398
4.173861369318762
2.661614287021802
2.132861774556418
1.970546791602739
1.540949831831533
1.326768784770086
1.007236587898914
0.9115160933902463
0.8176951343481413
0.7284862955012172
0.6766245811792628
0.6484758255381589
0.5842640847856569
0.5576238156580832
0.5243041651487715
0.505461859319245
0.493571876720009
0.466555630382389
0.4541415008000933
0.4403088166343077
0.4127598204761981
0.3946429936676263
0.3707337065446683
0.3607208368793582
0.3490574302796414
0.3416672093523859
0.3377901642583589
0.3319061301641968
0.3280052599749531
0.3243883824953377
0.31591461037437
0.31115184989942
0.3047314273019229
0.272516316396525
0.2642564511305259
0.2610980861481916
0.256866300539952
0.2556317820282665
0.2537885899144148
0.252077633713205
0.2479298993957544
0.2342714640594972
0.2200823086353599
0.2125810776180678
0.2104146577832114
0.2018594583151659
0.1991216665089465
0.1973526899426782
0.1951105833324188
0.1932281293664519
0.1893783154826226
0.187846606026531
0.1846793514225304
0.1811953188543101
0.1768156968055986
0.1748574335259959
0.1741613910236103
0.1717082154341557
0.1704462846924701
0.1698631435163502
0.1683106097677989
0.1635832442642876
0.1611535482713897
0.1590375708236371
0.1568536367973992
0.1533148185708349
0.1503150157123019
0.147179968740564
0.143706418396813
0.1404444535437096
0.1381928083949548
0.1373377216460201
0.136109837801533
0.1350117200494895
0.1345703229732652
0.1336488719506958
0.1325078326244119
0.1319994997459684
0.1318587657391121
0.1309541550730828
0.1304652625479341
0.1298272368445764
0.1293837370729906
0.1287512043986992
0.1276451290539646
0.1268499430387733
0.1252178020385091
0.122912915547377
0.1220366637703547
0.119529986938937
0.1168182065651629
0.1133912122305258
0.1124931319447631
0.1119048531565712
0.1113497561636191
0.1101098482579319
0.1088888067776122
0.1084782928497745
0.1082312536731712
0.1080738220150509
0.1074035547729189
0.106980830208614
0.1067500983720084
0.1064429424036053
0.1061021690837041
0.1059036988097807
0.105398621281182
0.1043269737839316
0.1016917986620809
0.09866030284898294
0.09682092776895707
0.09512219421795889
0.08988454992427564
0.08848373421000645
0.08753129745757811
0.0871735896479485
0.08664748576811208
0.08621375351458682
0.08606248234846561
0.08573103560500736
0.08525916127611255
0.08445034029801465
0.0840356579725146
0.08346261809091755
0.08301504312660629
0.08285008976893289
0.08250497894327938
0.08139944988730907
0.07971804987386995
0.07856082307198083
0.07748079019982805
0.07671813097108549
0.07566513508160475
0.0752678086343018
0.07522278374270823
0.07470400470433762
0.0745265854026725
0.074334354031207
0.07368618651291016
0.07302886174803792
0.07136348000169022
0.07032220220130858
0.06794919536616634
0.06538920614482564
0.0637256164763335
0.06237660939220568
0.06044750274460975
0.05878415987545768
0.05789710266131108
0.05601684912230964
0.05508570226472732
0.05463183348846429
0.05298875301324837
0.05269269461809246
0.05252238046788883
0.05197849629566061
0.05142057908623844
0.05086539255833678
0.05013271893183077
0.04984908203833628
0.04978968972112579
0.04928025131126081
0.04911471039998746
0.04891292324141119
0.04873792216432032
0.04836700171010172
0.0480061856906869
0.04754893303605789
0.04724469374549269
0.04699566223840455
0.04572945129719708
0.04507453685059639
0.04494719418557968
0.04401357036563097
0.04366048962474419
0.04328758482877614
0.04288051334752789
0.04265149425786832
0.04253735114352054
0.04213360049176367
0.04198817218271787
0.04184946464552123
0.04167540197355443
0.04148786998671507
0.04134934555845116
0.04115475509362822
0.04079183104873352
0.04043419400222946
0.03991394913622426
0.03964687507358022
0.03956837449496497
0.03935690724365044
0.03922149074520365
0.03914992928497076
0.03885584949030641
0.03857588191632184
0.03825785074515563
0.03797158818250625
0.0373081986162709
0.03587925500188711
0.03265876910665812
0.03007380799095261
0.02792760750766273
0.02518966831443234
0.02426085945770415
0.02320099423344789
0.0225865816235874
0.0222877857832736
0.02186459506060951
0.0215311468156751
0.02138516035011567
0.02091365816903834
0.02032296704479293
0.02008874842488966
0.01994858704225299
0.01985716470264203
0.01955464445446457
0.01939130832576715
0.01929028895589315
0.01908204601712335
0.01878687095100466
0.01851368456673143
0.0183275742155927
0.01824166803395984
0.0181128516712965
0.01799987705340314
0.01795421394253608
0.01789251173141498
0.01785157838323357
0.0177415621920089
0.01760370822456695
0.0174821217656526
0.01742701402674051
0.01742102365756678
0.01730159481051179
0.01717603878740429
0.01711774614409504
0.01697359456693217
0.01678166837392922
0.01657956228348314
0.01651923013805904
0.01645595060112119
0.01637725438029311
0.01629011141975525
0.01625759626666589
0.01624938191614683
0.01617321603084711
0.01612586702124039
0.01609675178346992
0.01600401629189734
0.01591939546214748
0.01584255943164696
0.01562766515809478
0.01531541412317
0.01502205866362745
0.0149743670028122
0.01492562238506427
0.01486255233470386
0.01479916146477337
0.01473433364947453
0.0146633681426288
0.0145277855015363
0.01432974317792295
0.01411645790406881
0.01396310908839457
0.01391156205524057
0.01386204130771987
0.01380638148758319
0.01374430280198533
0.01366841826884564
0.01361172521356867
0.01354158921544477
0.01347547704770391
0.01341308323335783
0.01325841658047301
0.01308583674178379
0.01246759438227983
0.01191884606933619
0.01094419634952469
0.010150354154539
0.00956332680143776
0.008778830369040773
0.007736590354263172
0.007213463085517203
0.007121219905115063
0.006736268416401353
0.006558319214028625
0.006502864994012042
0.006295830109941137
0.006159293323461411
0.006066003822601061
0.0059349824950628
0.005881593844878338
0.005853631568691732
0.005745361670622822
0.005702948585551884
0.005689173104199359
0.005583159151433219
0.005518986709527168
0.005489697025374489
0.005426985754410032
0.005345243519617801
0.005258261717164796
0.005219879784990535
0.005210663430059453
0.005127202198454452
0.005091489562686904
0.005072288362690575
0.005036795143979155
0.004895060803217364
0.004861690140698889
0.00482815090328697
0.004807549178486525
0.004788813656663218
0.004696545917375337
0.004622394352922441
0.004568944057071442
0.004441758650804337
0.004363150203524358
0.004328929772942689
0.00430682621535999
0.004297529199038391
0.004276736482973735
0.004264721596297737
0.004247105653653442
0.004240404185044167
0.004235918314136572
0.004215992327650061
0.004208166475785038
0.004202696455697634
0.004178137578429242
0.004167610225257642
0.0041651529087846
0.004136130151624924
0.004120637617912724
0.00410914216132262
0.004072275092384035
0.003961736515334074
0.003796459458573991
0.003641290846315746
0.003601231399685713
0.003576311168151907
0.003557052107025462
0.003510841758302805
0.003459011216422709
0.003421558940270205
0.003405541581642089
0.003390181067601905
0.003379378904121222
0.003368257538596953
0.003327914280289422
0.003223667297497123
0.003138343269439518
0.002938613971953265
0.002717595869403393
0.002582789850919922
0.00241847871955237
0.002371376166720898
0.00231942456185222
0.002261571029905482
0.002220263081672783
0.002191511770804101
0.002150443916645852
0.002136486845445393
0.002128918650314777
0.00212498483738943
0.002107311062329066
0.002098749680949073
0.002095316715938393
0.002087465205374188
0.0020803308157487
0.002058286541405124
0.002030602393745559
0.002019376404803232
0.002016984575186841
0.002006158826265004
0.001998690730380821
0.001995745612616951
0.001974456534874073
0.001936291024957474
0.001901138811049081
0.00188517206977972
0.00187830959077597
0.001875620205296283
0.001865256491700801
0.001855643746476784
0.001850319890992051
0.001843454122820526
0.001822098673335042
0.001804659640568124
0.001760173062895455
0.001703271649550175
0.001578139765371406
0.001508138134134147
0.001437223353938382
0.001336332386572203
0.001292009613943058
