13.57658546041307
8.574952570163461
6.774988189963596
5.335725229672429
4.083477773076787
2.537343447723258
2.168752729421276
2.006000238874877
1.566885573192174
1.429626813756397
1.302993175883246
1.112858406692385
1.027272095066381
0.9734075400141611
0.8113262608707816
0.7320256330082194
0.7232733170949296
0.648977830165883
0.618216318491288
0.577021298291708
0.5632624976766885
0.5503549515054713
0.5203369239953204
0.4917016243759256
0.4781426085044041
0.4582716581229442
0.4477916563826354
0.4433678741224298
0.428253694746099
0.4230826397963097
0.4172130733699046
0.398931081626613
0.392017747839002
0.3822778169658927
0.3757291264267688
0.3707017588981592
0.3620236262715144
0.3539394622756061
0.3508371550123259
0.3468195027435276
0.3426746412750526
0.3409311566808036
0.338317366330985
0.3347567495766098
0.3304210631023899
0.3265151038594363
0.3226586973002155
0.3183803069987088
0.3136689108151831
0.3092130993476144
0.3059142181652533
0.3013813594851333
0.2867874685777215
0.2810233829448056
0.2786107221250531
0.2731279103069343
0.2653435975065142
0.2622995668443438
0.2609433738278926
0.2592779175060499
0.2573918102045423
0.256603911145362
0.2543486316694374
0.2480457284896214
0.239254499747063
0.2310857962272903
0.2236595251224692
0.2192448305318525
0.2173903424929742
0.2121391640022464
0.2059873987236857
0.2000503064988619
0.1957830033597568
0.191594013184892
0.1850323232394059
0.1817377675035537
0.1805967967662645
0.1794200492603759
0.1789795477314521
0.1785935085886964
0.1773187888698211
0.1746988573332455
0.1734447446727688
0.1716072064953731
0.1706438643618084
0.1699308306415879
0.1681795863104949
0.1672643335477867
0.1664855975760753
0.16573449408325
0.1645013142351182
0.1639570730614316
0.1639177225037478
0.1634681059227205
0.163303555136397
0.1630931415315413
0.1625197948839323
0.1610109140490622
0.1595574494871941
0.1582952364526939
0.1551049585730247
0.1512386717575911
0.1486577775085923
0.1471128012343612
0.1449060027661918
0.143887639809591
0.1435887673257165
0.1429172884775114
0.1421321383861505
0.1416839883341329
0.1414270876454099
0.1411806050528444
0.1405101063573431
0.1400536188412496
0.1398270031397907
0.1391032445937547
0.1387942669833951
0.1384855586665287
0.1380385428739672
0.1376210076665713
0.1374835840789478
0.1372798959455928
0.137093511230944
0.1368993471206099
0.1366090038947716
0.1358525558803083
0.1333484511138271
0.1274818535050977
0.1211546138740518
0.1169014651787299
0.114048947780553
0.1100601083945673
0.1091416672719887
0.1087301340194003
0.1075121452464017
0.1068797319069869
0.106497610472403
0.1060210182047546
0.1056933865340715
0.1053507277091972
0.1048826910188046
0.104538966627147
0.104325842921087
0.1040710470119218
0.1038780741323828
0.103639613511078
0.1030710726445766
0.1027546771809744
0.1022460632748102
0.1008958169209338
0.1000997603296448
0.09957575010765805
0.09903829131056191
0.0979582335370007
0.0973291450210671
0.09716581382889478
0.09699225183376269
0.09690787192107592
0.09685955159945688
0.09664093201093175
0.09650755384471189
0.09645539239782833
0.09627159450710485
0.09575434898983388
0.09474290720927611
0.09264404935627357
0.09184606478108175
0.09076993971605245
0.09016535872110856
0.08923547774056678
0.08839901913806678
0.08807451922218942
0.08760445172048983
0.08740825212345522
0.08716329969725205
0.08671762770472244
0.08622619958336381
0.08556718509332908
0.08545811095903209
0.08539807788431489
0.08516555282954709
0.08492357627413209
0.08469999835710351
0.08406489438310977
0.08338395313502782
0.08269917331599244
0.08199931473554867
0.08135277860492361
0.08058317051001446
0.08008418698249559
0.07956606412161496
0.07885706005668061
0.07828368417700668
0.07813358589398159
0.07791838973161411
0.07773034807661554
0.0775737824821363
0.07721362802093047
0.07670648129544429
0.07626294291664071
0.07614565661162133
0.07602600554118323
0.0758505454020949
0.07568328600185546
0.07562380127818742
0.07554073469231908
0.07546060675345728
0.0753873325314558
0.07521462539186578
0.07470713635274172
0.07141779713966585
0.06905052878071458
0.06774281571638149
0.06705521112493401
0.06625152309716019
0.0652852503092331
0.06496393597866364
0.06451413835643191
0.06416205405141086
0.06382216255380919
0.06343762351511469
0.06307413547920528
0.06262196231532378
0.06250301829666691
0.06233873670260026
0.06216854517158926
0.06207715683551368
0.0620067759187744
0.06152957796904778
0.0611055478243978
0.06064787478976025
0.06010965076459813
0.05990821254497799
0.05979455234006125
0.05945940974190807
0.05903883272914534
0.05867475670166527
0.05839552833605209
0.05803640088247572
0.05728235220422605
0.05682856912491288
0.056367273868865
0.05575950749367223
0.05522779206299099
0.05496298552462555
0.05463642771372235
0.05427885669963251
0.05400808905178091
0.05387972652364161
0.05368774444878231
0.0535750998128962
0.05349267718463521
0.05337640552105696
0.05303341116168558
0.05290696105088543
0.05272079364227139
0.05264022665573878
0.05262755139487465
0.0525440131478565
0.05250937562882179
0.05241883533271339
0.05174668665847917
0.05090998539509493
0.05054334383386765
0.05050887015729261
0.05004645205207666
0.04986979625472621
0.04975131918019225
0.04959141139451307
0.04951751686142457
0.04947021082343722
0.04939599526894227
0.04921477543942181
0.049087561173577
0.0490445877948919
0.04889558567482478
0.04881334410830412
0.04873260162665615
0.0485388635136817
0.04812119836513975
0.04770592029857788
0.04733202160170429
0.04641460554563627
0.04546629469188141
0.04425555653077912
0.04336937092486048
0.04259130580297016
0.04144400897285613
0.040762290877143
0.04054220575023613
0.0403040876432029
0.04018578160063724
0.04007954928879661
0.03977286498768521
0.03939374868194254
0.03923480129458248
0.03905987030055481
0.03886111598225988
0.03872289935816659
0.03865700550945304
0.03856596004779253
0.03848567765423639
0.0384451007625519
0.03832671611723744
0.03817503142209597
0.03805585525153165
0.03794141244654321
0.03771487110851547
0.03735645796106084
0.03721313460028879
0.03712159397614533
0.03709386291647861
0.03703041438064462
0.03700267456527662
0.03696613086944758
0.03690872597576704
0.0367155640591947
0.03647636184616117
0.03636177241858395
0.0363014856750964
0.0362125571092239
0.03616531807139012
0.03613267986686385
0.03608806602856179
0.03605504209612813
0.03602969910611151
0.03594879715620582
0.03578246051232304
0.03554726277186884
0.03551133277687328
0.03546680860151987
0.03542087727659005
0.03534467085201775
0.03524697815671969
0.03517451991426849
0.0350742230329363
0.03502894234009082
0.03497456859999779
0.03493542709820424
0.0348754061402302
0.03481371270427276
0.0347920818669611
0.03476269404450062
0.03473163893696554
0.03470272617537767
0.0346097921629176
0.03434034134347601
0.03359035862464736
0.03145401309468929
0.03062473566966488
0.02954165714251876
0.02871508174277685
0.02781762411126929
0.02713464127508037
0.02659122536127933
0.02600265270680828
0.02572602124655726
0.02540898295825898
0.02508692321478185
0.02492432973333441
0.02488568860855547
0.02456411391599371
0.02444711728384764
0.02430658292418528
0.02420107316406615
0.02412924621372061
0.02403741602058537
0.02399009095265929
0.02397201080394304
0.02389723534613098
0.02386147626330669
0.02384001242304433
0.02363115711772206
0.02334897502566267
0.02329765746282663
0.02323954870930965
0.02319666029457685
0.02317273066046516
0.02314226007010746
0.02311467573469084
0.0230404666032109
0.02298736907302564
0.02292909736658554
0.02269077663915622
0.02218767472005896
0.02183554886210089
0.02143185678499167
0.02120913517002433
0.0211660499475283
0.02102380775629378
0.02097429549199464
0.0209396176714826
0.02091161454420589
0.02084807662570303
0.0207649700708899
0.02073781951322936
0.02071317842894591
0.0206792412240427
0.02058845564729567
0.02047124667747901
0.02035758203505687
