7.076309816323719
4.950463020337575
3.234434189085012
2.807944886113192
2.284640618705377
1.855061007316416
1.687263336871801
1.409259291812424
1.189781337670655
1.081220404775781
0.9738884148401723
0.9134194666180563
0.8423517608556471
0.773665588993785
0.7275705308235384
0.7031283567276283
0.6386554975370579
0.607527487670264
0.5890379387888703
0.5438587256803239
0.515696495179334
0.4794324361348987
0.4568574352871425
0.4416952757018839
0.4225993700861289
0.4132033972448148
0.4089475797181908
0.4003829371609587
0.3961836503750306
0.390578611516883
0.3791892060316685
0.3682113787364357
0.3534077503940228
0.3407305499740249
0.3350822136877455
0.3271472436850124
0.3237348718370284
0.3225261088141957
0.317937100317597
0.3157616047981633
0.3144234559055493
0.3108342157345817
0.2953803465054659
0.2894293407590113
0.2824746762437007
0.2762599105686309
0.2724375939648122
0.2698639139473825
0.264249387995738
0.2601910839223239
0.2590252305028269
0.2562295863536022
0.2551850460360353
0.2537187716224208
0.2522671808433352
0.2508568070874164
0.247577679216679
0.2398798708158792
0.2219009701188108
0.2134266964473331
0.2127163157090312
0.205428020185836
0.2031533593280202
0.1977764532244947
0.1925263022591635
0.1907064846759826
0.189466386308458
0.1878542079434635
0.1862058217305086
0.1850969452579592
0.1837166557155593
0.1822508236315114
0.1814700073294112
0.1811754944346989
0.1800354338083035
0.179630696689983
0.1790823957862047
0.1781956155707445
0.1771249071649229
0.1741439078811865
0.1720688868877224
0.1695854004004045
0.1604195731098333
0.1551293832306691
0.154182613248231
0.150790364964376
0.1498183700855308
0.1493902889616977
0.1482291406894767
0.147320415279652
0.1466697465707967
0.1461033602885352
0.1452437907267291
0.1449970635193964
0.14447487998383
0.1436883916492254
0.1432429938519361
0.1429873198521146
0.142610216555378
0.1423617272700039
0.1421944833710841
0.1410814477325238
0.1393223308257823
0.1385206514539654
0.1380395107121488
0.1376267001944367
0.1367727755540458
0.1361575798842533
0.1358934510405307
0.1355398617186259
0.1353849830493282
0.1351671018889586
0.1350035269863993
0.1347730374016593
0.1345731807390815
0.1342441864574675
0.1333642695062659
0.1292716494030107
0.1252123013366243
0.1246930927826987
0.1243669414343695
0.1240729946764094
0.1233642148736915
0.1228117882590397
0.1225961472507316
0.1224016360534718
0.1219680448185852
0.1214611013689116
0.1210659894660713
0.1204909206543857
0.1199810982939103
0.1194464749807616
0.1191916579073464
0.1188966360151706
0.1181589411110537
0.1172079675995568
0.1163267989254631
0.1155713575814298
0.1145814053830962
0.1140969696104907
0.1138251310482031
0.1137266461422378
0.113328944462526
0.1131549773803264
0.1130151616478116
0.1128336229399026
0.1121514800191693
0.1110705791356421
0.110223699539341
0.1085255932670059
0.1058400162462433
0.1053437695688019
0.1050725338289649
0.1048667683884231
0.1047274967436067
0.104514324737268
0.104336019644182
0.1042463791214627
0.1042211877118463
0.1040706968681538
0.1037162263651454
0.1035461971478856
0.1024373536653729
0.1012267149781235
0.09969938774342496
0.09865306511375592
0.09808145964722657
0.09742030763773868
0.09669694548291199
0.09647484151252882
0.0962597631535456
0.0959587153115737
0.09564034098605446
0.09549892228281864
0.09547995919340777
0.09529975307360711
0.09518367758634991
0.09501794029621136
0.09475050020765767
0.09451405563687543
0.09443272545258591
0.09431361379525664
0.09420375843950235
0.09408613826282752
0.09398521110467757
0.09344603729982273
0.09261352826292968
0.09039244925988996
0.08897818435269886
0.08868980328156431
0.08785876236857176
0.08711969087762007
0.08695400306155922
0.08674870999502654
0.08658550068587162
0.08642345473121216
0.08597007418584822
0.08532229808791053
0.08476230405541409
0.08459766411072531
0.08437499372941829
0.08415332129864571
0.08397919001634765
0.08379876752636574
0.08319919345652307
0.08260515665266847
0.08204718156487359
0.08144663360652461
0.08036699011340319
0.07819500874058072
0.07563556613463654
0.07403530872299227
0.07351096892137716
0.07213576773958749
0.07141361772468202
0.07119080749084394
0.0702816917394941
0.06993841894617586
0.06977340369980022
0.06953479099842845
0.06931576981706733
0.0691461826858695
0.06802112554392838
0.06757193530161845
0.06732861682043439
0.0673044937895417
0.06705040598505026
0.06691097352845304
0.06674109624618786
0.06634686187144184
0.06619850472724088
0.06598874920365294
0.06582149268492953
0.06566285543723743
0.06533555120865647
0.06491669683326831
0.06474104779100676
0.06470487583536193
0.06446201005815944
0.064340765661066
0.06426495978776003
0.06404215360590222
0.06385934558771469
0.06361318462504062
0.06334410860756347
0.06280004147039053
0.06215928268074812
0.06173354402591959
0.06151395192396813
0.06118669942562747
0.06103552348912732
0.06095438440347676
0.06084323324256646
0.06075320867431572
0.06064561435253413
0.06053104644634884
0.06035503085476734
0.06016636742676559
0.05965349369530731
0.05899856542158929
0.05881175212487288
0.05856091070334114
0.05839693784815548
0.05818732922065011
0.05796830541361184
0.05784874165834199
0.05774607227357678
0.05759421886464847
0.05742219228385177
0.05738033952479486
0.05732095416160585
0.0572832741552765
0.05718884306739946
0.05692008167223069
0.05625493322408978
0.05561310459086452
0.05468311825837999
0.05403977193053223
0.05368400337306362
0.05319232133215272
0.05297710119421029
0.05292184565812418
0.05270836172141582
0.0526275804049148
0.05257215824329719
0.0524728008692531
0.05235060165646383
0.0522792395282231
0.05224799684984018
0.05220283985853217
0.05214014302079294
0.05205069164662224
0.05186226693480211
0.05166643249173557
0.05138488155735866
0.05127893122648458
0.05121348557798799
0.0511441893867525
0.0508920743661573
0.05068198494776611
0.05026246178500227
0.04908426108387055
0.0482843702575122
0.04741020150563569
0.04664927557909136
0.04570429405283558
0.04462164113532107
0.04389357602821708
0.04339058800262635
0.04249501839913709
0.04141099352846726
0.0409841403713151
0.04073485435749069
0.04052554062685006
0.04024417584355608
0.03992213346093303
0.03978568277801672
0.03964804428169602
0.03948058108498934
0.0392996976191204
0.03913489469376041
0.03895472435737587
0.03877172801601643
0.03843012155443982
0.03812999144759424
0.03772386064262155
0.03751595320666619
0.03737929882465887
0.0373004773572481
0.03711454044003307
0.03701622433393393
0.03699740629887042
0.03691605294051845
0.03680515263252315
0.0367534092825504
0.03667577656419371
0.0365554972869597
0.03642962483474844
0.03624991925012586
0.0361345591670929
0.03608451669133651
0.03601431366363739
0.03590388989473932
0.03576731444717578
0.03567022211152962
0.03554928475590496
0.03544851905891778
0.03533625576456391
0.03521758894782502
0.03508983812897556
0.03498530979001341
0.03483993251785593
0.03471919095850073
0.03465019776960783
0.03461789031925652
0.03452145182352536
0.03443028162671553
0.03438186815219895
0.03434142729263859
0.03427742750145833
0.03421431658589198
0.03418650796047269
0.03415204496612426
0.03408308833976221
0.03401471442897734
0.03383172567729287
0.03343781683568245
0.03211574499844366
0.0304437448527543
0.02920973881636925
0.02881672466642283
0.02844026617655994
0.02818368617304641
0.02799547072958382
0.02754713557256406
0.02739261784834159
0.02724467001409777
0.02712158943025032
0.0270278518357159
0.02689565740942281
0.02683410081031737
0.02679758364162296
0.02671445675764278
0.02667023799089546
0.02661339337910362
0.02651348374500909
0.02639757260966114
0.02617807108340424
0.02599771719060878
0.02573300861286133
0.02542850950896146
0.02536521330511705
0.02529668030802314
0.02522478585490613
0.02513252594401757
0.02505929798113029
0.02499988896451684
0.02491908473609957
0.02484961266364074
0.02477543598735985
0.02473606446221404
