3.053741455545776
2.556471929596162
2.219427354713546
2.163279934589393
1.969209555481984
1.768835356898771
1.573202186988068
1.4528048935959
1.341069897289299
1.22388467164157
1.106940838542866
1.040321643475103
0.9976553585533189
0.9473703513183994
0.9067003993280989
0.8754613932073544
0.8058879253210114
0.7680727154882993
0.7299459976195058
0.6846677631516449
0.6679553172539051
0.6351989269028456
0.600701189710928
0.582475669053824
0.5607792155933601
0.5402480254087949
0.527617253807432
0.5223438557931317
0.5075789811596695
0.4979534201352296
0.4938571746979624
0.4829273440133411
0.47979994302707
0.4756551587534326
0.4694824580652665
0.4618772225120382
0.4433500258470741
0.4294963092100827
0.4125953976671797
0.3950481559909065
0.388807576061161
0.3829286380037797
0.3753223294558253
0.3690349660381022
0.36551276322335
0.361479506553236
0.3572974883335889
0.3535625368623976
0.3494749105627157
0.3448844552254609
0.3400788933781247
0.3386029117235496
0.3364222318396482
0.3343735009712371
0.3334891535170833
0.3332487672562278
0.3322673420530275
0.3315733666947138
0.3310352644510695
0.3291228505058669
0.3262965456943167
0.3238679469598237
0.3230220777108746
0.3224875401483041
0.319114098536648
0.3057974258360463
0.2940839197447349
0.2842838207680913
0.2808789928012574
0.2734115682249137
0.2683726235410811
0.2668732932313286
0.2633490541859763
0.2605023791924654
0.259287261357348
0.2564960731728743
0.2545190023735482
0.2529070622421649
0.2507464492670657
0.249755561059637
0.2494266367393267
0.2487027622079623
0.2481904184246774
0.2479640701054758
0.2470490722703645
0.2467434975392144
0.2463072778948365
0.2459854482318541
0.2452289110515499
0.2442443993689797
0.2432742950358598
0.2427750129284644
0.2426434828910791
0.2420597092707961
0.2416618003643848
0.2414943911555494
0.2411634614942301
0.2380983812520276
0.234580658659666
0.2310825081404209
0.2302603523637408
0.2297338023015738
0.2287724031470798
0.2261140959372371
0.225160096304418
0.2248257243389248
0.2240991500644601
0.2231200078922431
0.2224297066530382
0.2217159626979864
0.2206105673646242
0.2201286002020872
0.2200367445327603
0.2197814928864788
0.2196541501871797
0.2190906272522563
0.2180598883518356
0.2171768088297159
0.2134725834032963
0.210478231262672
0.2091770005934945
0.2073386838736994
0.2061456229009578
0.2052922329319101
0.2042387965753385
0.2035715294877399
0.2033768441536168
0.2030837088720676
0.2028763890462306
0.2027450210706672
0.2025095486197711
0.2019139369624439
0.2013337502116088
0.2010818744886007
0.2004477022217283
0.1999261583811772
0.1985507997825776
0.1970402681513483
0.1959130278185797
0.1951948749667865
0.1928985462018515
0.1916948820091675
0.1903373690410033
0.188997706215411
0.1877682251269862
0.1868713691079972
0.1854305517994476
0.1837762716048957
0.1832718711425321
0.1829647635719503
0.1825745934604999
0.1823948112065833
0.1821508948206547
0.181925470398561
0.1817195620800339
0.1812701316504008
0.1806427653973694
0.1800014017215281
0.1798220584147448
0.1796907090019042
0.1795849338595712
0.179328177265407
0.1791123918424244
0.1790141040515522
0.1789961283142092
0.1788311893255844
0.1786528043739863
0.1785446749608139
0.1778351520022543
0.1767412657310355
0.1756740209377503
0.1753064527672404
0.175160296179849
0.1750096231422916
0.1747912893415382
0.1747112104477954
0.174608402369725
0.174313899447484
0.173657811780482
0.1717564318464734
0.1695078393908402
0.167091038197727
0.1649149040818688
0.1630851935858054
0.1623594502758578
0.1612904530349376
0.1603779469362995
0.1600123809626574
0.1597815538966409
0.1596415188127186
0.159468953600763
0.159131746334597
0.1587212898777441
0.1583420110181477
0.1581921571621602
0.1577500734862775
0.1575788320606611
0.1569964443862345
0.1564127045610499
0.1560201907926616
0.1556818731776689
0.1548156220009311
0.1541309341188601
0.1535388738709056
0.1526295745288427
0.151714928032433
0.1512166072015511
0.151038347529604
0.1504214597683387
0.1502019035813134
0.1500952871038153
0.1499981908527995
0.1498681788778588
0.1497070042805673
0.1495968579336023
0.1494602379634662
0.1493996443679207
0.1492633120000426
0.1491397763261391
0.1488936508513717
0.1485616287626534
0.1477684690123226
0.1473627784737272
0.1468267602260647
0.1463577497389345
0.1461654329712304
0.1458977905552697
0.1457251532738955
0.1456132003062558
0.1454550477474857
0.1453807812800346
0.1453529684728243
0.1452858847279488
0.1452269752380803
0.145126532258041
0.1450229234987929
0.1449520607986964
0.1448638834754662
0.1443686599274958
0.1434368051478488
0.1423923456251041
0.1396066186650073
0.1392182427174707
0.1387127563925395
0.1382956626142978
0.1368847522567253
0.1354714223450735
0.1345025586708597
0.1339630758187656
0.1325087473854761
0.1312513677893463
0.1310183135197289
0.1306726611651574
0.1304906709442556
0.1302488890081078
0.1299026299982085
0.1297844979427207
0.1297211505324462
0.1296723128998276
0.1294661304414252
0.1293515814859159
0.1293176697809636
0.1292200140150651
0.1291687284381841
0.12905232936219
0.1286852180579868
0.1285139883674067
0.128513808761477
0.1284063215186965
0.1283423202854307
0.128317664898783
0.1281737075473339
0.1279314041317602
0.1272150087594349
0.127044943459189
0.1268386651678859
0.1266181118706328
0.1265150859654362
0.1264055647102282
0.1261302804410154
0.1258038893859708
0.1255944014848295
0.1254799341702695
0.1251264211187823
0.1249636799352212
0.1248434133966848
0.1241275615884574
0.1240005462654265
0.1239077879296893
0.1237708860975889
0.1234106106629194
0.1232476969803443
0.1230027851631758
0.1229441386489619
0.1228782483586504
0.1227943031181913
0.1227452249059667
0.1227075192873094
0.1225205175634637
0.1223937843245975
0.122321812417118
0.1220752639369945
0.1219119589776578
0.1217896294714875
0.1210424023176453
0.1206831731112404
0.1204949564397911
0.1202326708416156
0.1200887852510409
0.1200430060631745
0.1199531361602926
0.1199081934519028
0.1198655554123283
0.1197995407791892
0.1197600494062021
0.1197324728772447
0.1196549388683453
0.1195521028372559
0.1194668388815439
0.1194212808193875
0.1193976843207169
0.1191508427929567
0.1190312463300972
0.1189649485501056
0.1188254747687277
0.1183269922797197
0.1182229266832638
0.1181981427742618
0.1181659693147706
0.1181319055598983
0.118023674412166
0.1179155374821167
0.1174584355201554
0.1171457449720558
0.1159342632972248
0.1147314987026759
0.114454447234991
0.1141957318358024
0.1138851909553655
0.1135557309943985
0.1134075872740108
0.1132907985409369
0.113171170584076
0.1129980645662224
0.1128703877220393
0.1127927592867486
0.1127088566265092
0.1125974023860874
0.112563876792488
0.1124945449807097
0.1122677229275625
0.1121068837076872
0.1119917664860018
0.1117522038500738
0.111616781411479
0.1115155167532041
0.1110937789844439
0.1110227508049809
0.110979650496684
0.1109216824030663
0.1108673449915596
0.1107790548369393
0.1106745816894911
0.1106287610198959
0.1106237671305283
0.1105590052245554
0.1105256683897267
0.1104864260521517
0.110355972913615
0.1102874370044518
0.1102747277538982
0.110164375594993
0.1100773963240843
0.1099656545391468
0.1096160089879332
0.1094038424484567
0.1092617785836
0.1086503816581271
0.1084847815679077
0.1084409217239688
0.1083353750248033
0.1082984496792781
0.1082527949620707
0.1082323127520065
0.1082270306825726
0.1081806858952967
0.108156219692149
0.1080858723569299
0.1080098876432685
0.1078869592709903
0.107739896230412
0.1073948144371141
0.1069026541953579
0.1067482018488754
0.1065792856777305
0.1064603687848483
0.1063858554858617
0.1062918993278712
0.1062545890016042
0.1062090603372494
0.1061558185357274
