3.414016465779769
2.840199428476701
2.325440796214867
2.017777626506351
1.905033363138601
1.753687807424525
1.537234606240774
1.412693283924807
1.258524530172582
1.156648893845869
1.116093106721707
1.052917147611518
1.025202883481962
0.9618801728364091
0.8843338089377415
0.8511786540244195
0.843274044588487
0.7730399164332201
0.7530114120916542
0.7269221567610598
0.7030400775724563
0.6858715115066457
0.6645863433711928
0.6042018651470731
0.5603503234980098
0.5428962573528571
0.5244350376256925
0.5117792041556789
0.5002034268872421
0.4760951934980607
0.466217090567711
0.4562414284276569
0.4435136853753705
0.437056796167523
0.4301455156214886
0.4240995737684685
0.4175576833703979
0.4086144344706463
0.4049744621479812
0.402164824769294
0.3999644706602193
0.3971101431285667
0.3952764221422425
0.3936426400666752
0.3917051175936458
0.3890061149991839
0.3869025757222194
0.3837660410159447
0.3825469274388628
0.3809555307957786
0.3791835297371718
0.3773987760802432
0.3744974942905832
0.3712011322011006
0.3624280272065957
0.3434735519114738
0.3308451284618729
0.3215821398482177
0.3170811732627554
0.3111299218515454
0.3090700536497857
0.3084776473896421
0.3077367205902661
0.3069661750103836
0.3044929954375248
0.3030098630642362
0.3024969163322487
0.3005266827973934
0.2999672737698679
0.2992400918769274
0.2985521822003731
0.2965392439148049
0.295460778788376
0.2947650220057546
0.293777323536668
0.292813565617733
0.2910284109641486
0.2886133011663947
0.2877426793132781
0.2876877759330647
0.2869677407341142
0.2866423813939728
0.286022095937209
0.2855889454799806
0.2849657674490811
0.2837581979491143
0.2830644999056536
0.2813547751456634
0.2780072801285643
0.2761653637722776
0.2737688644018376
0.2728085561952137
0.272708596448165
0.2715335764070298
0.2711360367860353
0.2709234599968036
0.2705565164482434
0.2691164740275173
0.2686410976337072
0.2681727643758857
0.2674729363693929
0.2668629923210822
0.2662522956331849
0.2658073530657811
0.2651635572531404
0.2633433124345703
0.2613157288953822
0.2603847591842418
0.260315919424063
0.2588441269707389
0.2580748090524408
0.2575437407244648
0.2569422838550922
0.2542244458004276
0.2511749261516417
0.2498168327035002
0.2487660780711405
0.2468710824504876
0.2436530939458617
0.2426786649925949
0.2423171353928327
0.2418730411003575
0.2413745529538917
0.2411386362395776
0.2409661162108194
0.2391008870501768
0.2381048337530721
0.2379274714846173
0.2361625647997773
0.235522340708765
0.2353292660387867
0.2339948616502088
0.231760781248982
0.2299609714581386
0.2296029876215762
0.2292772469153779
0.2287310687285062
0.228504471574656
0.2284267409445047
0.2281952883314708
0.2280488613453863
0.2279096920239129
0.2272967390875829
0.2270612727593139
0.2268624341414467
0.2260429577455525
0.2244250875227366
0.2191109940280516
0.2134747579080157
0.2072368567854378
0.2041843116163604
0.2023708525323489
0.2005546623513889
0.1982321063701712
0.1977699489309047
0.1974240865951183
0.1971829870810899
0.1968749430107601
0.1967314361543402
0.1966285534459227
0.1963462879046678
0.1961844208927425
0.1960196869685786
0.1954216874992895
0.1948239561342469
0.1941305107742586
0.1937077329029837
0.1934272575528364
0.192386690542193
0.1918679240893928
0.1915264285587155
0.1910107008413746
0.1898819832520999
0.189364137850282
0.1886091005769491
0.1884138497687965
0.1882870820429922
0.1881425650224074
0.1879680901175808
0.1876131207915564
0.187168078182376
0.1866667925735186
0.1863347756924858
0.1861961105747872
0.1860933406131024
0.1858169151142006
0.1854702452567082
0.1852334891494609
0.1851579541701903
0.1848877754198832
0.1844272958761261
0.183343314540173
0.1804605092931643
0.1765010613922754
0.1726466992386363
0.1711603483476044
0.1705413146349585
0.1698966209128824
0.169431320822493
0.1691750799358288
0.1688537981911986
0.1685622471848708
0.1683915249866818
0.1681848349239784
0.1680252596805671
0.1678287780584356
0.167651175545166
0.1674018417751583
0.1673086699286772
0.1671777783306352
0.1671000952424952
0.1669762044705132
0.166732767805723
0.1664709519899704
0.1659128275382843
0.1650390202815631
0.164233154664062
0.1641029914146717
0.1640249791674974
0.1639309811643033
0.1636746917583731
0.1633695599963784
0.1630919376663825
0.1628256317135047
0.1620903450153724
0.161101899293864
0.1604219855971874
0.1601848572695728
0.1596317706120979
0.1591985600090031
0.1589767319126508
0.1586641770986473
0.1584604603978635
0.1582275911357799
0.1581102497794776
0.1580405599783459
0.1579398410718329
0.1578358519953914
0.1577731508373112
0.157680844511177
0.1574583943354591
0.1571850810005434
0.1569831577551819
0.1567550379353906
0.156154548692908
0.1553345891974055
0.1550006778386008
0.1547779262478578
0.1544610682315823
0.1537732095723854
0.1532854455318688
0.1529891694291267
0.1525511805053574
0.1523852216194977
0.1523261824134988
0.1522813825450294
0.1522079387388491
0.152118823054113
0.1520484054527383
0.1519995447007526
0.1519632689014543
0.1518772079000255
0.1516841883918055
0.151606681995698
0.1514990195617214
0.1512645615691062
0.1510141214067896
0.1504897314904919
0.1494619734211644
0.1480611466580515
0.14682907609434
0.1464076245698352
0.1463029688895739
0.1460788223457758
0.1455290154428558
0.1450851684727947
0.1439702002091842
0.1426046989511531
0.1420666345419056
0.1417795197555161
0.1415254673731791
0.1412617373030385
0.1409220205078755
0.1407743584831773
0.1406318232319759
0.1404230859773603
0.1403394916193794
0.1403139998231061
0.1402199553421152
0.1401828589883404
0.1401541542626803
0.1400159994156234
0.1398508215201514
0.1397731269064879
0.1397480979441708
0.1396881008868062
0.1396397951479442
0.139512477101456
0.1391692887152397
0.1387979902984647
0.1383380399366411
0.1381053969933919
0.1380489677705191
0.1378193601421278
0.1377324181989537
0.1377034788959865
0.1376119927306386
0.1374940710662464
0.1374134280070007
0.137337267489372
0.1372209337086785
0.1371014937729966
0.1370243476403274
0.1369714084010208
0.136863493199397
0.1367252111572359
0.1366491019747652
0.1366038147536964
0.1362691364160149
0.1360154213059963
0.1356152471104372
0.134558886729009
0.1339720249770612
0.1333588345276369
0.1318095085244912
0.1296674718387842
0.1282009818131474
0.1275543686156223
0.1270999932335991
0.1268221661331901
0.1264640634955722
0.1263885311606939
0.1263614476663338
0.1261572016432324
0.125932587398701
0.1254505336505078
0.1252074440191663
0.1251308795154081
0.1246280747883215
0.124187491102049
0.1240189486870365
0.123770905400473
0.1235921746883551
0.1234554435430658
0.123353680696962
0.1231069824616769
0.1229062503415791
0.1228047315767223
0.1225772843628295
0.1223004252412535
0.1221922518068669
0.122106525359679
0.1219943264243632
0.1217567405576886
0.1216050579531915
0.1215287446633969
0.1213790802682736
0.1211730936684388
0.1210204840262354
0.1208611220852828
0.1207382484182325
0.1206485051271793
0.1204549714211731
0.1202707928493849
0.1202330705512911
0.1201861089101438
0.1201314396453406
0.1200887925778747
0.1200348725649203
0.1199585323057
0.1198660668207404
0.1197731612190188
0.1197080225199819
0.1196700049587709
0.1195795470365428
0.1194337787101507
0.1193788504269427
0.1193552449786219
0.1193210285776979
0.1192675776125712
0.1191869362226415
0.1190061754117878
0.118810438642544
0.1185932646428155
0.1183848322504877
0.1182844877029116
0.118050094752279
0.1170615232599938
0.1164206115566995
0.1162226456412588
0.1157262048326823
0.1154619180542013
0.1151327123891506
0.1149945354697905
0.1149083152691128
0.1148039185313924
0.1147424117806587
0.1147183974942703
0.1146211588003993
0.1145887886036861
0.1145697832798672
