3.609450659652266
2.913073806584523
2.418088640683568
2.112587730889006
1.905588911675469
1.804757106962216
1.658800753380185
1.468026068789788
1.334999115194124
1.282967738477556
1.2120298867052
1.176461635631451
1.145394986920681
1.105396962504016
1.071812874195665
1.03651557376264
0.9131121432343879
0.8475110094259446
0.8414363911096484
0.7859888010814281
0.7676805657792296
0.7531329911415272
0.7342684892785754
0.7092748297519903
0.7015260045650267
0.6963050675191618
0.6897906576187188
0.6603255062447634
0.6373905331442961
0.6236142393588505
0.5923323949001366
0.5461307188564288
0.5395426466993698
0.5336516188854618
0.5282624325551653
0.5113931437980498
0.5001400072124794
0.4936263279578639
0.4746205934754185
0.467676926176354
0.4626615158102943
0.4465678297571558
0.4228357632583845
0.416597775363545
0.4147216372228867
0.4102299949561459
0.4054712728829709
0.4029082226027997
0.399885692700649
0.3914655957333004
0.3849682334101802
0.3821711283070609
0.3786280416873246
0.3744901169090284
0.3708564616918865
0.3649375336050224
0.3616746322456403
0.3587987242822758
0.3550549493531362
0.3517869503459903
0.3502594432822023
0.348285309286741
0.3471674286665672
0.3461755905450276
0.3426904660611274
0.3410519520001818
0.3400360029897804
0.3387516285601288
0.3340579735157601
0.3309347723149708
0.3295112720563445
0.3253807819155483
0.3229104912933664
0.3222924283504519
0.3200040341311196
0.3190303155917339
0.3185661364620969
0.3165647647630572
0.3146712420841038
0.3130397207310835
0.3099708190350074
0.3007936775541761
0.2918551711915982
0.2866222452389963
0.2807970627335699
0.2732269626809833
0.2670105262911726
0.2644350105615444
0.2616833666868615
0.2558075656414676
0.2542641096081657
0.2536517693576551
0.2528902985614827
0.2513411912949571
0.2494164408643754
0.2487426797827386
0.2479852877579532
0.2470042952324294
0.2468216394026209
0.2465774905031195
0.2461475966276205
0.2455165036212775
0.2449503690637694
0.2447546900026592
0.2444923347343876
0.2442184134325606
0.2440474149724795
0.2437634386517206
0.2430591990828564
0.2423750320002648
0.2417942712674448
0.2394402977108402
0.2333453164637135
0.2275874121834855
0.2210761318473074
0.2141346639438184
0.2127978969167846
0.2116305085089757
0.209989144740482
0.2086438570819814
0.2081262708037438
0.2077682462573694
0.2072144708077698
0.2065551214657659
0.2062085925255992
0.2060710696413685
0.2058737839215011
0.2057091353014242
0.2056107172585144
0.2054599837730848
0.2049156043110298
0.2045086763261154
0.2043683459077338
0.2030477069978343
0.1999734412869686
0.1979697692132063
0.197131124623748
0.1965968015349889
0.1961130627477101
0.1953517961819557
0.1947444001537508
0.1943152101875629
0.1940242992432252
0.1932223615408449
0.19249146088535
0.1922095039389122
0.191933202471135
0.1917167060368516
0.1913877403855307
0.1910639439775391
0.1907041085933285
0.1905248403539097
0.1903670773399809
0.1901389353127022
0.1897741741706508
0.1892369681131136
0.1890987630564566
0.1890317051749011
0.1888500705453876
0.1883483398935669
0.1872150699489312
0.1861201373634297
0.183140244033032
0.1814128522227472
0.1802942037347991
0.1795649643890503
0.1785855030051315
0.1781890521844898
0.1780795150525493
0.1771925344571056
0.1766472223360468
0.1761544809109251
0.175381132436853
0.1746573218869774
0.1744172185255993
0.1740936025233686
0.1738540573327281
0.1735311955450229
0.1733733371021522
0.1730083473320985
0.172504983758064
0.1720006949747255
0.1718050169716833
0.1715998828846466
0.1710599035037312
0.1698491314852409
0.1690689596858153
0.1683615170813355
0.1680354062476478
0.1677647852464177
0.1676101730920214
0.1672727012799346
0.1669068114079372
0.1665124671735717
0.1660302618798257
0.1658539513038931
0.1658423333414288
0.1654820918854533
0.1653864558160036
0.1652559769965763
0.1648609523264669
0.164505384647925
0.1634481088705876
0.1629164294583152
0.1624481001628484
0.1622237636313461
0.1619288379620447
0.1617955309374853
0.1614397970545821
0.1609677425392441
0.1608583385490976
0.1607676825078407
0.160638931650586
0.1604927138983069
0.1604070418962764
0.1603490556686418
0.1602134167577111
0.16001228667701
0.1599775519664024
0.1598475648717853
0.1595632545082511
0.1592138175036482
0.1584781104435367
0.1577581215239175
0.1566871759011638
0.1565106368533895
0.1564007334714764
0.1562376923926781
0.156127243296389
0.1559924337406933
0.1556835213040523
0.1554804801460695
0.1553417472387945
0.1551531621406816
0.1549979227463024
0.1547106820851103
0.1545968262762978
0.1545457274508215
0.1544428615889465
0.1543279881560515
0.1541591869983074
0.153857162243039
0.1536190576272756
0.1534335903205503
0.1528500675616865
0.1521987780362711
0.1519380549954965
0.1515699036482107
0.151200682772637
0.1510555370741973
0.1509312089651838
0.1507687531238607
0.1506101289692915
0.1505168335171088
0.1503905021489967
0.1502734742687241
0.1501588468766437
0.149863024137203
0.1496825209112642
0.1495251240933355
0.1489533013124977
0.148486603792271
0.1482249118997733
0.1480390241716469
0.1475419229086316
0.147227412469588
0.1470679769134569
0.1470101158660556
0.1469464127863421
0.1465931734963174
0.146377664095122
0.1461824165056236
0.1449980539343851
0.1435933533673085
0.1430845690191963
0.1425680843040274
0.1420789368258516
0.1416006263204009
0.140885438744536
0.1407578383685892
0.1406745752138963
0.1406194741009063
0.140460488687297
0.1403926930033087
0.1402957398033754
0.1402110891420668
0.1401318991074244
0.1398393994819506
0.1395847895173977
0.1394117786886152
0.1393368004342905
0.1390820075516715
0.1389487530608404
0.138872062483831
0.1386589778478172
0.1380449519107068
0.1373490072066711
0.1365690003604921
0.1362297440336613
0.1359430842597482
0.1354430333715276
0.1350212256396227
0.1348952305734417
0.1347819464208426
0.1344656968918904
0.1342542188458542
0.1340625619373639
0.1339474176892677
0.1338267873102432
0.1336688660228429
0.1335460468389919
0.1334905379063321
0.1333170341235858
0.1331539155764364
0.1330682778913089
0.1329490570145163
0.1328825960525682
0.1328245669367536
0.1326885531601393
0.1325655312103876
0.1324011116916773
0.1322215078066791
0.1321663030965388
0.1320973163147686
0.1320463636386831
0.1319957951717771
0.1318793909078242
0.1317632871148069
0.1315996002329818
0.1315060560352057
0.1314615004062832
0.1313044456973934
0.1312003749164158
0.1311560495583022
0.1310088863306486
0.1309474549900934
0.1308610615222713
0.130802017361267
0.1307137631796014
0.1305087115172117
0.130258565725946
0.1300634180069672
0.1297979737392009
0.1294023831481963
0.1289545961731896
0.1273124807777864
0.1266185237110769
0.1257406562988325
0.1248843328766217
0.124628297289264
0.1244048810251418
0.1242394072707629
0.1240385390486973
0.1234393076352032
0.1232796522123855
0.1231819869300658
0.1231179404551462
0.1229000081482824
0.1228680304691295
0.1227758081627098
0.1226771997045601
0.1226381393517686
0.1225008966783184
0.1223440154124131
0.1222884793209816
0.1222516367454764
0.122202941552705
0.122171556709552
0.1221344597425313
0.1220824462067503
0.1220493526860984
0.1220262107368747
0.1219697253035769
0.1218976558109631
0.1217871895188757
0.1217177093532609
0.1215724604193618
0.1212093899647755
0.1210135729988738
0.1210035587905043
0.1208094405395052
0.1207463452554053
0.1207204159815405
0.1206820377738856
0.120645876560208
0.1206249086306223
0.1205915328979439
0.1205025566039075
0.1204051561743136
0.1203375614375402
0.1202745731240497
0.1200655102135048
0.1195315242157362
0.1190113019713392
0.1183443208983434
0.1171094590589636
0.1166963577791365
0.1162435044280659
0.1157318193961418
0.1155368099832571
0.11530463903021
