2.995590047454029
2.449372586174341
2.316089178505815
2.119994308334114
1.954002717917152
1.683667505480985
1.500056598733658
1.36854354891136
1.237811613735185
1.163894792978906
1.087949935541766
0.9968012722247102
0.9727267244344316
0.9447861434312609
0.8805223737838825
0.8447422274997838
0.8261619074672908
0.776479448474494
0.7595842781828537
0.7477119873475905
0.7379534888920549
0.7126030759323526
0.6978161329885408
0.6894665497779522
0.6837716021624598
0.6605579749386578
0.6557698578699561
0.6517880433658192
0.6458994420736901
0.6402202359120124
0.6337532983950093
0.6291195071063737
0.6189549729434466
0.5815782137676634
0.5596321703837446
0.5356195292363335
0.5253978168525919
0.5145553564476015
0.5039664827333773
0.4979702697260124
0.4961788561423108
0.4889140153397535
0.4856986276081237
0.4839999548186953
0.4818669972321697
0.4809489461961936
0.4797379507451008
0.4738713762230905
0.4709203054766161
0.4691589031458025
0.4677306228957507
0.463810660036381
0.4613880908088889
0.4606227573519713
0.4585188780324603
0.4570405269648785
0.4561720088859832
0.4532379493849758
0.4516589680895817
0.4493341812421406
0.447787134823009
0.4460470138016039
0.4444103234796612
0.442190232799307
0.4411573974054694
0.4399016826125087
0.4369327009573689
0.42754441205177
0.4083779598004528
0.3840552146962171
0.3760200558427945
0.3733927261664121
0.3719645312775137
0.3709874837936404
0.3695878631983422
0.3661476649826522
0.364453775763965
0.3622507791433628
0.360332227339334
0.3592109491184748
0.3576790705099925
0.3567250216482178
0.3559787281403505
0.35445595905351
0.3533672673683892
0.3529278616302156
0.3523767070109852
0.351192115814886
0.3494687045453818
0.3478461702555232
0.3471794250753963
0.3467772149828661
0.3462730360594099
0.3437788067145434
0.3416210617003048
0.3398413190787982
0.3353456947346808
0.3251635840470671
0.3199048889082577
0.3121453914596871
0.3103562231959744
0.3095340572036047
0.3091381457453172
0.3086064442687341
0.3082308315660418
0.3077896706845283
0.3066976027844974
0.305506420686399
0.3040213722704825
0.3030523564715569
0.3024149963118179
0.3015088120953365
0.3008940511374532
0.3006830284834637
0.3000709985873338
0.2984127607316631
0.2943047032162111
0.2906549938442622
0.2849989283455803
0.2829452641660445
0.2818153661879342
0.2807385279776725
0.2778956680011947
0.2770636420899346
0.2766608400276186
0.2757663279081618
0.2751729661882866
0.2746931600361227
0.2739989310731697
0.273516141177973
0.2731309064945716
0.272814791641572
0.2726288062997261
0.2722482483033518
0.2718480548856659
0.2713435802574581
0.2703166674935223
0.2690102848895602
0.26828132686647
0.2677496611197488
0.267011598458503
0.2668083188014048
0.2667191878258934
0.2659812043596947
0.2650482894210495
0.2639440489572938
0.2630687984153933
0.2622217063916386
0.26140351515627
0.2604308446620563
0.2594475831928245
0.2575084729417538
0.2565049182657666
0.2555756140759726
0.2516794255299357
0.2498082791098445
0.24947336414137
0.2475284574674799
0.2470513161926565
0.2468129259662371
0.2467491306698067
0.2464680739357019
0.2460839853404713
0.2459761895904418
0.2456366401805531
0.2452053385693859
0.2442444993920662
0.2434964421127413
0.2422988790688956
0.2411181163913085
0.2402569242242665
0.2399288321501962
0.239526478522655
0.2391261746927079
0.2388747639395127
0.2386971343815133
0.2383074647473359
0.2378498797687138
0.2377104503856642
0.2375303352112373
0.2373628901372213
0.2371705425703168
0.2365973118579656
0.2359717447474647
0.2343254363997985
0.2292877956072367
0.2172488837272317
0.2140712944499479
0.2111205874428109
0.2081832553106998
0.2058815408955192
0.2050255307733115
0.2038977688801506
0.203327079416259
0.202676704431894
0.202352220723044
0.201985953191919
0.2014979855284536
0.2013059261398089
0.2007685376625004
0.2000821513303961
0.199622198987694
0.1994917402455967
0.1990107446836916
0.19886448617894
0.1983785656214224
0.1978198103858797
0.1972326934713438
0.1969755922119962
0.1968087087001791
0.1966203385580404
0.1959304577751358
0.1951485731927551
0.1947118936191158
0.1945435450287639
0.1940992738279102
0.1938856274871821
0.1938015227132984
0.1936746508797048
0.1936191864646022
0.193538979898923
0.1934606257507822
0.1933774722065596
0.1931284362751028
0.1924492541244127
0.1887591748640539
0.1860096698580929
0.1835178390072805
0.1803787602091591
0.1777208711654151
0.1766190718845584
0.1751027581546321
0.1737354363491549
0.1720922031175003
0.1712538027550556
0.1705420565040972
0.1682239269678557
0.1675897573767718
0.167217832300653
0.1661620402920474
0.1655169808426092
0.1646333865703754
0.1642818609946552
0.1638758492773905
0.1636994640609755
0.1636857168884865
0.1633515822894818
0.163176163627364
0.1629373797034033
0.1628945766510681
0.1627902544166523
0.1626440731718796
0.1622933964178593
0.161819863256727
0.1613772364106213
0.1612274869090435
0.1610319923810419
0.1608178648233223
0.1607186060812202
0.160700116225595
0.1606305976493511
0.1605820460175093
0.1605452710360218
0.1599218510171726
0.1592748562256813
0.1589104242173455
0.1588594578564489
0.1586555946153067
0.1585378373060373
0.1585055153322666
0.1584074378125099
0.1583365873985598
0.1581406514797472
0.1579098583075514
0.1577978655730456
0.1577391875938503
0.157560890026395
0.1574703848796129
0.1573527476325397
0.1572254217093278
0.1571029320050178
0.1569722585433337
0.1567632216675775
0.1566457814626817
0.1564750019028238
0.1563333931823311
0.1562614459607999
0.1562280390022426
0.1561196742051841
0.1560459503886924
0.1559198314087365
0.1555922637095505
0.1553298435751202
0.1550706679772563
0.1543288849713643
0.1537919259959052
0.1529916655410685
0.1518680975935534
0.1512501491571314
0.1509913130611121
0.150857001884023
0.1508391511328679
0.1507214471028115
0.1506754253505576
0.1506457313266479
0.1506037407235936
0.1505842061326366
0.150516230861098
0.1501524716594495
0.1498154459912874
0.149316971790479
0.149120882128347
0.1486966801604348
0.1486170339545583
0.1485213627284791
0.1484119715509686
0.1483082347953225
0.1482284136208004
0.1481270336192838
0.1480254174788639
0.147937810496778
0.1478837790963439
0.1478405425097358
0.14778008234643
0.1477338693545503
0.1477064563647452
0.1476484948600821
0.1475889635681713
0.1474893903544878
0.1473808675040963
0.147268090829804
0.1472248464328078
0.1471730144837851
0.1471353241426223
0.1470831545349955
0.1470184339871324
0.1469949711087773
0.1469605209524913
0.1469285846347043
0.146846064168165
0.1463921392318028
0.1457303754813892
0.1436832040532303
0.1427257085599152
0.1413961238787224
0.1408481897600488
0.1408115838987522
0.1403774984610514
0.1403053668684642
0.1402639574531713
0.1401280109617713
0.1400815116025347
0.140019216168678
0.1398908615074386
0.1397033662087032
0.1395714191506458
0.1395039857749351
0.1393090013547876
0.139095935337052
0.1387019791036384
0.1383496075027067
0.1378090814287437
0.1373193226258687
0.1370577482975357
0.1368343123605134
0.136473164842079
0.1361208572613107
0.1360063351603359
0.1359317595582634
0.1358916653663329
0.1357292237498501
0.1355794947495916
0.1355146039515345
0.1354495805197078
0.1353669386270719
0.1351479761788901
0.135047663229319
0.1349327461683113
0.1345965186924429
0.134258350052013
0.1341560354453388
0.1340455757515104
0.1339436879111788
0.1337159601780916
0.1335697671477798
0.1334651526632547
0.1332457991360507
0.1329320070717759
0.1327603693869971
0.1326589966074521
0.1325410868458191
0.1324380677186283
0.13231724213246
0.1320866052105631
0.1317489381288759
0.1314136226342164
0.1313515550966771
0.1312847557627757
0.1312444932532308
0.1311170903944383
0.1309468256727107
