8.473185234257574
5.057418986864114
4.838364603734473
3.491704887252312
2.487051192920863
2.310343896299995
2.138130421918132
1.757392695387366
1.522107512277806
1.342137530981613
1.160025876984852
1.017381004928061
0.9452124683978458
0.8978305889275493
0.7852574293403592
0.7537562788496905
0.7288480946074289
0.6781355968254077
0.6338991267365492
0.6207902933220677
0.6037288502066868
0.585658895640873
0.5710425839992427
0.5266278998030171
0.4769443685230805
0.4573313969341883
0.4454026944634569
0.429928917445652
0.4205901032814276
0.4135851405479917
0.4036246391428316
0.3981703959238062
0.3958691931795863
0.3887837356181127
0.3806539266599082
0.3618277290888738
0.3418532506519758
0.3164371344680695
0.3078639221525382
0.3046919654310445
0.2969748762852988
0.2915622266270442
0.288214813559808
0.283341993970805
0.2798370103446757
0.2773293135689079
0.2752469939332722
0.2718231789748776
0.2685993683792239
0.2653279338157399
0.2614035822547569
0.2596584443381994
0.2571017297308002
0.2558362058220602
0.2551681331067682
0.2534537312106828
0.2523883909522161
0.2501686419848235
0.2472254552468697
0.2461032847879142
0.2455474953651585
0.2442815210806238
0.2399262711819418
0.234739076998024
0.2294648681501618
0.2216272744521118
0.2168422273960923
0.2125938033411493
0.209607931657708
0.2071929982421093
0.204817366137728
0.2037123387668484
0.2030422406327947
0.2026111543983511
0.2010914858256287
0.2004296521165885
0.1995876682798513
0.1988465107930327
0.1979252727959659
0.1969960876217194
0.1960721549840513
0.1953407654460484
0.1938180465355046
0.1918033956276934
0.1882697435622372
0.186287359099482
0.185780334084311
0.1837176857115064
0.1828936307057862
0.182497190956773
0.1824690294258369
0.1821433552644896
0.181786961009015
0.1816507207370376
0.1815147809161316
0.1803005844885621
0.1787099313868979
0.1773136502428778
0.1760982127383228
0.1723152773460368
0.1627502139793396
0.1580793756553269
0.1541808831789899
0.1504579617598638
0.1484904576834927
0.1477370707541246
0.1467497254512374
0.1460954134521642
0.1456014343973694
0.1446066739861331
0.1438750945262365
0.1434242140648
0.1429021321388186
0.1425332548460872
0.1421749827084987
0.1411853480894089
0.1398536383070245
0.1395899998990417
0.1393272857611649
0.1390333757252394
0.1387267569032993
0.138343747253295
0.1379809450376772
0.1375962406420346
0.1372008524357085
0.1359929673384363
0.1339727283917214
0.1331419466197358
0.1302845680758408
0.1286882466004278
0.1277118600887789
0.1266010295404132
0.1258041094166192
0.1254597801507991
0.1246454054432751
0.1240298292293708
0.1235061532951316
0.1227402663111929
0.1224726049993736
0.1223052190486437
0.1221548311549024
0.1219130039975547
0.1217868976047763
0.12166852080888
0.121448313276595
0.1213522043812295
0.1213105101508548
0.1211589071377702
0.1210715650306021
0.1210079641844349
0.1202658802778313
0.1174288504117284
0.1156008584925038
0.1150674118784595
0.1134758606221106
0.113150369655408
0.1129073930724086
0.1125482009734106
0.1121070017358061
0.111898644590632
0.1117211945175323
0.1114234933483358
0.1111646746763671
0.1109949865435988
0.1108501776696409
0.1103983586935167
0.1098038941433446
0.1096447005481221
0.1094421890255803
0.1093574211016208
0.109143155593694
0.1087142881575449
0.1071210667159699
0.1063806790409739
0.105472996743127
0.1046868379070578
0.1043438911616258
0.1038735499662478
0.1034996023779071
0.1032117359589998
0.1027408958807913
0.1022992780757271
0.1021310024693081
0.1020399144772909
0.1019743975468793
0.1018030104864284
0.1016248953895392
0.1015302938392276
0.1014401991327628
0.1011852610211104
0.1010558904126937
0.1008917981962638
0.1008277602772872
0.1008161972509996
0.1006629251764237
0.100601910773619
0.1005416148101158
0.1003887410385923
0.1001924085047554
0.09966042598511476
0.09871434621463392
0.09812152946839316
0.0964662391305188
0.09415467512360003
0.09346381902410261
0.09325264844521378
0.09301993735377047
0.09283425822382602
0.09230059504260739
0.09166448068734388
0.09128587754559886
0.09114958339667853
0.09071354800505139
0.09060817407033302
0.09049409261682122
0.09034507881328291
0.09027133140910186
0.09023242508118684
0.09011961718945856
0.09003381992344088
0.08995576026326586
0.08967166066372861
0.08925966132499129
0.0891161033899466
0.08905721990854014
0.0889365062774183
0.0887768616680112
0.0884826357016496
0.08814821174403263
0.08771948005100222
0.08742732080990417
0.0873159410892166
0.08715176145464172
0.08700947657828061
0.08695333298885888
0.0868400454978637
0.08654254856328776
0.08545544865038912
0.08424402226922685
0.08308806566551814
0.08259216593937632
0.08258623569100688
0.08183375815178431
0.08143323874922594
0.08128277372128942
0.08094252777611548
0.08081981815706669
0.08073728692423159
0.08067505104925364
0.08054606055833892
0.08037490149428447
0.08032689246734248
0.08025602024418228
0.08019335191393198
0.08007355019148142
0.07990859994126442
0.07940617858606061
0.07919161264630152
0.0791722243939771
0.07894104795070886
0.07884329072458728
0.07881435977179214
0.07873924327030746
0.07870073582185387
0.07859116220039782
0.07823776962303781
0.07805736839291766
0.07781701473285735
0.07760948535143433
0.07738550419223854
0.07679187899915627
0.07607745704454848
0.07564529939175102
0.07533024071722078
0.07408739623383563
0.07392693196876526
0.07378255990000394
0.07359011540759346
0.07344339444030219
0.0733454877368418
0.07326976939108924
0.07320245888723202
0.07312114516842536
0.07307784518781658
0.07305657572708224
0.07297026569993699
0.0729309745604986
0.07291882205190617
0.07286473653530094
0.07283154871783537
0.07280025822186048
0.07240955179651995
0.07193708477136282
0.07163346541474891
0.07152913649986137
0.0711226983992819
0.07099328076252802
0.07083146892169714
0.07075085620309625
0.07066448055009557
0.07059844971386017
0.07051666621231154
0.07040836822606547
0.07034598810101321
0.07032310719922535
0.07026913291511108
0.07023377460318234
0.07015261234560524
0.0700447153971831
0.06968683975623921
0.06932629179872452
0.0690460285228631
0.06865864692037585
0.0676488776471366
0.06685116259179748
0.06597782451372713
0.06491702954242409
0.06404682980193732
0.06356252683963531
0.06329025940888999
0.06316382371855919
0.06263847995718091
0.06254002000897603
0.06246709214994713
0.06236693846141814
0.06213757289220583
0.0619922419267248
0.06190134507945331
0.06164012638183387
0.06148746983757319
0.06139515846096774
0.06131617823029222
0.06117756340213128
0.06108683054749212
0.06103131186911441
0.06098713183461462
0.06093264494624008
0.06084902646610947
0.06081131708568731
0.06079794554627896
0.06075566369244242
0.06071678122294352
0.06065450141357741
0.06055642750481724
0.06045518117968648
0.06016795928371984
0.05956190975211718
0.05917102012657822
0.05862371029407289
0.05837537462250166
0.0582574553999818
0.05793824486800751
0.05747767293777915
0.05730171251615697
0.05726155002783884
0.05688733103453469
0.05679427338388832
0.05668486316366564
0.05662773064891896
0.05660054624247367
0.05649835852191241
0.05645127676915487
0.05642273280271443
0.05637777995887139
0.05631994842964651
0.0562726118397721
0.05624390934032231
0.05621316148404147
0.0561530794561985
0.05608617804324044
0.05605394266164551
0.05603423172469044
0.05600368048785399
0.05597663244888331
0.05595204216916805
0.05592196594392476
0.05584825015774285
0.05559573178324676
0.0553322682488622
0.05508185798042229
0.0548455811449346
0.05442959798662203
0.05397318141444949
0.05331741429624623
0.05268690799915266
0.05249966538430609
0.05229045814024364
0.05222003148606929
0.05214560794638111
0.05205229056500779
0.05195578565516265
0.05188847299085523
0.05180723866450665
0.0516661774314589
0.05150087266632365
0.05131550111154957
0.05127698860928565
0.0512214798979525
0.05118598813755318
0.05115712951882907
0.05106680254462281
