3.47971931528052
2.76404936558528
2.366440621728477
2.310629222402322
2.246244744644024
2.193607798052922
2.023874933359845
1.961000967408491
1.88962010796927
1.814028607742639
1.743043188469783
1.64755179945362
1.609392424887837
1.605501225770874
1.507040091332397
1.410937418933314
1.369391135773496
1.321326978889723
1.294554379962972
1.278180754131206
1.24027611905904
1.169795170201364
1.119660567257567
1.056573404814813
1.006945677769799
0.9725769019486736
0.9484631526182271
0.9026580604360723
0.878108877442093
0.8476787922954838
0.8339324454237241
0.8178019889542998
0.7811597749729363
0.7382427575646647
0.7145202631687472
0.7028757502779741
0.6620987943132488
0.6527191633066407
0.6438593210569363
0.6238002656614392
0.6110741887673061
0.6057781232841857
0.5943453264202684
0.5819632538594862
0.5750003103861596
0.5700463316185054
0.5628888779049588
0.5576286441786535
0.5540293893817697
0.5503043253961905
0.5453410745605699
0.5407858547779831
0.535237387020819
0.5299970895388674
0.5230984750345596
0.5212122189837438
0.5187483624855129
0.513834371881285
0.5035579925366654
0.4899991799296343
0.4770919576773709
0.4714842612060182
0.466270911780758
0.4646254618406258
0.4622491097174466
0.4614181902593814
0.460889496813907
0.4587457496179863
0.4575918877910073
0.455957002314148
0.450513512368145
0.4369759523818078
0.4182234411993859
0.3984214894315937
0.3940743907935192
0.3916388192540067
0.3910399741263318
0.3887324218910785
0.3878470468408038
0.3873901435513513
0.3872037219353605
0.3858349745866054
0.3844102897390513
0.3828349531539456
0.3801388580198416
0.3696039050492703
0.3627943651784043
0.3587996283798427
0.3552193914236544
0.3512635015345597
0.3491519316451911
0.3480321676148367
0.3437121956112972
0.3428162364973428
0.3423750767430499
0.3420815465908374
0.3408795710326918
0.3403343715954392
0.3397437848172243
0.3360087827856537
0.3339993569311913
0.3327552066637166
0.3321354729926885
0.3306805814762505
0.3251547269008319
0.3222719095552482
0.3192707528945208
0.3155421090527757
0.3138331727011269
0.3124163258089315
0.3110094122801777
0.308745693906925
0.3072180096441312
0.3065202858835344
0.306061665679543
0.3055934081908164
0.3051624915612159
0.3045125182471752
0.303551054918931
0.3029409035771694
0.3020116735963609
0.3000191415161476
0.2986367747338695
0.2979867792124622
0.2971653576909845
0.2965364543364818
0.2962773520844985
0.2955869619208211
0.293967897225775
0.2935456175258042
0.2929735467171805
0.2924085801775557
0.2918573195308286
0.2908808610955492
0.2903422015111408
0.2898191350764816
0.2891692588413526
0.2874828995787466
0.2866216055052893
0.2859989564100694
0.2855971481610713
0.28478046631392
0.2840359855798705
0.2830403609395631
0.2826552204914545
0.2823030914668743
0.2820121467543493
0.2816706511722827
0.2812166342403424
0.2807497879520204
0.2803086380763362
0.2798096662039898
0.2792917479166416
0.2755712194372952
0.2735507074520345
0.2713209608684146
0.2631502409718101
0.2567651120223652
0.2544376496694751
0.253340002054552
0.2531201717425174
0.2513942578313233
0.2508166901022144
0.2505032719397069
0.2504188577627176
0.2500602440058355
0.2499554525553757
0.249797854349614
0.2496397250247848
0.2491928613785649
0.2480494933423784
0.2474724898939573
0.2471297747012065
0.2458128547668715
0.2448055450128433
0.2424206643599704
0.2400080305054506
0.2387077096485676
0.2374347728493603
0.235937161421167
0.2326626023388452
0.230790496993952
0.2284018619458369
0.2269415775542446
0.2260939837777637
0.2249137513569285
0.224250917206324
0.2238938513603124
0.223111350977223
0.2224684777723714
0.2215236759909722
0.220406383672566
0.2202021369472384
0.2199275614194196
0.2196442907109835
0.2193412097509076
0.2190548333234088
0.2177499464548049
0.217322874939404
0.2163444507825013
0.2160400521086191
0.21558857677242
0.2154401040565086
0.2152649803230022
0.2150556317817477
0.2149697642520213
0.214783789380898
0.2144064569567817
0.2140176768207609
0.2137710482576004
0.2131852946250369
0.2123616750635261
0.211547200698318
0.2112905686344985
0.2109717433874168
0.2105966268288441
0.2104006252188117
0.2103426270269826
0.2102122275843481
0.2101296523958711
0.2100809431925303
0.2098813221221783
0.2097857451158483
0.2097737371575692
0.2096780903670778
0.2095776613523171
0.209467639982141
0.209066181948357
0.208349491984049
0.2074555784847177
0.2046073448693487
0.2042038702254587
0.2038228439796389
0.2032663549262002
0.2028043681349659
0.2026451739373967
0.202518374069533
0.2020331213103918
0.2014301727311186
0.2010737042398824
0.2010135533756791
0.2008877676762851
0.2008142718770106
0.2007663198168935
0.2004318589258156
0.2001672767062337
0.1997879449834605
0.1995811889141618
0.1994177612721306
0.1992057967002446
0.1990927610346658
0.1990358873193746
0.1990048258108804
0.1989184139476988
0.1988093491257638
0.1987663411298102
0.1986166280622489
0.1984804693255874
0.1981734861016008
0.1976966058170802
0.1973863259052581
0.197238563184351
0.1970384846511565
0.1968900404623063
0.1967637037822385
0.1963915111936423
0.1959783399726367
0.1957346416527383
0.1955813697573345
0.1953759644033171
0.195162863226184
0.195049990454826
0.1949884736532718
0.1947501312087316
0.1946770185872017
0.1946369918651623
0.1945860139069041
0.1944894824333534
0.1942415268821003
0.1939109327703438
0.193638756556642
0.1934769133966374
0.1932686455128619
0.1930785716175962
0.192878866780601
0.1926497786184601
0.192500470104274
0.1923994520599689
0.1921890303577327
0.191953672609257
0.1918664317682251
0.1918168886300491
0.1917654004778862
0.1916278600926766
0.1913515508529019
0.1909831460829665
0.1906845157068428
0.1903240873589283
0.1900868692321428
0.189906631311345
0.1894594022164817
0.1892639207013569
0.1891989812878638
0.1891150411470957
0.1890828332514022
0.1890658582601406
0.1889362833533413
0.1888630656559469
0.1887626063002569
0.1887229841476458
0.1886690544813447
0.1885559350832615
0.1884172274263118
0.1879883589016101
0.1876404926673053
0.1866668646208483
0.1853366494260459
0.1846731774353021
0.1845311462501127
0.1842379841971818
0.1841553962250175
0.1840643179683215
0.1839521022799783
0.1839006384391507
0.1838341160228357
0.1837200622943078
0.1836433204364929
0.1834875043667348
0.1833221019589371
0.1832074465973589
0.1831549840150878
0.183079605881398
0.1830517239345847
0.1829577354368846
0.1828803037184349
0.1826974403438943
0.1824257483555538
0.1822801071186276
0.1822103291528193
0.1821171298696507
0.1820831712867157
0.1820339733890874
0.1819920973666994
0.1819468195321901
0.1818065394225916
0.1816795555327849
0.1814501082364385
0.1813084067973729
0.181151180231778
0.1807911503978056
0.1804073668943179
0.1801282489365625
0.1797957901960774
0.1794316794356521
0.1792010566361302
0.1790789355093943
0.1789399510438501
0.1788874699833272
0.178853444729159
0.1787294454023529
0.178489746162735
0.1784115468929963
0.1783041741315631
0.1781959515799024
0.1781138172443419
0.1779164001753208
0.1778589305987136
0.1778188247039293
0.177739792042228
0.1776149361258139
0.177542702442232
0.1774431419759053
0.1773930285572786
0.1773727610564467
0.177286038286829
0.1772560580254121
0.1772367384162839
0.177061579996078
0.176703448119397
0.1765981288867044
0.1764532976418167
0.1762136152321458
0.1756670922658477
0.1748274699589841
0.1743063864815507
0.1740670117643556
0.173897822223767
0.1738291052218164
0.1737306785994576
0.17368925398913
0.1736544187030698
0.1735664316012513
0.1735088830990117
0.1734399378899279
0.17332329105648
0.1732852145529018
0.1732395576192508
0.1731836128101004
0.1731412406795187
0.1730673839903881
0.1728746900661582
