5.939101349502664
3.870190532671482
2.56528463432668
2.281475613821895
2.063324451189721
1.719392131980169
1.477968998928161
1.239384309801522
1.099763130970891
1.0904138457562
0.984397049560679
0.9560493170731208
0.9208972707062627
0.8488039556930129
0.7594230787076753
0.7212055784895329
0.7143102016087379
0.6531139652234922
0.6364418896468194
0.6155340040210725
0.5944049570886653
0.5800478943469234
0.563841782606457
0.5165439905604748
0.4932629543837002
0.4808137390972278
0.4692245947026286
0.4262120239142
0.4215273713608954
0.4174216925300615
0.4077257700350063
0.3964331679989365
0.39178720577535
0.3848333849870374
0.3818230715195756
0.3805579625155205
0.3761522590141101
0.3742317961296887
0.3737208157589189
0.3691967526116936
0.366798185846739
0.3638002655701348
0.3559655360890118
0.3459785661388501
0.3366520438629404
0.332599010525145
0.3284972157323718
0.3127084132411953
0.2971085864725875
0.2925606710103612
0.2890701265212465
0.2836167611454187
0.2772937632963004
0.2751599191425774
0.2740769954127549
0.2729567375987021
0.2697518330169915
0.2658858182524307
0.254303392099344
0.245945321799916
0.2432503768916858
0.2377990866248946
0.2313362103194044
0.2290799423662577
0.2262163688573923
0.2240814140617417
0.2215589654581222
0.2186640590328192
0.2179488087796526
0.2169859289703291
0.2161523261964931
0.2145793349517158
0.2109550283487381
0.2079438348216899
0.206933733900047
0.2056529781460201
0.2046604546370395
0.201961315038084
0.2006648393852494
0.1998445849577058
0.1987235658759869
0.1975533903705579
0.1971609246375776
0.1962706875742332
0.1952540943035383
0.1945764548223424
0.1941642077503287
0.1925018681235071
0.1914975351182691
0.1911555185086656
0.1900466169676651
0.1891402150042026
0.1886279452367468
0.1874994430218385
0.186012110620299
0.1856091369925087
0.1853330859182259
0.1847982189388851
0.1834238700840665
0.1826820142553393
0.1798021256995703
0.1743020997768251
0.1674486614986721
0.1623465608967584
0.1570724555321632
0.153624690966175
0.1517846661482527
0.1504322435668309
0.1495228770415848
0.1482587943028105
0.1477560762784472
0.1476143387950508
0.1472055125591633
0.1469512729550159
0.1462545095650515
0.1443083775765779
0.1430941165456189
0.142403715411021
0.1418776606737039
0.1410826010720221
0.1401309761617688
0.1397443410653503
0.1395642510615618
0.1389910997888358
0.1387115247134465
0.1386331896254212
0.1382967495571142
0.1380296622668873
0.1378882774879774
0.1373431483349516
0.1367986073157292
0.1363182950582776
0.1357544780429509
0.1355425702160895
0.135251630890656
0.1351312577363443
0.1350048055559702
0.134472605154999
0.1340589871625709
0.1329707687512821
0.1316275485598116
0.1301220991593647
0.1299085143804003
0.1297802421379794
0.1296468564049904
0.1291049374187419
0.1287676132530373
0.1285186113175396
0.1280076734405671
0.1274552464628674
0.1270680628590736
0.1266842019200178
0.1253674107858699
0.1241794828400316
0.123533341183907
0.1227275598527901
0.1220980486710959
0.1216817920053817
0.1208237944082046
0.1201317230964936
0.1190336440766134
0.1182618745225295
0.1177835363216928
0.1173660656577129
0.116804484203687
0.116594662263845
0.1164665470554323
0.1163843178686081
0.1160310954148475
0.1159750116277284
0.115898077944003
0.115781365155317
0.1153011543720348
0.1142042036993609
0.1128959465367202
0.1115075647982019
0.1104973544938743
0.1096422712610224
0.1072185926541678
0.1043221531650018
0.1034042865898407
0.1025534791724708
0.1013811602465956
0.1011039552939005
0.1009265150368061
0.1008163874720528
0.1006704329691734
0.1005454847844596
0.1004554566716234
0.1003151104623936
0.1001903913774964
0.09996847244259467
0.09981340822958026
0.09958278878697632
0.09873377583103159
0.09821099985314936
0.09804038291706531
0.09778321981193984
0.09753598746657978
0.0974686500310977
0.09736943122886188
0.0973159003555196
0.09721697341069982
0.09705060239989816
0.0969255226833918
0.09648871377776029
0.09591342720669059
0.0957656066132142
0.09570375079470865
0.09563297772502885
0.09544101247865067
0.09495666322063463
0.09467788297184124
0.09449941394373598
0.09380613647392856
0.09321585674187699
0.09252429674782091
0.09177854551410826
0.0914430584012679
0.09111036378016134
0.09040858957318146
0.08981363859782769
0.08939920007226067
0.08889039606934168
0.08864312070516225
0.08858598023708621
0.0881889328175596
0.08799598964182584
0.08784482086197103
0.08756910316747024
0.08737984900271271
0.0872884650581842
0.08721002151897239
0.08708134428755783
0.08698056970879743
0.086893077848667
0.08679991935370659
0.08666512733608002
0.08656179405267161
0.08644280852308331
0.08633401233657821
0.0861206852562013
0.08584570439214974
0.08525158364203719
0.08452306349682426
0.08425051190261529
0.08411934307050532
0.08404446280334724
0.08398914240804184
0.08383153517017439
0.08361780893843181
0.08352952066478404
0.08346922554409582
0.08342312689267836
0.08330523132079189
0.08321590809498895
0.08312067807912996
0.08303433696842293
0.0829598853576235
0.0828378430402676
0.08263553996530727
0.08252289493517272
0.0824618532526231
0.08221890148702143
0.08205529193772819
0.08200949900793038
0.08195160655030444
0.08191589341722749
0.08188694543619129
0.08179190156153868
0.08160402361010666
0.0814722274549535
0.08121238837401616
0.08066217659294565
0.08038848200998572
0.08008311945265165
0.07978464964708014
0.07948231373830446
0.07932204168575918
0.07910327977176528
0.07886927732933355
0.07886252040160775
0.07883408043451723
0.07875443488172375
0.07829419281992284
0.07741714297448438
0.07658769012734319
0.07524670582941594
0.0746323892947288
0.07426870001069281
0.07379430726327656
0.07368511408358178
0.07358762444961453
0.07343169206221774
0.07334498404791022
0.07328573503431532
0.07316377755172143
0.07301281325193376
0.07293476979689682
0.0728996462247123
0.07282329383787618
0.07276156777440776
0.07268842656670103
0.07258944853889168
0.07249576656004182
0.07241913672467981
0.07233719822049578
0.07175963335302681
0.0710488953428506
0.0704348048133871
0.07013143333314086
0.06976168825014012
0.06964729399186083
0.06938838561590983
0.069056504828425
0.06877325328788027
0.0685953734318871
0.06849075183489459
0.06822564384756843
0.06801744300020912
0.06795447713979445
0.06786307270934969
0.06782736661880885
0.06777620368740711
0.06773914129058067
0.06766177598152859
0.06755349237191144
0.06745867022923044
0.06742477128099411
0.06734245903988631
0.0671995184559811
0.06698014616724499
0.06690040199906347
0.06683640265337547
0.06664278802745166
0.06621146085452499
0.06564342493864279
0.06506417941812237
0.06481149351201813
0.06478563691873016
0.0642854439715826
0.06415661717119336
0.06407617936426918
0.06400308906310484
0.06391313831874189
0.06373713982586403
0.06361361678262742
0.06333320701217419
0.06308939117601906
0.06297253604321963
0.06290533116750752
0.06282729034862694
0.06273376792997239
0.06270233446847097
0.06265458175523474
0.0625839859353791
0.06252886037025762
0.06226293866895649
0.06196859948511964
0.06188054267465776
0.0617851815658842
0.06170504987097328
0.06160420261118951
0.06149162075125214
0.06144366870811736
0.0614280944782659
0.06133015426816268
0.0612921012435499
0.06126119436273642
0.06116160206598514
0.06072390747695259
0.06047844610282067
0.06033951758826766
0.05976327913018149
0.05964850146102509
0.05958687921658685
0.05953058577187613
0.0594768421092419
0.05935295662932127
0.05928134214107749
0.05917617715107474
0.05912833727173478
0.05910558711970633
0.05902018746877353
0.05899326705228284
0.0589607022623659
0.05887325935822124
0.05860451406183135
0.05823148516078166
0.05797647097030795
0.05782843763059961
0.05774216562234961
0.05770582377260671
0.05760579596775227
0.0575229506029141
0.05746297176098747
0.05741130230472238
0.05733185328331976
0.05724592717096123
0.05721844060685789
0.05717723727274685
