7.463987346224446
5.770774345079376
4.447532916397684
2.814978201984637
2.600535191876757
2.387901811983773
1.719774734676294
1.451398278689233
1.283601187655296
1.121379708085882
1.028403647808493
0.9838055032521825
0.8420567923960223
0.8097508741110614
0.7816861480186018
0.7453009718578988
0.6985554173828653
0.6829086701897789
0.660612447793636
0.6455548732976345
0.6288895370811932
0.5960481581024852
0.5671321446877221
0.4898348422154421
0.45507859916322
0.4414751009678068
0.4328993504430648
0.4232763889221969
0.403624611260272
0.3935627963729197
0.3899438161037492
0.3864372011248837
0.3831609544838691
0.3779845386114301
0.3735370723441794
0.3696175642281029
0.3647812599697462
0.3539662534299611
0.3385863416087267
0.3310440981599327
0.328780341188342
0.3255016630067954
0.3242004364642656
0.3227731148478734
0.3174293977851107
0.3129126031992954
0.2985748205030315
0.2870945708557787
0.2711311632035387
0.2645644174115501
0.2638961451102257
0.2565139456599638
0.2549542290839535
0.2512904572583983
0.2461738575626629
0.2452874511878985
0.2441984969436986
0.2420838151053937
0.2390856291050758
0.2375744689323336
0.2369889287221531
0.2354787806983652
0.2348093079466372
0.2331809707913435
0.2311573784903346
0.2291031786995448
0.2271767570554631
0.2221335582345623
0.2160876384950539
0.2109966959184671
0.2049960742946959
0.2004192568622283
0.1949826629016433
0.1919016984703878
0.1905058320579735
0.1889453270586298
0.1877100329801266
0.1863476373837666
0.1846696950522212
0.1834213344422193
0.1827324100834931
0.1816379554132188
0.1784366245177516
0.176915027003542
0.1747499264703209
0.1736583921542998
0.1733266473005752
0.1724786396826856
0.1719650505704814
0.1714284717884694
0.1699050079619924
0.165528889563031
0.1621091828669674
0.1561887662778482
0.1522939399842281
0.1498689912916537
0.1472158970303006
0.145628411451186
0.1433792781890426
0.1416963285567363
0.140659996972625
0.138545405149981
0.1375124154530487
0.1368832172233015
0.1361436655252119
0.1354852487922222
0.1346061189318833
0.1342426396265421
0.1341159311632097
0.1332288471446462
0.1329317641189244
0.1325773457811272
0.1319657989576552
0.1310713635534827
0.1304383937661152
0.1301325982453246
0.129867310577545
0.1274379763525046
0.1266792171369787
0.1250675209476548
0.1229136973094331
0.1212338998738805
0.1203185124794807
0.1190205914866259
0.1181453682511621
0.1177043033918444
0.1163213596369125
0.1145636234541411
0.1133500478979932
0.1124671207605419
0.1102292717448461
0.1089448832869757
0.1072490609505843
0.1064217581126408
0.1060023243920905
0.1056895957577609
0.1046154451331169
0.1041043975957247
0.103879924721938
0.103628371028636
0.1033718878418215
0.1027591541983724
0.1012984865576942
0.09982288100370183
0.09887427545690745
0.09835200600525175
0.09718592992458008
0.09653722798072249
0.09612805250984494
0.09530064399401637
0.09450451834197059
0.09371362756573932
0.0932430171056027
0.09300070375460912
0.09292553725725834
0.09262237784328951
0.09236899662713108
0.09224915564155256
0.09185301080494319
0.09152752853369793
0.0911483750371872
0.09078062051386168
0.09060327111427552
0.09035477966063242
0.09012832298501496
0.08993110618728546
0.08956974175816823
0.0890849202131775
0.08842427209816044
0.08809729478861741
0.08795316215429551
0.08777111526041544
0.08764509432735547
0.08756208114239057
0.08734828005054841
0.08714569061035636
0.08705166842002553
0.08702015380908558
0.08692311696524481
0.08680203217347528
0.08666963780230215
0.08632630602293707
0.08442284838887812
0.08173854859293911
0.07890690506063908
0.07787047579912275
0.07741901754412472
0.07701180173467975
0.07648695595275419
0.0763760332085625
0.07628724590010116
0.07615798298337503
0.07603251664576015
0.0759017964534196
0.07575933564908023
0.07541161913032557
0.07493391579627671
0.0745439354245416
0.07427633463480825
0.07412335596342995
0.07373514452921998
0.07348497187335692
0.07329486043204282
0.07274703687086793
0.07240970781257973
0.07223264143469366
0.07211836690038183
0.07171420131134783
0.07152826481033718
0.07144750739199277
0.0713340152115431
0.07122831131064243
0.07094730789380178
0.0704300247550146
0.06925868831043881
0.06668447278193154
0.06329846886643516
0.06105924112300137
0.06016920688066503
0.05895249995355844
0.0584155573168912
0.05793962875391673
0.05740733739284184
0.05663104877119323
0.05639547002686075
0.0561856488132384
0.05605445527455621
0.05567958983440699
0.05518941790010424
0.05477593059741008
0.05457228623136618
0.05443612076516634
0.05423891532170371
0.05396311005822209
0.0537472779407271
0.05365687306293439
0.05354898164575361
0.05344740953521544
0.05321422801945731
0.05299355423729287
0.05238777002895687
0.05158180461736572
0.0511842014448059
0.05101819056988603
0.05056247222697077
0.05035208566214453
0.05015439205898033
0.04989128592010134
0.04970255298855304
0.04954445391965739
0.04932628798600526
0.04913886797216954
0.04900477439593246
0.04882944546118405
0.04873978245521166
0.0487048629821097
0.04856615593276652
0.04849889509410053
0.04845453501312413
0.0483586753684871
0.04814407971466472
0.0480102715232711
0.04791571072480131
0.04751848803129807
0.04729277980099104
0.04724998367581876
0.0471446075691254
0.04705859953196215
0.0469298192303587
0.04658845302112976
0.04616324059442736
0.04595617333153128
0.04587795891184127
0.04552638368011893
0.0454589383646489
0.04541544779256822
0.04531901154314164
0.04515555083346993
0.045066692187528
0.04494701267012954
0.04488012194239904
0.04482994768430085
0.04475960270773416
0.04470886331134357
0.04468036339112325
0.04457182129907132
0.04403080973185065
0.0427589776517236
0.04163448659469132
0.04035184670200277
0.03914997859625894
0.03769925082516391
0.03578041900281029
0.03528473850352266
0.03454855413444415
0.03399203414950541
0.03333043338343598
0.03279818411043835
0.03234120101631592
0.03201933188691042
0.03186391514272489
0.03171588620935347
0.03149476754487882
0.03131583651041132
0.03116006898832948
0.03095053736253648
0.03089050149768422
0.03084154433679749
0.03071175635713188
0.03048966542680553
0.03038376104746256
0.03025785938567218
0.03014061797754451
0.03007170154266619
0.02997628189825057
0.0298923259361483
0.02980571374526383
0.02970562894723923
0.0296134678177281
0.02942420893997655
0.02927679796935014
0.02869617875139948
0.0277828376178354
0.02760812289398444
0.02739136036870437
0.02729012586381041
0.02720099973604977
0.02715543651518506
0.02709874811118419
0.02697602211760504
0.02686126708807989
0.0267028289847974
0.02651570395838168
0.02639534595000953
0.02631779211532553
0.02622853053157894
0.02615512608999243
0.02610711756534717
0.02605749161777683
0.02598651356596057
0.02591600322139044
0.02587047195492587
0.02580909976143726
0.02574473041963481
0.02568473962311998
0.02563197085539215
0.02552855860645998
0.02537342914745871
0.02500556858391334
0.02450969499554512
0.02410253935066439
0.02399188435238599
0.02388248413508426
0.02372652992327394
0.02366742436664851
0.0236352191052377
0.02362467051936899
0.0235841455787669
0.02355458696745178
0.02353775713409019
0.02343439170560034
0.02332204060193213
0.02310395177184203
0.02299311129199121
0.02290542569652813
0.02258315069209493
0.02232695416893739
0.02224853552292428
0.0221934550607168
0.02215576340853198
0.02208862633029216
0.02201758941497049
0.02197709093828847
0.02196103116247753
0.02192352399440417
0.02188888977026439
0.02178931252920108
0.02157836446613463
0.02106092115138433
0.02045802005355989
0.01979227692677888
0.01945336636974337
0.01940994763849119
0.01896218189710032
0.01870139445443958
0.01854081890277305
0.01837531915113864
0.01818094135463316
0.01797701271198429
0.01784483840601855
0.01776656954345978
0.01758957305445032
0.01749340355215016
0.01745572708966522
0.01731354138028191
0.01727038684218063
0.0172484700791805
0.01716930456875089
0.01708476223824254
0.01693142264717347
0.01680046823268782
