10.8174872812859
7.313041088256429
5.480746531873264
3.670030264252754
2.400335721198995
1.964358947917331
1.683575183848132
1.411272433912738
1.263368072468119
1.079012598218937
0.965889851027344
0.9095702724435483
0.7808961349455352
0.7490587684374168
0.6958226052612412
0.6474751382020794
0.6216405013322743
0.5827674803682774
0.5512774441021986
0.5348772609349106
0.5296398104787926
0.4919487752679055
0.4701110414081501
0.4453558116692091
0.4246741937848899
0.3949348889940659
0.3775335459166069
0.3713525158373924
0.3645300354194042
0.3615920293451789
0.3575399039843226
0.3511684293211746
0.3430617905000076
0.3337347646687903
0.3317168233732477
0.3296353230801458
0.3223262971467705
0.3156258618150741
0.3065818370489993
0.2976054661777366
0.2894405202770972
0.2809964162846433
0.2736294648941883
0.2668137082453143
0.2595494160323131
0.2513102657134483
0.2435158545814024
0.234416473149932
0.2315076066811443
0.2294727452221455
0.2267523038950668
0.2240983182383086
0.2223490723833889
0.2201493139012906
0.2181328038406978
0.2163396638075668
0.2138628566188934
0.2123105031471309
0.2107265915137392
0.2082923370616881
0.2063315641952927
0.2054940124268745
0.2035769861117435
0.2007424009987973
0.1956097451233182
0.1933643225473742
0.1881168150458283
0.1802570404508576
0.176842718743611
0.1764208181313487
0.174411818192914
0.1740524164329398
0.1736329222504944
0.17213673755229
0.170585306189117
0.1680489448301166
0.1656233761548463
0.1589532412073984
0.1530508050407111
0.1488584232240399
0.1438445862080519
0.1359917788525644
0.1317416985289042
0.1295285657392922
0.1268837019117001
0.1241748106184502
0.121984224826375
0.1203930628753137
0.1189702753920705
0.117643432114727
0.1162835382604604
0.115074536033225
0.1134174781037268
0.1119465251337869
0.1109644955703825
0.1106727856622852
0.1099679320583266
0.109078726636322
0.1088907688684588
0.1086107033763735
0.1083583244699134
0.107911523307379
0.1072491015241045
0.1062363927159872
0.1054208376299454
0.1049102558331017
0.1040113155272449
0.1017299403121566
0.1005004923289469
0.09978409336550051
0.09906059088139763
0.09728738097896973
0.09612852495221573
0.09483330525736829
0.09257005914630892
0.09178477506627736
0.09139811920963184
0.09096628516126619
0.09055481179082095
0.09009554676930748
0.08987352902005748
0.08939166560233576
0.08904958328462272
0.08872592450120935
0.0880682917056019
0.08754715375655255
0.08702503258827481
0.08634907459855018
0.08613414068506069
0.08588378273907117
0.08562367241543051
0.08534694429463299
0.08504373198871684
0.0845389603892009
0.08386891075099935
0.08327152700852331
0.08280616976536719
0.08254809740312287
0.08148756171021844
0.08098965533593074
0.08051046049190444
0.07993063436354365
0.0794401590708419
0.0791596639037767
0.07884168841990902
0.07765018861371611
0.07616765370689507
0.07578599455019863
0.07555213694657718
0.07538668389915738
0.07516900465033603
0.07484378482622529
0.07454995865362725
0.07441657484939838
0.07425753448320481
0.07415196092777526
0.07388120323783808
0.07351600585944817
0.07331718301118974
0.0732037485135474
0.07304546836265735
0.07294284516805004
0.07285122445593226
0.07248547214118566
0.07163236467872457
0.06918437598760538
0.06581124219132878
0.06284509557115291
0.06145548138564683
0.06075436780193793
0.05934138851874925
0.05840243853928738
0.0571745891795238
0.05655134175258929
0.05636406426934121
0.05589473488595927
0.05567752024621623
0.05554696520629068
0.05535549339479812
0.05521135846586969
0.05505600759626045
0.05479293079607837
0.05445791476332468
0.05371790599162845
0.05324613080489268
0.0526580144420579
0.05243776748350384
0.05231119269216289
0.05220281173681626
0.05189197387034562
0.05160071107959006
0.05150897985189017
0.051412066958098
0.05133464795150261
0.05103515361929036
0.05073592608027614
0.05035971051521057
0.05016319143414872
0.05009753241089328
0.04979337406882536
0.04970938501185514
0.04966543725437723
0.04957844194335601
0.04929931725546483
0.04894600428926572
0.04874487355776425
0.04859854188529386
0.04789092486621658
0.04740047650783658
0.04669754426271801
0.04648038485083411
0.04633518469122406
0.0462064272382481
0.04597107677095395
0.04576561467548813
0.04554873512147609
0.0454148245237037
0.04526047627172846
0.04509154551449024
0.04493245237241628
0.04461294383496331
0.04388941285311655
0.04274851253435944
0.04189464891470046
0.04142440098137719
0.0411591042808425
0.04098390972308295
0.0407644223771141
0.04060287338601927
0.04047945037011536
0.04025846927676067
0.0401029179861134
0.03994627700444293
0.03980245455060159
0.0396098331037306
0.03951396969351027
0.03941997336605461
0.03933897112487949
0.03920950377646352
0.03907909663779766
0.03900663153855444
0.03895665030829058
0.03889435848628084
0.03884070434324243
0.0387964995649854
0.03872220144830157
0.0386517265326456
0.03858531186246593
0.03852461207374008
0.03837542233259353
0.03796930952058597
0.03674913864957933
0.03415365480494962
0.03049613277750316
0.03006882734733322
0.02947531781518164
0.02914221776113292
0.02889788306345705
0.02865595593743446
0.02852391493404833
0.0284260923006317
0.0281829944638122
0.02809482185978724
0.02798925007503856
0.02789352389679352
0.02779971508964041
0.02742566789478404
0.02727664546951434
0.02708193236220288
0.02692645616763679
0.0268372383753529
0.0267223138256419
0.02660189103008519
0.02653384700079637
0.02649474108913158
0.0263204620274855
0.0262517853708195
0.02622591411957843
0.02614227709977533
0.02602760691582432
0.02586237692860859
0.02567850874043401
0.0254463477812484
0.02529006357268123
0.02521809925136202
0.02513656611293666
0.02504911169244367
0.02499615888275255
0.02495181914598269
0.02481916375159098
0.02468992940615369
0.02461479862604672
0.02450413176529315
0.02445505351283618
0.02442117490587841
0.02436170908901484
0.02424224759246097
0.0241324571141711
0.02398647192553652
0.02384211190550257
0.02370838939996271
0.02363985932659184
0.02359869814552645
0.02332539521116475
0.02301527157137394
0.02289351189574938
0.02277340534852536
0.02269558843796822
0.02259071974685732
0.02231285028726943
0.02217633937989878
0.02210019231998035
0.02205102491969177
0.02189343927854827
0.02182973132862778
0.02179426952896016
0.02176547650823916
0.02165816916360167
0.02158736681394743
0.02156171907645068
0.02148532758386178
0.02144216191378556
0.02142141244449982
0.02136345480380562
0.02133241231350247
0.02131944715159747
0.02126708701075884
0.0212446494852556
0.02121805159432154
0.02118371897623612
0.02114996816104809
0.02111765908870819
0.02094746014002961
0.02071519765005816
0.02014030583729311
0.01933874073099253
0.01908971213609775
0.01893972796756622
0.01879538453191588
0.01870929063626633
0.01865073208945782
0.01855542804547879
0.01846988432738841
0.01843665963202805
0.01842029001075334
0.01835991480042054
0.01833236627583701
0.01829971738108097
0.01825931157631402
0.01823244847637453
0.01817380395579574
0.0180770811989086
0.01786971382867546
0.01760742987291804
0.01747509945570996
0.01740472990671062
0.01732835813789248
0.01726003753239192
0.01717961370028154
0.01708490539397326
0.01703929427904038
0.01698965589536346
0.01692770752867559
0.01688060896982958
0.01684508445724738
0.01674118562872355
0.01643037093304162
0.01607504121192327
0.0156278603687382
0.01547030306980752
0.0152738589018195
0.01515651222098047
0.01507375697357411
0.01495707016080601
0.01492533866321703
0.01490700915420337
0.01487560095097233
0.01479421346491604
0.0147423864758733
0.01470038698244347
0.01460913412890387
0.01456486120893795
0.0145327728139512
0.0144960840962926
0.01443116448513747
0.01439454708883435
0.01437753414332588
0.01435351787952715
0.01433479476587505
0.01430871001695011
0.01425787234805407
0.01419171945034583
0.01403451832602894
0.01386243251610852
0.01336946752989167
0.01288224495868538
0.01159931857549178
0.01075465375294774
0.01008898884633905
0.009263198871981366
0.008970059102745332
