10.76311126821205
6.513924137351589
4.02615810617626
3.453684449917783
2.921260666813011
2.304478035759072
1.975310618142717
1.734794188870348
1.539269133075134
1.296664431990656
1.212357463681942
1.025687434037801
0.9492108980381679
0.880912154454522
0.813009639637887
0.7691639066975908
0.742595253368575
0.7055772093025279
0.682332442972693
0.6686089371504551
0.626442748905045
0.5997026079737862
0.5863614607127732
0.5532435267873097
0.532427167723044
0.5182764491116905
0.4966158669191525
0.4839753533864234
0.4791856779445605
0.4681182365002572
0.4522621987873998
0.4429778063004042
0.4357675516025497
0.4252905004663453
0.4214188914024614
0.4209166334046096
0.4160994425180569
0.4122730510024331
0.3913336637649381
0.3706929476766984
0.3637556550362351
0.3597913732117163
0.3443268475731773
0.3340201585931407
0.323552888996576
0.3096127174752613
0.2985632865609823
0.2962191604568763
0.2916842731152685
0.2876043475089193
0.2810563412106331
0.2758681917713013
0.2739960631753093
0.2716562764476454
0.2693025778840419
0.2677499810006574
0.2663752474830022
0.2621562582733646
0.2510590114703963
0.2455142535746461
0.237935854023602
0.2315768137996786
0.2270517465573408
0.223667758084533
0.2183650905329002
0.2139534710840573
0.2101855324481516
0.194508729024572
0.1899811732177583
0.1870130577602952
0.184937711408603
0.1824804009543266
0.1814307518681497
0.1807481732688129
0.180251767403605
0.1790415287435889
0.1779802871388125
0.1764984573179225
0.1750107733473834
0.174139232832085
0.1737137953234414
0.1723289069028638
0.1716379340947408
0.1714815183627535
0.1705199911549134
0.1701069479958116
0.1696081892147365
0.1684765191266118
0.1671032082839426
0.163423679763722
0.1613462514570199
0.1589336230372577
0.1564027200697248
0.1552067683392828
0.1527644430874705
0.1471776177736738
0.1393165452992526
0.1363930369043511
0.1354343097028419
0.1344306411773792
0.133461380607967
0.1328160313064914
0.1319602372395187
0.1315903758802224
0.131085208231825
0.1306191198257851
0.1301534875619025
0.1293476746661796
0.1282321082130766
0.1273261781168263
0.126501576897191
0.1256130559933802
0.1245650297868511
0.1241753610343252
0.1237786218069322
0.1232430490750047
0.1228212360707046
0.1223001124335748
0.1220679995968192
0.1219522580368711
0.121506960544418
0.1213370224044183
0.1212338295164784
0.1210818137680846
0.1205861346007949
0.1198889288759342
0.1198054284231104
0.1195113999762694
0.1191624897070691
0.1182738236584669
0.1172335468118032
0.1155276094635919
0.1133476521874878
0.1073661927191142
0.1050231365034553
0.1021524861550195
0.100729741321474
0.09998160668068336
0.09959345750576831
0.09940773839518462
0.09863594155655961
0.09840134794539897
0.09828327866301328
0.09810706123771758
0.09795193131837344
0.09748478140888212
0.09660705908098893
0.09548752748300721
0.0941721520577382
0.09361587561361413
0.0935016318895175
0.09333756102836374
0.0930845891838587
0.0927190767809994
0.09243112366739503
0.09224356230898588
0.0921344422127528
0.09175147126460574
0.09139913606600886
0.09118648710565913
0.0905727182284297
0.08829516481291565
0.08608973202515638
0.08374658536215623
0.08282614506508172
0.08172036944265894
0.08096595697215314
0.08037494944451958
0.07981353248143479
0.07951388749818725
0.07931691954544383
0.07903427701650016
0.07828082001834011
0.0778586235665864
0.07744761739257429
0.07707583308383231
0.07657196679064719
0.0761916403236878
0.07591479495325984
0.07560473268412747
0.07536251632535471
0.07520070752338157
0.07483270102268703
0.07441882217006632
0.07428119309980427
0.074206546544721
0.07410274988240331
0.07390860073664403
0.07330846662283501
0.07262379820913432
0.07142161979747635
0.07058530125279482
0.06891492379231386
0.06747295080220682
0.06644190094419274
0.06432717734322525
0.06287049683980606
0.06157474722374188
0.05982859636376656
0.05899830889258582
0.05875189230048521
0.05842548819793601
0.05815516076062708
0.05799777892575723
0.05737976616543455
0.0571523924138282
0.0568566398901122
0.05664993930167458
0.05642801538530456
0.05613179025898965
0.05600056227698174
0.05598469125589171
0.05576752355013286
0.05568232871306864
0.05548852577700915
0.05474190497723192
0.05395296316089734
0.05335825289330257
0.05299792985773456
0.05192904513645654
0.05145603828344315
0.05078484190797723
0.05055443468147268
0.05042300382251221
0.05032479249272615
0.05019004280765279
0.05003323401361918
0.04990986834841742
0.04979833285013752
0.04962738816644287
0.04946379311991005
0.04935792373554219
0.04929580742870148
0.04914835835240429
0.04894803933851159
0.04891269710670182
0.04886003040799278
0.04880869830503311
0.04872721575868064
0.04823423548087288
0.04682254157033001
0.04517156100910558
0.04417529263518852
0.04302887972661983
0.04229046940198294
0.04186356330950493
0.04100861775072611
0.04077360011116784
0.04029785282647916
0.03994261220772065
0.03954581801290442
0.03909692200858106
0.03879750963700147
0.03846892160427577
0.03822446640245256
0.03804877291408001
0.03783253503481589
0.03772267385187132
0.03758833476238541
0.0374793606365909
0.03741819788970333
0.03733213376803104
0.03695160263498408
0.03668623152586224
0.03657179888561467
0.03620765556484393
0.03610386095605332
0.03598695950723103
0.03573631334987163
0.03550226382565796
0.03511462661155028
0.03498582499541131
0.03490246925064781
0.03480283984725113
0.0347147149474485
0.03463206694094312
0.03443937107812316
0.03430549327994983
0.03421416275901679
0.03394160467860764
0.03368928742350172
0.03352372124338541
0.03326656875447195
0.03316699885816451
0.03315417986472988
0.03303307001857224
0.03293987205491969
0.03282643388611509
0.03265638709892509
0.03261295288458829
0.0325733168232907
0.03251275509475646
0.03244824978492732
0.03241525347299326
0.03236026691752655
0.03229927621903224
0.03225245605264198
0.03222696781008404
0.03220995116082948
0.03213696625819231
0.03206269026753009
0.03203199488273155
0.03201110076657943
0.03193012298228858
0.03184970340402812
0.03177660684056469
0.03168880017946023
0.03153687879918334
0.03135360136299801
0.03094565996980968
0.0303721335738401
0.02985264555383231
0.02959685938955291
0.02954478442590414
0.02934131033272994
0.02924606751219498
0.0292173358480937
0.02916133691871171
0.02908420519239999
0.02902727918962553
0.02896763200527692
0.02885003952894489
0.02868388778414322
0.02837075424099512
0.02809924949876114
0.02737241228589686
0.02682804679660047
0.02619293804617841
0.02542693188023482
0.0250614830990725
0.02494790287111692
0.02478538034526553
0.02472384919526109
0.02470751145911683
0.0245483318222141
0.02447051723807235
0.02437604381106136
0.02410104169140055
0.02396826781334394
0.02394277974612605
0.02369660756155933
0.02358681654246677
0.02353553102837096
0.02346558582802258
0.02340069139948332
0.02335077702136703
0.02320856094585213
0.02304451299789526
0.02297408404075396
0.02290827029295138
0.02281741704620608
0.02272155941756856
0.02266474840906072
0.02262717648799464
0.02253937148658578
0.02246447937494853
0.02236757410142126
0.02229123111035008
0.02216625698682416
0.02209866103455051
0.02207628013574566
0.02202349553456348
0.02199379100278099
0.02195860623022701
0.0218773827120723
0.02173958236646096
0.02162715212151175
0.02074915202890053
0.02048376857041139
0.02040650828139753
0.02031595473391132
0.02021926501889182
0.02016754102856998
0.0201479526959682
0.02006272207080179
0.02002054939603112
0.01998691597227945
0.01995114908327685
0.01986141214461015
0.01978349860606468
0.01964978240611765
0.01952800909462919
0.01942190704808988
0.01932696752297294
0.01923933404947327
0.0191316199650535
0.01900171568076168
0.01886484046748975
0.01876926794198225
0.01867748188495591
0.01859807010563927
0.01851908858655259
0.01842106638670812
0.01833008329965602
0.01819468876367
0.01815415008861081
0.01812775779219034
0.0180877285244112
0.01803389590448608
0.01800199322625571
0.01798017173820325
