5.067209145927035
3.507042639115145
2.6723011363542
2.554981041378547
2.037139079864573
1.944757746041282
1.816168257311648
1.669395567319153
1.433527695811229
1.28266231559514
1.157338789027317
1.108854888498824
0.9967647325387672
0.9491382180341702
0.9156252073102881
0.856569106015526
0.8120832970503108
0.7922859062402966
0.7732576776410204
0.7494673569584955
0.7300055001872431
0.7155906167894425
0.688237963081458
0.6608074103227879
0.6520976628348853
0.6472820579722117
0.6325569951111147
0.6175518285862909
0.5831613721861129
0.5584726682152479
0.523763907316977
0.5058276867737015
0.4901006323087205
0.4672521213025135
0.4572801114287026
0.4519811399989421
0.4510311859918462
0.4440920803593938
0.4396983226433505
0.4369285315766744
0.4199527272536536
0.3996651996932538
0.3928618838925261
0.3863283026962416
0.3818015221366347
0.3805486308757624
0.3769984245888347
0.3730073518956358
0.3708060217228862
0.3660681036799733
0.3607033475281177
0.3505806546847878
0.3418307155832792
0.3327466100751194
0.3205864977387535
0.3093359953523445
0.2987575917183062
0.2939510879113271
0.2914044898885679
0.289222488863942
0.2819085467748892
0.2779153589360085
0.2765530431557608
0.2751842820541605
0.2737851505370228
0.2720930335602318
0.2704435459145942
0.2668402204731003
0.2645605657947743
0.2629971379367126
0.2579307348565106
0.2526397201769906
0.2509290017709496
0.2498218581669946
0.2485289755504405
0.2462310318675352
0.2433676629195544
0.239758277424489
0.2392659153280478
0.2386638329385297
0.238010677667059
0.2373330204683413
0.2363291689212036
0.2358448521000777
0.2352064111104666
0.2346158466511597
0.2340823597093997
0.2329724665598876
0.2322948411538911
0.2315085392366688
0.2306525152460663
0.229862735810779
0.2289058623882869
0.2280425334669032
0.2270985899870704
0.2253533659974274
0.2235973366907243
0.2214065983770515
0.2193840313438105
0.2171672122974848
0.2161724394422355
0.2156553714317417
0.2151269393178571
0.2146390706340558
0.2126091016237679
0.211701311114645
0.2109522155927193
0.2081729211719696
0.2020094086294958
0.1986346776867083
0.1942204486261694
0.1908758038162189
0.1877142795839074
0.1842388063392362
0.1823378328681924
0.1809160900815158
0.179768690557042
0.1781895107915416
0.1754681284576092
0.1748902663784888
0.1743546558797942
0.1740020699922405
0.1737925358801297
0.1732879161990786
0.1730019716363997
0.1710327478779596
0.1688729608911249
0.1680447360848919
0.1653259046471413
0.163218811092211
0.1616430742311839
0.160143369160042
0.1592668788233213
0.1587099856889027
0.1573729795140407
0.1569358936125446
0.156513981883653
0.1561372802851665
0.1556073837561129
0.1550464871607421
0.1546520606479794
0.1544208027341266
0.1541835450869246
0.1526882128336801
0.1520002258756921
0.1515919599716221
0.1513243610592803
0.1510525218350521
0.1508554999389551
0.1504549670927863
0.1500902098184834
0.1499205599780221
0.1498343382296809
0.1497068712531812
0.1495880409167192
0.1493543634185319
0.1490166131534549
0.1486888356467998
0.1484250129593834
0.1483433607322308
0.1482276859678394
0.1481084042110304
0.1478861570877245
0.1476199557823077
0.1473528954430905
0.1470484234532847
0.146939643278138
0.1467949907992328
0.1466867100436969
0.1464605616116223
0.146181107326399
0.1459422595376993
0.1457108565473529
0.1452594965713402
0.1441171137258935
0.1409401275286487
0.1363838640544657
0.1334185537942764
0.13240534308639
0.1314946571841068
0.1308021323717406
0.1299763098059073
0.1293319377211863
0.1289241362603831
0.1287720650160579
0.1283934044354298
0.1282394699419561
0.1281494470562206
0.1280244527115436
0.1278238164438495
0.1276810141255888
0.1274299269576145
0.1269296065353583
0.1264586882965754
0.1258381784852026
0.1246768009028398
0.1243456393131478
0.1238596329051223
0.1234851565326886
0.1233735686343119
0.1232173621823662
0.1230919001598248
0.1229458218608482
0.1228578112298891
0.1227443379927148
0.1223147615928948
0.1221498108554254
0.1219858776694397
0.1215819540237298
0.1212410794353682
0.1207278880250153
0.120242634802545
0.1200039055285111
0.1191774046310665
0.1189536260329883
0.1188059357411485
0.1187011276452321
0.1185483698801791
0.1184312666886005
0.1183697985471694
0.1182812786923146
0.118218375447209
0.1181265781250495
0.1180862209434241
0.1180049679951251
0.1178801921008924
0.1177701795510445
0.1177207070921985
0.1176550146005978
0.1175917023970681
0.1174448133176336
0.1172886423014051
0.1140273253887378
0.1091260281188816
0.1070671013572103
0.1069453172722612
0.1060840258253284
0.1058953191638939
0.1056717523922972
0.1051475768706432
0.1046445890078235
0.1043033233282069
0.1039815376496736
0.1036047417300586
0.1034024266460224
0.1032408832848064
0.1030381618494086
0.10281578776699
0.1027231334178319
0.1026143152925038
0.1024794520930965
0.102420517106328
0.1023399325588798
0.1022853420786035
0.1022149593467562
0.1021465455130829
0.1020690075604437
0.1019895572924682
0.1017491619333373
0.1012437654497427
0.1007303691574389
0.09926756515535658
0.09882962649113733
0.09851992966011128
0.09795666818577542
0.09729543395729043
0.09701905074202755
0.09691049570226025
0.09668926574449688
0.09655754460738228
0.09622532061654121
0.09541482018252774
0.09519369492284707
0.09507355985636184
0.09499836221211323
0.09492718373902631
0.09472485253785087
0.09467254336665433
0.09461157042424806
0.09453355806966469
0.09449207566520491
0.09444590485559731
0.09433396875152791
0.09417478988157603
0.09413464115136515
0.09409218181102036
0.0940325201859389
0.09399787361294631
0.09394708480476391
0.09389152896455712
0.09386562439126446
0.09384983123784851
0.09379201388167414
0.09376191862371476
0.09362598790083124
0.09350116564365488
0.09339877882884699
0.09318045700237967
0.09270001710013304
0.09160919412817768
0.08917169774893947
0.08575375877519623
0.08502821119482619
0.08489738355510945
0.08478836166490659
0.08462794282544835
0.08453288795799878
0.08447238362291078
0.08439013500595807
0.08435670115831628
0.08433741824432194
0.08426545883011083
0.08422910861642069
0.08417540187515453
0.08404957757099535
0.083653297609578
0.08293410812828901
0.08260358252311199
0.08244347052448003
0.08233580607393294
0.08199644465274515
0.0818307961949972
0.08175954746840743
0.08145914167723682
0.08133889294856265
0.08114278207246713
0.08102510133749255
0.08092619963229754
0.08076732886489879
0.0806384165160258
0.08053452061592349
0.08048759211790728
0.08041662776793707
0.08038499452291545
0.08036999715204331
0.0803242628561278
0.08026191848437687
0.08023490942272454
0.08016593104553701
0.07983630174615031
0.07952919918941857
0.07940169857568895
0.07932110940586852
0.07904076135099562
0.07883866771050785
0.07864615330054901
0.07779128910244273
0.0773801110226392
0.07733202776070458
0.07690456672649335
0.07675718558672527
0.07666630357640074
0.07646935076194229
0.07633334377677119
0.07626343522032021
0.07617421134593923
0.07609209538876259
0.0759978892150049
0.07592318486108919
0.07587975460371248
0.07584668103187622
0.07577153565614975
0.07569110597633916
0.07558675330676728
0.07554274892408926
0.07549480831913222
0.07543937697370964
0.07538098441897918
0.07532820381048505
0.07514570804781849
0.07503573860850012
0.07496855122683375
0.07469882769504363
0.07458473643129948
0.07450930825398908
0.07441038912892767
0.07436943276194741
0.07434490549389491
0.07428914761321836
0.07417068783654109
0.07409968920009734
0.07400578696685305
0.07390390783773475
0.0738797544186183
0.07384823571322638
0.07381294474072053
0.07378940817818146
0.07376191601622897
0.07369772204594713
0.07360413028148256
0.07354222445175185
0.07351425846091779
0.07347691547764863
0.07346129847676292
0.07342769812299185
0.0733503046703186
0.07311270311755801
0.07243619473453466
0.07181428239715211
0.07090278755742195
0.07050282011265963
