7.129869227204221
5.117599661167148
3.453804910839176
2.900205646037877
2.351557067617152
1.847907304609243
1.63580796737252
1.380759320564245
1.234565375222222
1.09429039765488
0.9496464467578373
0.9075920158658365
0.8403807342668893
0.8165027852839992
0.7400467173452975
0.6684976065867799
0.6348790767657709
0.5960134421864346
0.5581092003234541
0.5252673103108947
0.493186858361199
0.475694551492517
0.4532017711609115
0.430399323065244
0.4204444985710415
0.4194678762430172
0.4017146687492364
0.3942303733542976
0.3863634261669293
0.3696248192185607
0.3613296231643383
0.3495741493908339
0.3397846893393529
0.3342118198897744
0.3322332791584939
0.3255810734544497
0.3227730376201919
0.3206548868642897
0.3181337949767973
0.3144102875799601
0.3125162267432072
0.3114542617162199
0.3087220250254509
0.305982742319342
0.3042194173237136
0.2981180446769765
0.2866259384469206
0.272091037088902
0.2561872548498106
0.2525736661208575
0.2502192106432827
0.2479987894622417
0.2458252775135945
0.2445485107313263
0.2433407000951746
0.2391520489567606
0.2373714370597811
0.2364543625572296
0.2359053855436966
0.234064157422932
0.2330728342781808
0.2324742612145801
0.2308966846563406
0.2278435943543142
0.2261477343361151
0.2242451803795011
0.2181818058282899
0.2108961095581232
0.2073873969429906
0.2065636897945939
0.2033481879179014
0.2027126553364751
0.2023605739566394
0.2011521007946053
0.1997951858651175
0.198291109099635
0.1976742886657714
0.1968084044703743
0.1951606772132308
0.1928768392389483
0.1916945401281126
0.1912088793779262
0.1892131258716361
0.1887226820659621
0.1882475862212611
0.187770397917765
0.1863550040175894
0.1853076269365337
0.1844951170451238
0.1824149505130124
0.17991226138086
0.1786766204831403
0.1761051224002486
0.1728338457116018
0.1705861929382593
0.1690799975452982
0.1670498388213088
0.1662701306983341
0.1658400340093233
0.1653168451079835
0.1647383555018175
0.1643213774688765
0.1637665047195094
0.1627309755652111
0.161433235746078
0.1607763365040797
0.1605445781138636
0.1595182206914897
0.159254197085362
0.1591334254277952
0.1581979775886192
0.1571461728622443
0.1565438601665321
0.1563547192210218
0.1557044091223049
0.1552134038780314
0.1548882750713195
0.1544152741418228
0.1542006280205734
0.1540847164466123
0.1537958837082873
0.153402630516102
0.1532466582591577
0.1527870467843968
0.1518909563195481
0.1506493700871614
0.1492485706798552
0.1490323016910494
0.1487616362412312
0.1482534417257787
0.1475258741208084
0.1472626476172034
0.1471021865417265
0.1465417686782913
0.1459084644642592
0.1452473705857394
0.1446989716709429
0.1427150765285873
0.1407503324799254
0.1388433826834335
0.1382385901691254
0.1378452399820695
0.1370843585338159
0.1361755384343676
0.1355479856981362
0.1353694084236894
0.1352332032228953
0.135115080258024
0.134703762698151
0.1342073466161578
0.1330628676564205
0.1319897113980623
0.1306358650879913
0.1294889475565226
0.1283848892216226
0.1273667286599908
0.1267441801858439
0.1259787374323705
0.1229469747264918
0.1211940253961551
0.1200079644737176
0.1193041112879837
0.1182933659293766
0.1176316639255603
0.1174748858545625
0.1173163566912298
0.116969698104583
0.1166107821724597
0.1159415847478148
0.1152183482594274
0.114323727227026
0.1134970385537112
0.1128876933346924
0.1121476372253496
0.1113729793702282
0.1107968617343071
0.1105315839145351
0.1102534265251616
0.1100880118391983
0.1099513516054171
0.1097225200419033
0.1095123077241016
0.1093836801381778
0.1093236399868316
0.1092343301905444
0.1091093308581734
0.1090225279529121
0.1088790958595422
0.1086055511099583
0.1083252540468065
0.1081235403864865
0.1079814775820654
0.1072694835793316
0.1063144140412913
0.1059573844170904
0.1058019563706893
0.1056037577559328
0.1053728783893891
0.1052394475674922
0.1051222527940742
0.1046407317724265
0.1030467024530191
0.1013221356951773
0.09984657855324262
0.09806863386831265
0.09613919801223644
0.09576695040560036
0.09560576664269287
0.09540516643342087
0.0952180143884057
0.09498394710856241
0.09485489510474181
0.09477120850593811
0.09435741982666498
0.09390549418879893
0.0937857844326669
0.0936646283092428
0.09349349908803416
0.09333578863133303
0.09325475936646574
0.09323276267385081
0.09306722534197165
0.09283735849530644
0.09260179191448617
0.09248093115002269
0.09244634439426903
0.09221210855644088
0.09210324544628407
0.09202360608524261
0.09186494233235741
0.09162735729261229
0.09149487638753463
0.09131449913887939
0.09115447318678919
0.09107412754929478
0.09104341910504501
0.09078826142796917
0.09051260540205099
0.09038126831872816
0.09019440398086834
0.09005635917478352
0.08997460506656925
0.08984970389085051
0.08934758046007825
0.08901119798932433
0.08890233096224386
0.08857729203329603
0.08839882051066053
0.08819670662375208
0.08800902254524705
0.08778643881359188
0.08758478172925209
0.08731919485946658
0.08717374877835471
0.08710275545619597
0.08682433196501589
0.08668846118962677
0.08661560705088685
0.08633773259034497
0.08606696086278104
0.08541272412467256
0.08463370900373571
0.08272605929122745
0.07993753987486575
0.07862606152060389
0.07842594947744473
0.07781560174827618
0.0777137180675351
0.07764764497050257
0.07742685010734437
0.07722038710632016
0.0770220721475835
0.07673009317016551
0.07659925419640315
0.07648184622399887
0.07633911820518507
0.07618640243069309
0.07610380172147146
0.0760659952553525
0.07592254007483859
0.07585021090927714
0.07582908358914822
0.07576561645896815
0.07571055422412803
0.07565758210539053
0.07540771966843962
0.07503415515561737
0.07467139616823934
0.07426614837107749
0.07377292799946275
0.0735749238238745
0.07342696559589451
0.07318041388711291
0.07296517039043283
0.07284726915535703
0.07279740866091182
0.0725910536955898
0.07245426779171278
0.07236258487777369
0.07209601731972863
0.07152205824435345
0.0708139467943231
0.0703462435974908
0.06999835053708248
0.06929599581755441
0.06883091334605367
0.06854330164761084
0.0682355934797004
0.06806461385527589
0.06786797890579935
0.06770990399237739
0.06761235607493049
0.06743269256425809
0.06692746762362542
0.06671285283022171
0.06649573269397274
0.06634562554895361
0.06612658253696671
0.06581213646565912
0.0656830084259028
0.06564514713712043
0.0655943426029077
0.06554784012846274
0.06542242497341418
0.06503493246573035
0.06463234118979387
0.0639110824095271
0.06324871689033154
0.06244472432083548
0.06134712428170868
0.06096625995299289
0.06056324118945314
0.06004254046578509
0.05977852774242238
0.05965628086570458
0.0592075803007031
0.05905625400524531
0.05898724323669589
0.05878325107278826
0.05835265228553399
0.05803805464839891
0.05791380638041033
0.05782539161842161
0.05776319000535888
0.05763415434948111
0.05752928764860396
0.05740630470930892
0.0571180318488532
0.05698040102142583
0.05682320035635229
0.0566558388739117
0.05654983958137874
0.05646793839423026
0.05618296813760818
0.05607399762452524
0.05592676882842842
0.05578043532786296
0.05566226660809239
0.05552159805455154
0.05529932803998807
0.0551600852566687
0.05485084516407564
0.05455440565441587
0.05441048452421438
0.05437709968538785
0.05414829762218015
0.0540040642383349
0.0539232848969789
0.05371885949309559
0.05356216444116152
0.05347389956824873
0.05337238521498522
0.05332354915420778
0.05325086913679909
0.05322088512835944
0.05320351357121516
0.05315585892779017
0.0531053565355181
0.05304599565409596
0.05292850541500397
0.05268432896382424
0.05240888998149999
0.05220281406873992
0.05206991212294352
0.05187717488509623
0.05170699491992137
0.05155370145803054
0.0511324624405018
0.05090585553921254
0.05088554010539224
0.05080494285593126
0.05068080673412757
0.05059966726668762
0.05050231266711603
0.05047293906009089
0.05040886533577676
0.05035328470438612
0.05027198439030803
0.05022673398139275
0.05020513729637004
0.05017642076410474
