5.426005164622226
4.079295919078555
2.969661856284918
2.435227957939718
2.115664101142538
1.887720289294732
1.740529417672847
1.544816936071315
1.387957470338139
1.154622316820598
1.060899658002844
0.9762520176886978
0.9025082966809621
0.8162095682560861
0.7328784321325833
0.7075620443834533
0.6627286898627403
0.6316507569882533
0.6114296745809221
0.5619335144718237
0.5331713726001834
0.518060069676214
0.4761615812501136
0.465475838821545
0.4517201761688462
0.4421928034611519
0.4288234471873955
0.4185870920956469
0.4140124049378743
0.4008967639869913
0.3829950206040084
0.3769779381971867
0.372044954076243
0.363184040857255
0.3578434677892627
0.3548903155327714
0.3511023393895921
0.3483773548962441
0.3448690362379068
0.3380390063053323
0.328729917653901
0.3243737879581975
0.3216935241300403
0.3189497541591983
0.3155595404006656
0.3129557998070631
0.309640524634622
0.3026342329527645
0.294315235142796
0.2848908958784829
0.280439549121608
0.275676989506208
0.2707915221824704
0.2665824002734441
0.2603329909598201
0.2548390123289029
0.2535327702422278
0.2522091121407966
0.2467414198349631
0.2423949586095745
0.2373797162341506
0.2319034291272294
0.2284306212084904
0.226075016501073
0.2225644821858226
0.2202780798855736
0.2199131763423636
0.2190972152508865
0.2179826290189341
0.215990710741507
0.21373767482684
0.2069663419399818
0.2021457729820504
0.1985878445063387
0.1909162789458764
0.1847596579741169
0.1829625313821605
0.1810265529636496
0.1790953434083528
0.1775058421748438
0.176779092350174
0.1757158103501372
0.1753187579842878
0.1748167719042005
0.1743480756886435
0.173356427026268
0.1722179968809635
0.1708341133719871
0.1701043042680222
0.1696791188075222
0.1684778941298892
0.1675462491042617
0.1670320767284436
0.1663968030798376
0.1660750604876374
0.1658106295804319
0.1653388571772028
0.1645054713491418
0.1638865350999394
0.1629877646865953
0.1600666895301295
0.1588185420273713
0.1573764237131076
0.1537095645767198
0.149999553383059
0.1467861463531283
0.143105531584676
0.1382296100486458
0.1375239103492283
0.1371170223219359
0.1368595077347909
0.1361697466778378
0.1359812336103398
0.1357071665127645
0.1354999061364731
0.1351069796174233
0.1338127759491779
0.1325502612966682
0.1318769041207411
0.1311939314634278
0.1304861386146429
0.1295702107074379
0.1289920909927408
0.1286381601075525
0.1277869407744539
0.1268648724617643
0.1258439959186798
0.1253316473617316
0.1251762194332846
0.1245134543106637
0.1242335143548334
0.1241682669182725
0.1236956680992319
0.1229994170730879
0.1223319636316399
0.1219497342659346
0.1215487192138545
0.1210865703847247
0.1208550550014636
0.1207707072410091
0.1204269505808866
0.1202656035231101
0.1201626446669322
0.1200370090836144
0.1197614641619318
0.1193958574443559
0.1189604253318973
0.1187628209684035
0.1186005647126233
0.1184471207332595
0.1182123460039518
0.1180029190818769
0.1177201645702289
0.11742861666526
0.117321589333539
0.1171708206016275
0.117030675992825
0.1168848891194539
0.1167697062261605
0.1163302318094465
0.1155534684908642
0.1138009549061492
0.1102277215901928
0.1075977997614268
0.1033970862989247
0.09874597002035501
0.09805526125202953
0.09767168946673364
0.09687007906979866
0.0965384293601971
0.09633218706209674
0.09617074256562612
0.09571570481623939
0.09554093709782972
0.09528836802546169
0.09510445129648058
0.0949515990641039
0.09468888784320705
0.09446118690840341
0.09436384108628432
0.09434410318339077
0.09425802277466414
0.09417489173148423
0.09401778182107111
0.09334421709584792
0.09286368156397981
0.09240268738813309
0.09195693908964776
0.09127846264374569
0.09090050755074804
0.09082302353054289
0.09060396723741448
0.09050336879182579
0.09037007990026692
0.090298251138844
0.09024749483226296
0.08985712528196076
0.08955935109622379
0.08941118824408151
0.08920092636914474
0.08907960827004328
0.08901345565887958
0.08892086493067893
0.08887180647032106
0.08883023794119647
0.08873730089713912
0.08863039152526793
0.08851741556719447
0.08841115327714097
0.08727997995971494
0.08638722176322655
0.08390985990014287
0.08079070855402486
0.07940997455672899
0.07894415897889018
0.07875858821514571
0.07850856213452789
0.07827777196610028
0.07813587011121161
0.07799013078439247
0.07748072294899977
0.07731484801125924
0.07713320695519991
0.07702321777805017
0.07693190958275502
0.07665902882423205
0.07654552623962226
0.07639821029029845
0.07631140606498762
0.07625782667748843
0.07606360717744831
0.07595693882095179
0.07591909700764475
0.07576071359363318
0.07571059394665812
0.0756846819066667
0.07549174948492399
0.07526331656077327
0.07460865680467639
0.07385832845619597
0.07329485006185689
0.07266428578929714
0.07186261645598034
0.07151063159113319
0.07145812047749832
0.0712478868470857
0.07116078985114382
0.07111222782548721
0.0708989556004784
0.07080939973544502
0.07072271382847306
0.07059129648548473
0.070510217663581
0.07046422122555174
0.07040257308769461
0.07034750369973528
0.07029540931971776
0.07010781569425534
0.06960506609003121
0.06904968988031016
0.06854763632203735
0.06810289951678235
0.06677409113443335
0.06513395888062301
0.06388681466607324
0.06334283622640503
0.06254528662262133
0.06230317067318211
0.0620683882307358
0.06172045491815239
0.06142015318374316
0.06114350542953438
0.06078468681028657
0.06053072543371601
0.06039371117609031
0.06030086015666668
0.05992616192870148
0.05978277975170731
0.05971649388354958
0.05962074986044415
0.05952474476994398
0.05943314266444665
0.05923558597789103
0.05897526605268176
0.05874154265728988
0.05860071090072756
0.0585716165300337
0.05850179240069727
0.05844518030767166
0.05840091505103929
0.05810945881072832
0.05799968626578333
0.05792682158326868
0.05785307846976315
0.0575562904303176
0.05742781807859017
0.05736483707521788
0.05725197177670009
0.05678905145531819
0.05659237192388051
0.05658467674051666
0.05638720113304991
0.05629632398047103
0.05626418846414721
0.05619155800632823
0.05603779865259912
0.05596703096813294
0.05586524876650809
0.05579257795259924
0.0556982616468631
0.05559572325232392
0.05555169779808978
0.05549421453285525
0.05543256409502904
0.05539844602001362
0.05537549620353868
0.055280413006673
0.05522042252154856
0.05519259084266542
0.05507515769039776
0.05499072755474342
0.05490425052982562
0.05454750306855739
0.0541699041848225
0.05402165281051753
0.05390588291037147
0.05357712965161227
0.05286404122817655
0.051998471544312
0.05168878591914706
0.05149989783370395
0.05138811483357069
0.0512793648951935
0.05116710040013057
0.05106836834805023
0.05094234824418282
0.05082642171753231
0.05067883787405351
0.05059891362206495
0.05056425046605608
0.05042749195763218
0.05037596002603383
0.05034467458312487
0.05029846240433111
0.05026344958114482
0.05022105319840087
0.05017742356470516
0.05013672811944637
0.05000435329133714
0.04969531076421153
0.0492697359693471
0.04854646379420797
0.04805877544905947
0.04716735439152781
0.04624872318465274
0.04581558360078264
0.04568890036643046
0.04551871783387845
0.04543975007302199
0.04539850532900883
0.04523434052643046
0.04518636659612592
0.04515511896954744
0.04504512524549703
0.04481036358414308
0.04467198751652499
0.04459481477839501
0.04447526189444497
0.04437799211160224
0.0443307036759243
0.04429176393901235
0.04417287173033623
0.0441253101771528
0.04409445711331744
0.04405526008804365
0.04398966602130815
0.04393705732453017
0.04391369551063683
0.04388590091649922
0.04383018003171533
0.04375493249446519
0.04368358988524901
0.04364408306763694
0.04362513835833253
0.04355326533016018
0.043491761222318
0.04345898048043381
0.04338761407551672
0.04329845411274796
0.0432097247305049
0.04311231283032713
0.04304750626977771
0.04298179469638206
0.04287798500784677
0.04279839085377054
0.04276433602767948
0.04273527295401107
0.04270943671955444
0.04263734833485765
0.04249258977699141
0.04226765607793757
