4.957262407921865
3.539972940047539
2.5355492312372
2.255087804031091
1.832206909497421
1.63300414156651
1.31372514410274
1.185696888566647
1.14992165603438
1.036526063303329
0.9715288481496086
0.926067422678109
0.8632698427284872
0.8368110181756152
0.8043338746776112
0.70683706202923
0.6431776049120888
0.6231625064438729
0.57882270557677
0.557834819286221
0.5338370939736125
0.5119647591588881
0.5003807796900632
0.4935673022727629
0.4670856818606762
0.4581314115180374
0.4496277217703833
0.440229022761733
0.4287910585575938
0.4229679761936314
0.4183636486121476
0.4053895072272124
0.3971853141393253
0.392500159741849
0.3859869637874468
0.3796682440227894
0.3752532308728778
0.3697431889119869
0.3542226874237973
0.3363776365083048
0.3279420108937716
0.3262315430982936
0.3135737445700669
0.3099637318579134
0.307841956793334
0.3052282433614668
0.302114688801031
0.2999397959307434
0.2967381524662585
0.290918139352332
0.2839886791238341
0.2717188273932963
0.26439212301357
0.2576571258980469
0.2367589290337994
0.2344471869675356
0.232253417678918
0.2300290785691535
0.227349724056377
0.2259511323608772
0.2254417114582259
0.2237414985269235
0.2227678417391935
0.2221798706796076
0.221660257694301
0.2186600059836285
0.2155482124307718
0.2143319734002657
0.209732414527194
0.2054491561783705
0.2030307211981051
0.1998988001670946
0.1977630558732084
0.1956096690913739
0.1940883459986553
0.1927836307542992
0.1919044091253089
0.1911472651567297
0.1905669910608711
0.1896477146941951
0.1883571482166411
0.1879641385987312
0.1877026150726732
0.1871360387797607
0.1826163106903732
0.179251023794553
0.1755850384225751
0.1709894030917484
0.1655912291067935
0.162633497775813
0.1617545431534698
0.1588225312873636
0.1582676314721972
0.1577827499619302
0.1573208878837777
0.1559089864293565
0.1553277631780999
0.1545081459623454
0.1541199071777316
0.1536120914527497
0.1533986310818786
0.153348678744669
0.1528908361877764
0.1527339707828671
0.1520360754627701
0.1513477444796578
0.1508882828388495
0.1502783866449618
0.1486749628348759
0.1469944546021935
0.1456810258025583
0.143964446616529
0.1420631626446063
0.1414270172324012
0.1411376302265401
0.140903321221178
0.1406627348976618
0.139466609813692
0.1390509105855836
0.1384277185799244
0.1381361040003866
0.1380686530045769
0.137776235747859
0.1377087279483945
0.1376186970406963
0.137336805986318
0.136549746941878
0.1344864347158598
0.1332334013602027
0.1325122767224672
0.1308896048789704
0.1268238109595448
0.1249508992210457
0.1239502101651761
0.1233961074384952
0.1217047074747726
0.1212360829242289
0.1209550729652934
0.1205516372014142
0.1203864595443094
0.1201511768393544
0.1199296472543117
0.1197113168812663
0.1192800966185531
0.1184068164978671
0.1177569378860933
0.1170344860246959
0.1165278194362614
0.1162187751784524
0.1155149509942827
0.1150003827446184
0.1144796892951366
0.1139132827480393
0.1135840558490581
0.1133656025745855
0.1130932630700625
0.1127753322721782
0.1126097696757109
0.1125397645742861
0.112299741537718
0.1120357729615569
0.1119417588474191
0.1117417153690782
0.1112225886811101
0.1096571101112089
0.1078173412545652
0.106930463282574
0.1067254988371916
0.1052592877483571
0.1048360787379859
0.1044732349927455
0.1040725242063156
0.1035418809418107
0.1033347202558132
0.1031347921245498
0.1028422167154328
0.1025621362204742
0.1024510693938223
0.1022907260494623
0.1021765119261205
0.1020325704599708
0.1019444520895941
0.1018401225349038
0.1013945769804594
0.1012322505655504
0.1011369561615538
0.1010151367854702
0.1004447504123486
0.1000302974063442
0.09973914794902136
0.09933686930760315
0.09909043969517821
0.09902588981282077
0.09894903163886018
0.09890549921822096
0.09878380409377008
0.09824601504705019
0.09785257353047287
0.09734550223667704
0.0969197907780988
0.09640147494517791
0.09631572618410823
0.09619620629427729
0.09613082190978421
0.09606743055170573
0.09579147156280834
0.09555910694868426
0.09534537983870817
0.09497706423174984
0.09476722947431537
0.09468888394701916
0.09460892733634443
0.09453305404802947
0.09442052186816755
0.09424831226052648
0.09409087819440932
0.09354723656088774
0.09284761771026261
0.0926810781076657
0.09245717365425377
0.09227870477943093
0.09210803189204379
0.09187771393932896
0.09178500150157724
0.09177639882198148
0.09166796657772054
0.09162452016930937
0.09158056344022025
0.09145232513984233
0.09135996730793451
0.09122584966652403
0.09079541258229241
0.09050132952994075
0.09033372446577975
0.08990420503315266
0.0893291793777988
0.08919160146833191
0.08914030214185298
0.08902529662058392
0.08885245228656159
0.08873368378827774
0.08865158480959491
0.0884835949210884
0.08830923812833889
0.08823669458411777
0.08818866984286201
0.08808323731999472
0.08795492467537731
0.08770314746261669
0.08732491299321832
0.08718328430166902
0.08709198321665464
0.08700344383822246
0.08689038881226913
0.08677704073817251
0.08666550339355614
0.0866022392471666
0.08655432490449481
0.08623185169792369
0.08578735505921856
0.08550939428595185
0.08531715150005557
0.08485636417877317
0.08450480573910046
0.08436651395615934
0.08426720339650737
0.08424692918909567
0.08417186811657427
0.0840800953969892
0.08404122106455755
0.08390892746750626
0.08375280949662085
0.08351719324451011
0.0833332214590215
0.08278277764531342
0.08166805192085076
0.08024334411183942
0.07909738785550177
0.07788930813357443
0.07682444464201324
0.07601440712572631
0.07503673823868241
0.07241232581780731
0.07115945892380077
0.06981005464151642
0.06889505111199783
0.06849851610393677
0.06765286470183285
0.06725820770520977
0.06702438649392807
0.06686892314290796
0.06675927384037615
0.0666060217475699
0.06648700601708014
0.06643464246706406
0.0663220205592651
0.06620063730306033
0.0658724677104929
0.06548917246618069
0.06533203513994845
0.06518305338024609
0.06509446737914062
0.06499312705448479
0.06462021255166318
0.06454117988463148
0.06449660681039555
0.06446810650756635
0.06439229382276317
0.06434250247553359
0.06432162501029252
0.06425948248866103
0.06422137752452092
0.06419915625974158
0.06410514085230185
0.06404839490912193
0.06402612119824765
0.06394275887699086
0.06389113067351956
0.06381310915587288
0.06351929508184798
0.06344722669218096
0.06341421183950342
0.06336421437641784
0.06331402999998741
0.06327247694181826
0.0630634189679032
0.06275579369358818
0.06207412430941083
0.06163314203315386
0.06114497224513163
0.06067078522816622
0.06046661044296665
0.06019278015840591
0.06008324174066342
0.06007440744643983
0.05986714537528282
0.05982670425098679
0.05979178437023935
0.05973574795990184
0.059674752216762
0.05964147026117635
0.05962275377933669
0.05959452454565414
0.05956680898145527
0.05954926388409817
0.05947247847331976
0.05940684555135117
0.05933108618799773
0.05930146900801054
0.05926315872008599
0.0592209620852072
0.05919024412046238
0.05914881499757207
0.05911069211212377
0.05907384593850752
0.05897742481115541
0.05862233777315147
0.05759141983911772
0.05647788573271886
0.05578243491760684
0.05545612240236635
0.0541047488940016
0.05356252522215265
0.05340438876628476
0.05330932250297327
0.05316743501812362
0.05308019049480435
0.05297838651373643
0.05284811950788224
0.0527858298497215
0.05274420321976631
0.0526807468907274
0.05261566425662268
0.05221350750695258
0.05201839796035142
0.05189667723221326
0.05176168275710975
0.05165413629486017
0.05158449675881569
0.05151641626450883
0.0512580404783818
0.05108005083005697
0.05092422198412286
0.05070301829079724
0.05060762950456227
0.05056461948212651
0.05052705916902817
0.05047539627717901
0.05042716049814457
0.05037972249251738
0.05033442887019982
0.05023904376869237
0.05000321603183997
0.04932333842915241
0.04901287976810345
0.04855636304453013
0.04837506210873708
0.04814344944673098
0.04798782127064607
0.0477638510015618
0.04754450191681047
