2.832612111443884
2.365773311123085
2.219672354017915
2.016276428911076
1.881542093106143
1.698552193483638
1.592883566734797
1.467358041882002
1.367459876766969
1.317749342459418
1.247152102702062
1.193877215680892
1.142115638833281
1.037640971625365
0.9650257286095056
0.9348782515385702
0.9182794776304325
0.8840226585979538
0.8416568278404306
0.808521860759478
0.7842383548635917
0.7625067284736309
0.7152442040004862
0.6892837948972828
0.6764542129139967
0.6708083128036472
0.6582127652878255
0.6420359627163101
0.6346853983549202
0.6263058219779708
0.617599363427579
0.6073828851147263
0.6034136260238271
0.6031869823374327
0.5955161185692891
0.5933652157826573
0.5909439785395716
0.5822623354005302
0.5594082043477708
0.5337571849969084
0.5213696718871912
0.5120749529043694
0.5027973496804407
0.4848727102193949
0.4781547846475273
0.4752542755021185
0.4714199424963328
0.4671949088626809
0.4654078236272295
0.4649059675720405
0.4598126982099867
0.4577899836466398
0.4563691682471911
0.4522262942828298
0.4458569333842312
0.4432534623267877
0.4425573813663227
0.4415958872939977
0.4396733852193786
0.4369649471499525
0.4353654899265013
0.4345292257732657
0.4323955058872269
0.4305072821001014
0.4273775108617864
0.4250813995103141
0.4243939182930589
0.4219355516719452
0.4192944137897857
0.4172557109076436
0.4145403590715598
0.4076478405691606
0.3995646722487851
0.3946740643756906
0.3924373340997596
0.3875952036495646
0.385834844714449
0.3848035833938497
0.3841091802513297
0.3813836176943629
0.3809306380849247
0.3807025824034217
0.3805579342974412
0.3799132834752239
0.3794468650778672
0.3792245587096115
0.3773590753311995
0.3707669456501066
0.3628938210437132
0.3609260454408424
0.3595126831072311
0.3570666839273627
0.3526148977695682
0.3502367196962347
0.3489591584492703
0.3475223171312127
0.3466656339603552
0.3455424450898394
0.344497246839997
0.3439465343918682
0.3432215181354569
0.3419861652078703
0.3408128873384463
0.3393981367495721
0.3378391915189597
0.3371010858225573
0.3364857215903728
0.33467583578139
0.3309028699886538
0.3263325275148648
0.3219391118064672
0.3173837410371219
0.3128340491097321
0.3111515129912266
0.3087392345798374
0.3066500086189157
0.3055489868490078
0.3053324868389772
0.3044550680304836
0.3039644920472243
0.3038166526965831
0.3032629891667448
0.302798327694322
0.3017681299806094
0.300996565836402
0.3006649093216044
0.3003891251633822
0.3002006445392352
0.29943824112504
0.2985153149577849
0.2981335403830625
0.2979768760530521
0.2977459846674966
0.2975471022313299
0.2974046000215356
0.2972108903958402
0.2969819531505489
0.2967775261860439
0.2966970140144223
0.2964973416598859
0.2960764584314077
0.2942463991854659
0.2929933107728827
0.2915122075880158
0.2897414615543222
0.289225948510239
0.288982194083207
0.2888585076163895
0.2888236474480406
0.2886069153747516
0.2884308528285549
0.2882712158525916
0.2880186668693439
0.2876976783619405
0.287562377592498
0.2874188399997436
0.2872379913007476
0.2867891285167316
0.2862401137734711
0.2853774921264067
0.2844717382285193
0.2820904338117824
0.2786826168233853
0.2775440674682048
0.2772801741379726
0.2771424648554888
0.2770900467482315
0.2768777486116155
0.2767609149539274
0.2766794317406267
0.2765708608356324
0.2765124304332342
0.2764088705988132
0.27622033343034
0.2759586769713165
0.2758593417428362
0.2757113451950567
0.2756140966920231
0.2754730253098157
0.2753509896111522
0.2752094990876916
0.2750664349713086
0.274712695545004
0.271521988796091
0.2623135782166206
0.2562501299057902
0.2547126738871037
0.2527944858111113
0.2508826028706717
0.2490582219326162
0.247441638861037
0.2462439270343111
0.2455975295505949
0.2440599994024458
0.2428258338073157
0.2425995498677541
0.2423221026238148
0.2420306095321517
0.2417980201369992
0.2415090733857337
0.2413776114242572
0.2411840473159365
0.2411173858533867
0.2408840186554456
0.240419226742278
0.2393257323756664
0.2386771746644534
0.2383757882128683
0.2379160781145516
0.2374876319618221
0.2372816311879357
0.2370864207357155
0.2368134496803885
0.2366948235962096
0.2365770405192776
0.2364136991407782
0.2362623739815251
0.2359970380026932
0.235796337945626
0.2353962289707175
0.2349975209867748
0.2348619391654214
0.2347441128278249
0.2346243000924814
0.2344469406857677
0.2342736818393195
0.2341850769510564
0.2341519073325285
0.2340209086714651
0.2339501878394373
0.2338993966973688
0.2337969276599378
0.2336500135271997
0.2335596095505406
0.2334588612568475
0.2333024949241177
0.2332236847925634
0.2331962335574324
0.2331252968872735
0.2330220310824587
0.2329231551153791
0.2328272492541557
0.2325785908024242
0.2318366544300543
0.227829714821575
0.2177140648548139
0.2131887367627142
0.2104768403620544
0.2094676181082281
0.2071174866427005
0.206421697973811
0.2055440516293017
0.204772672658304
0.203896126188562
0.2031347931903054
0.202381021156482
0.201590859845917
0.2011792387307684
0.2009205652251268
0.2004329282197384
0.1998358385259837
0.1995949931653387
0.1995093433318711
0.1992123958147815
0.1988891426484394
0.1987502558517557
0.1985512287696545
0.1983662883247503
0.1982780733923987
0.1981579228273957
0.1978356594748628
0.1975484847255704
0.196559269472715
0.1960359447696294
0.1955930267102179
0.1951341187070745
0.1946127009417838
0.194186715889849
0.1938483492881924
0.1934755184688297
0.1932571978253754
0.193163583440544
0.1929122491116145
0.1927918316566714
0.192717265952013
0.192538298309915
0.1921185654403929
0.191869233678569
0.1916544716686943
0.1914466881758733
0.1912393810351968
0.1908964599719895
0.1907444923132478
0.1906136516098586
0.1901498255595811
0.1898460322943526
0.1897002911505336
0.189618261569004
0.1895455490424667
0.1893533114509539
0.1891411703765352
0.1890432988343991
0.1889220569834397
0.188845054606181
0.1887857517972448
0.1886606229176926
0.1885798654594162
0.1885126864764171
0.1884475052046753
0.1882467202151975
0.1880775849036787
0.1879085937051492
0.1874894213147899
0.1872152955283491
0.1869079083432811
0.1865828462519038
0.186294474418172
0.1860896885413269
0.1859267373446478
0.1855317461232469
0.1852746324518785
0.1850478386193682
0.184980673486781
0.1849355169345834
0.1848992214749009
0.184845678144927
0.1848187700129369
0.1847980009023628
0.1847338562299517
0.1846530214351824
0.1845209561586173
0.1844249760868165
0.1841067872152664
0.1837920128709686
0.1837342390120651
0.1835891889493497
0.183500789167042
0.183421890752669
0.1831657624014641
0.1830750237774388
0.1829796618053625
0.1829281602614339
0.1829020889563387
0.1827894645638429
0.1827537750040196
0.1827303625648151
0.1827026868138228
0.1826691217612319
0.1825705283567096
0.1823268377716833
0.1820337645807084
0.181812844983935
0.1813695695126504
0.1811112197196311
0.1808445334656444
0.1805163491181001
0.1802343088143306
0.1800170937684222
0.1798759817743944
0.1796801473409041
0.1795090664652506
0.1794170447302205
0.179369455087504
0.1793238482713095
0.1791771983456325
0.179065825474518
0.1789882785102711
0.1788820249390287
0.1788146436933452
0.1787562521679406
0.1787158461945963
0.1786927864122615
0.1786344518154905
0.1786094814311727
0.1785825453722925
0.1785523881517249
0.1784872058930277
0.1783070682565383
0.1774962784679212
0.1772019064987327
0.1771877890566692
0.1767733429033371
0.1766586408909161
0.1765571993872622
0.1764993169506829
0.1764449531685149
0.176378965319258
0.1763211409191855
0.1762551047089052
0.1760830293602764
0.175978203054899
0.1759136439906111
0.1757661916496564
0.17562619407699
0.1754852551824282
0.1754247949979742
0.1753888202768751
0.1753559837792794
0.1752676247462129
0.1751875409577806
0.1751632770435653
