2.432830247407311
2.297643541272363
2.135608608748087
1.989757887396174
1.769891803737739
1.629627654537861
1.484129582545358
1.355312531973545
1.287640075856771
1.204051587297841
1.115727603134338
1.071307068188752
1.017341916205065
0.9626841779234415
0.912933553990957
0.8679646555339122
0.8070364706069555
0.7628103984265575
0.7476545378349222
0.7273596096901737
0.7106680172021396
0.692219170846872
0.6528156249868511
0.6235165851271435
0.5953018779608772
0.5796184430315896
0.5573369834380024
0.5499511588731784
0.5404279350904188
0.5307813992397847
0.5252674460624555
0.5227195442788907
0.512537657001516
0.5082526587985514
0.5064591891107433
0.499109409339445
0.495806244588226
0.492013389945066
0.4780735425076209
0.4693548947490839
0.4639937904393978
0.445686350858281
0.4334705308964781
0.4289816796428556
0.4225427111968939
0.4192710895368453
0.4184373997614262
0.4165338720152687
0.4141827940565567
0.4083320397104078
0.4043269939009003
0.3992573427533337
0.3913704836826364
0.3877653774013107
0.3841210608182657
0.3814495370639266
0.3805205945067674
0.3791227153421828
0.3781111477940959
0.3767524796275699
0.3734573191483567
0.3696493594534987
0.3653706781612235
0.3637178788381454
0.3620738758202638
0.3584067976778891
0.346147508760513
0.3393956926204334
0.3319799890458934
0.3230793994773519
0.3204778389550531
0.3173874991243453
0.3159489728573868
0.3146863401185385
0.3130638989134744
0.3115148704546534
0.3096435551926051
0.3086913801434978
0.3082542177808171
0.3063677308895913
0.306076991099092
0.3058611918705498
0.3048046783281714
0.3035629935602037
0.3032608435622621
0.3028959821655037
0.3024391345461718
0.3018154334092832
0.2998997591160046
0.2952919810339735
0.2887532237023088
0.2861593105821995
0.2857759919133572
0.2807354179315595
0.2804500179167732
0.2800771609797749
0.2795108840504818
0.279308110148447
0.2787578574871599
0.2771812853772774
0.2667085257603051
0.2641854570784525
0.2596315373817793
0.2536029023886671
0.2517785309078154
0.2507565315281346
0.2492904919381045
0.2484161926894664
0.2478191590425856
0.2469238719438824
0.2465361502694711
0.2461419155598202
0.2447776201893401
0.2433552988852456
0.2426396992838449
0.2419808556603284
0.2412281232420644
0.2403473914744392
0.2399705554320546
0.2399293158578752
0.2390736710768087
0.2386975950493486
0.2382153392646243
0.2379638103766877
0.2377876346387477
0.236725222704906
0.2361666850925993
0.235435698096761
0.235102175671535
0.2350497556718804
0.2344935548449463
0.2342940813775348
0.2335073557255357
0.2327835459191138
0.232047796760762
0.2313522527862048
0.2304799222421193
0.2284795501015926
0.2268356310949527
0.2233461005128088
0.2186072893506306
0.2152665314237007
0.2143111068419374
0.213663134016388
0.2125607915543425
0.2112346484795457
0.2110221775037384
0.2109055179381783
0.2108681900996015
0.2107066793761037
0.210594650855284
0.2103016308488603
0.2096011636129509
0.2086279915708504
0.2083972600241303
0.208240190352744
0.2081668596742378
0.2078924911359598
0.2077309357011631
0.2076781939397139
0.207478419515691
0.2072690630665736
0.2071842495585984
0.2064609025941799
0.2055607280945102
0.2030709049836258
0.2017836201382222
0.1977721531474387
0.193739750803625
0.1921694371085411
0.1903052038632135
0.1882590442991785
0.1876096899173547
0.1872550007802852
0.1869185277580651
0.1861136212596583
0.1852360796009481
0.1848248934325422
0.1843508884912664
0.1842209167825222
0.1840663551060258
0.1839116633545762
0.1830595452758902
0.1821594063014053
0.1818595126859171
0.1811419087868079
0.1806964972644315
0.1804411131525854
0.180090563559926
0.179893428364141
0.1797117012690203
0.179556557330175
0.1794592522457722
0.1792692461175895
0.1790144618980419
0.178825719780849
0.1786978872906628
0.1785605073683125
0.1784219187933158
0.178129453620058
0.1779543639228621
0.1777247800006576
0.1768242263113509
0.1764986222494613
0.1760515872634243
0.1758658667418859
0.1757420382823604
0.1755875329284509
0.1755045490336748
0.1752687118974585
0.1749455681268237
0.1747154368486165
0.1746077995883671
0.174491786822066
0.1743697792985945
0.1742356586004913
0.1740842515415212
0.173986043813955
0.1738779946140128
0.1732000659682367
0.1718075558459036
0.1707578157304515
0.169928316534118
0.1683424067123503
0.1672269572142878
0.166377279156969
0.1653834777490206
0.1648645310183859
0.1643492934057875
0.1638010297935218
0.1632044711842755
0.1631017305755754
0.1628091471580621
0.1625085233507605
0.1620997150513642
0.1620497514467307
0.1619786698863053
0.161905194184249
0.1618326575707822
0.1616344396095153
0.1614212945148774
0.1612745431104178
0.1610798578502819
0.1607665400878204
0.1605657126953327
0.1603032926440212
0.1600628457302356
0.1598075250161844
0.1595126605379262
0.1593949958016937
0.1592776741162784
0.159116108378126
0.1590038793437356
0.1589490399929814
0.158867693757784
0.1587954512146587
0.1587459414860057
0.1586709183908442
0.1584735073939595
0.1582793984312074
0.1581459481881309
0.1579887950952041
0.1573423811741059
0.1569014365306118
0.1567828170651348
0.1565224761109789
0.1562187176373484
0.1560054410804396
0.1558471431145028
0.1553170647639838
0.1551593508560484
0.1549392788325485
0.1547918661697879
0.1546328815117307
0.1541532579071035
0.1534835876854686
0.153293932789298
0.1531891617205637
0.1531267679855884
0.1530382238044276
0.1530001804325827
0.1529669954826104
0.1528156542568058
0.15268205155928
0.1525178494168267
0.1524525517947306
0.1523775038864749
0.1522025043733621
0.1520087782335835
0.1518300319411758
0.1516332321495356
0.1514549064359651
0.1512218446482795
0.1511188317364164
0.1511022377488147
0.1509163248473672
0.1508986936118009
0.1508751467700262
0.1508152398216848
0.1505959362770491
0.1504003658932339
0.1501881215573274
0.1498161896268093
0.1495135457963402
0.1485644795067088
0.1465023887948342
0.1452416150778282
0.1442862226639935
0.1435177646022744
0.142492088742092
0.141973598921272
0.1417201320112388
0.1414396883698506
0.1412359539595299
0.1411288241880598
0.140691508435133
0.1405350550147443
0.1403832496568399
0.1401472250531715
0.1400489271319817
0.1400077017099878
0.1398761966455429
0.1398193891389206
0.1397373137850665
0.1396526632179821
0.1395697446763854
0.1394891930315441
0.1391257938936464
0.1390641980089719
0.1386613480122855
0.138537830327201
0.1384638400203146
0.1384185934477883
0.1382697820177774
0.1380667868473712
0.1379690825569697
0.1379459028825666
0.1377793485432066
0.1377332352345717
0.1376704855681942
0.1376239042446539
0.1375683290675983
0.1375222241987153
0.1374568347746598
0.1374081293363898
0.1373702217864639
0.1372992285764724
0.1371959851397098
0.1371512571625786
0.137054004182881
0.1369324392728344
0.1367933578001356
0.1367686252808065
0.1367386376883078
0.1366856081228462
0.1366047140533562
0.1365218738156335
0.1364915041753139
0.1364568430242224
0.1364239740537178
0.1363262972143316
0.1359857175769664
0.135341278251932
0.1334389429347208
0.1317053155129797
0.1302230704461489
0.1286471543722601
0.1269711068158339
0.1259704060253049
0.1256789268129342
0.1246033954866313
0.1243318444460462
0.1240554663072591
0.1236635641418301
0.1234313170770725
0.1232765320171759
0.122913420024589
0.1225623701713216
0.1224742301656735
0.1223778875215277
0.1221729843535711
0.1218895315113144
0.1217281614996198
0.1216463189614273
0.1215326484732178
0.1214874081111714
0.1214353922762715
0.1211646235487372
0.1209261121423313
0.1205881713723929
0.1203719273902166
0.1201197157765933
0.1197881728775608
0.1197000369883123
0.1196581681673822
0.1195999947368642
0.1195442241380057
0.1194942918230205
0.1193755557405458
0.1192890968083457
0.1192393918541758
