2.316962432931518
2.294483709079574
2.255596961846207
2.158147215158644
1.871237935602535
1.635524829080021
1.425696060417193
1.227059626654384
1.108637734397536
0.9914006814510423
0.9187605849620937
0.8425995539731628
0.7624696212346068
0.7400538251349619
0.6895182584136351
0.6659896391232033
0.6424431872190675
0.60370405598402
0.5851051394102041
0.5642424450823101
0.5407033101543444
0.5174376730011478
0.5054725818177457
0.4975295477809188
0.4851969704129435
0.4651010098997175
0.4505091718440281
0.4369487858277918
0.4308606340011424
0.4257932388666808
0.4202717735107199
0.4140735083406719
0.4072343111295787
0.3992270149382906
0.3923567005827026
0.3862508558318374
0.3834600116229033
0.3788364091595058
0.3765432455374642
0.3741845690648983
0.3721328756497018
0.3690943807227379
0.3660654294016533
0.362799742261337
0.3605573935187701
0.3580674996096804
0.3543835732286071
0.3521487316783575
0.3491265622366467
0.3466226485281654
0.3443187144078899
0.3425318877852885
0.340777301889798
0.3375118953601378
0.3344731214329967
0.3310630425103175
0.3285694545592212
0.3276706879715308
0.3270974115818937
0.3248007412834159
0.3231712128253794
0.3223131987544885
0.3221783458744223
0.3202862258511742
0.3182138571055786
0.3175190058594985
0.3171563274800571
0.316381118094971
0.3152485357721333
0.3143655042366305
0.313392977616803
0.3129949370519349
0.3128156902356747
0.3120245296921696
0.3110888547403918
0.3104529374411818
0.3093275593105673
0.3090872076094302
0.3085884479999288
0.3080257290962697
0.3075489519057433
0.3069740678351036
0.3065632513924986
0.3062587281067846
0.3060130612769464
0.3055950965018937
0.3052983103741636
0.3051782146815159
0.3049833041934675
0.3048436995374036
0.3047543978840754
0.3046761068206394
0.3044588261984176
0.304337721686678
0.3041797206001068
0.3040177155471763
0.3039190935879925
0.3037664815690618
0.3034021226705201
0.3032523028859752
0.3030414323990808
0.3029421685785069
0.3029101180553989
0.3027832856477281
0.302723002115355
0.3026566995707785
0.3024561757436094
0.3022682778663142
0.3020764480667359
0.301899697577987
0.3014948527741312
0.3011233497188664
0.3006232170383337
0.300124299824827
0.299447343402395
0.2989564294177201
0.2984755480554216
0.2981974157967257
0.2978051857378556
0.2970938362951265
0.2969273753241692
0.2963867557838351
0.2963161167434833
0.2961024828340438
0.2956085347098743
0.2953539123866841
0.2952178646924335
0.294989811778737
0.2948774272263944
0.2948151322601876
0.2946455179398589
0.2945618459081472
0.2944797200132048
0.2942947735033442
0.2940509877106915
0.293843869147519
0.2936320225213507
0.2934303699406259
0.2931662877145657
0.2931058458891844
0.2930209386372594
0.2929340364269555
0.2928830908981865
0.2928240775453994
0.2927173684938298
0.2925883587379157
0.2923839378544744
0.2923246977235879
0.292297923345916
0.2922010550946936
0.2921487260082031
0.2921004814021546
0.2920130856025348
0.2919110184331188
0.291855462506909
0.291811848255894
0.2917352681865626
0.291668593382207
0.291578326404596
0.2915133635613014
0.2914686760022052
0.2913954170679703
0.2912878819889949
0.291246429866424
0.2912200517875645
0.291163047344075
0.2910999040362469
0.2910261568280473
0.2909609205548733
0.2908815898847323
0.2908328040950272
0.2907760774573418
0.290640776109528
0.2904695853568836
0.2903411260667347
0.290262608585538
0.2901610446375512
0.2900927839118722
0.2900698703389841
0.289995390173705
0.2899432439831877
0.2898941304651618
0.2898383719125199
0.2897877828214821
0.2896989990498617
0.2896010296827352
0.2895537102246818
0.289485878972874
0.2894380206775284
0.2893944407651526
0.2893259428113438
0.289291558700355
0.2892727689318583
0.2892525136548599
0.2892284672732405
0.2891591851367494
0.2890098087998441
0.2888033370188422
0.2886783762855056
0.2885844563107068
0.2884923439611233
0.2884061800196974
0.2883305383084594
0.2882490169669153
0.2881774967397076
0.2881059258498387
0.2879272043938594
0.2878201278184786
0.2877022939821737
0.2874860121058981
0.2873715271504645
0.2870756178296141
0.2869063969940839
0.2866454842441901
0.2865377191077129
0.2862029650603236
0.2860126494255101
0.285942719210481
0.2858597608444119
0.2858012966749541
0.2857571465902136
0.2856671020010092
0.2855950756367559
0.2855520149972335
0.2854896169233584
0.2854507012241144
0.2854130881611174
0.2853697826295645
0.2853083955405485
0.2852947484152044
0.2852568355847139
0.285140178193998
0.285058379704841
0.2849968003041419
0.2849313027068817
0.2848904551237867
0.2848441891609126
0.2846978468199927
0.2845220977623258
0.2843192075617124
0.2842384324961226
0.2841572823649358
0.2840746177809728
0.2839398384179863
0.2838589148279844
0.2838334833706743
0.283795586823867
0.2837696682680484
0.2837390311328113
0.283662474295777
0.2835816240107538
0.2835145511299194
0.2834664076964158
0.283361491980462
0.2833044794795948
0.2832252314740069
0.2831654517633299
0.2830858319115083
0.2830098227857186
0.2829754319234088
0.282941335171627
0.2828486113202295
0.2827730900223043
0.2826776444155505
0.2826266959310077
0.2826023864999043
0.2825716483195043
0.2825524631072635
0.2825204819628231
0.282495581837222
0.2824808936046657
0.282471050284082
0.2824349587185364
0.2824211268585378
0.2824112296745759
0.2823737049161817
0.2823371818438972
0.2822005661696442
0.2819336927299591
0.2817968204937671
0.2816402340003452
0.2813296120166942
0.2810382085416442
0.2805358204438725
0.280114641699196
0.2795465796034785
0.279140192050175
0.2789873232315582
0.2788025324353593
0.2786221368966028
0.2785265295666959
0.2784057490393061
0.278320364184051
0.2782249597374424
0.2781144731456007
0.2780163099778141
0.2779444677124981
0.2778804376411517
0.2777202327268446
0.2776412066654499
0.2775408798292227
0.2774693328334507
0.2773928398691101
0.2773045172971901
0.2772195706818179
0.2771573274137294
0.2771431024363017
0.2770573318072597
0.2770234268759438
0.2769838507568333
0.2769426842508134
0.276871230599758
0.2768200727227489
0.2767075584724931
0.2766330060309353
0.2765935487404163
0.2765381840157767
0.2764946980376711
0.2764547617991003
0.2764084777739197
0.2763864450269002
0.276355075861594
0.2763299606957149
0.2762996317716407
0.2762550258483583
0.2761877880630023
0.2760708510201582
0.2759946940553543
0.2758105677777032
0.2756238044308995
0.2753562532079727
0.2752097439716217
0.2751090383246694
0.274992325944286
0.2749522699815318
0.2749172379426571
0.2748761796175767
0.274813942704242
0.2747777833962746
0.2747498491235124
0.2747129712888847
0.2746920300623541
0.2746597782568109
0.2745844049953999
0.2745215038233241
0.2744282379052184
0.2742368270966604
0.2741448565751963
0.2740463449063054
0.2740076743228631
0.2739474874169282
0.2739297739595939
0.2738809111601238
0.2738130239128856
0.2737075138622718
0.273654379680363
0.2736160249638441
0.2735490328037227
0.273478886444583
0.2734489706487109
0.2734323302765737
0.2734071553861622
0.2733946377803072
0.2733747317530221
0.2733500768423653
0.2733404509260271
0.2733292945718226
0.2732426480566317
0.2731726575397667
0.2730535525106658
0.2729597506352879
0.2729331766282832
0.2729032802231453
0.2728751261115591
0.2728403219797946
0.2728069240625521
0.2727784629672551
0.2727467093741799
0.2726319551922349
0.2725152433179057
0.2724559599661623
0.2724307691776804
0.2723675537619092
0.2723410827503143
0.2723161249739399
0.2722777819780422
0.2722230799906923
0.2721816359382259
0.2721514156028817
0.2720580414043157
0.2719533793757091
0.2719230583301036
0.271881257377146
0.271852480567763
0.2717905989731563
0.2717403134746
0.2716140275528132
0.2715301144613941
0.271465399539518
0.2714069470293966
0.271324479192482
