2.346797036281455
2.307604096390254
2.304200218541609
2.261774604288667
2.176496469814418
1.6319483296365
1.434027737574936
1.295465737444089
1.190188283158927
1.08143915066571
1.039067920236226
0.9686476674225846
0.9227195048660849
0.8676677976025031
0.8080466920298021
0.7697779247214387
0.7188021935849502
0.6655858311751162
0.6267040210672882
0.5935168275439716
0.5546218895248203
0.5232053562724368
0.5018550644927793
0.48304445349617
0.463267279358441
0.450342032307795
0.4468667530860445
0.4385723610061171
0.4292777299521386
0.4225222924511834
0.4158234749900355
0.4127232311026512
0.4074319893255487
0.4032831413552368
0.3984315598274098
0.3957094404488084
0.3950352191328664
0.389637019727624
0.3804119301239218
0.3737034065991052
0.3687310125510575
0.3620882039940016
0.3610704893760752
0.3573761650769862
0.3542933385820043
0.3503244988260673
0.3458910374461656
0.3426735169388996
0.340184276816195
0.338282162731076
0.3358980483065472
0.3339727284781474
0.3329757583127309
0.3306698241629596
0.3277505328515198
0.3261698879562732
0.3254200148381106
0.3240123744314506
0.323506727166245
0.3227995183051523
0.3207150627016176
0.3196177770373921
0.3188147517988579
0.3176086313542108
0.317065377025009
0.3154887806274677
0.3144344786553707
0.3141574296102741
0.3127278590766644
0.3115967444988195
0.3107966538360978
0.3093689647626631
0.3085668560134448
0.3080072597001967
0.3076801460083148
0.3064706508475212
0.3057183650521262
0.3045351886395923
0.3038860806455008
0.3037335939310749
0.3031122220772419
0.3027110374313066
0.3021957658960436
0.3018893742438461
0.3017086555713339
0.3012470606107099
0.3010229919670525
0.3009620085566092
0.3006022119790033
0.3004466391846293
0.3003892436396725
0.3002700777215351
0.3001842536109199
0.3000792767379382
0.2999717172402683
0.2998728857838894
0.2996573204545556
0.2994681777513566
0.2993175544899446
0.299109624051165
0.2988294019212788
0.2985790605125941
0.2984304038760335
0.2982902563393566
0.2979180105950491
0.2978128411812988
0.2977055972572249
0.2975908482729468
0.2974487799937225
0.2973558161467861
0.2973117376090749
0.2971641553670409
0.2971179397681388
0.2970754497367644
0.2969635378422555
0.2968518678806012
0.2967073185137857
0.2965681635500076
0.2963927455739822
0.296135644556184
0.295916673874965
0.2957241421371261
0.2955615399315061
0.2953613110539368
0.2952985647986545
0.2952485879041926
0.2951140718995023
0.2950408088977586
0.2949541525427318
0.2948862660579185
0.2948210565467363
0.2946876696449102
0.2946025128972154
0.2945376712384096
0.2943994225926759
0.2943128922517477
0.2942887851675603
0.2942057135067735
0.2941578622307161
0.2941375295310288
0.2940664081000535
0.2940356914068171
0.2940132919670138
0.2939924157415843
0.2939448841046288
0.2939155907480196
0.2938729131254598
0.2938581942592558
0.2938305093184179
0.2937426191837614
0.293651712128122
0.2935901646801431
0.2935328911309572
0.2934334272810711
0.293344049963073
0.2933074184817963
0.2932626805893292
0.2932158039791731
0.2931348356069448
0.293040244054425
0.292948053345172
0.2928617213787998
0.2927648363318715
0.2926842372025421
0.2926322201053442
0.2925620343631224
0.2924615528469118
0.2923991970682371
0.2923676498378229
0.2923403089153457
0.2923092303568823
0.2922617984820262
0.2922342376789712
0.2921900429301681
0.2921556908431374
0.292115487885738
0.2920760302228313
0.292045456131362
0.2920061905502687
0.291967833585854
0.2919292307558338
0.2919008191810857
0.2918741153673339
0.2918285881723807
0.2917830254453969
0.2917410534178881
0.2917138935048628
0.291692240448124
0.2915985561294089
0.2915248313286345
0.2914862517254488
0.2914059011057563
0.2913543432419947
0.291302578591537
0.2912208442482174
0.2911579123969894
0.2911188917945333
0.2910984387119384
0.2910419056490651
0.2909934749896569
0.2909490114674955
0.2908772846138213
0.2908340618573539
0.2908038234872022
0.2907637226029088
0.2907290338916481
0.2906966980048697
0.2905943003733265
0.2904564327252304
0.2902250682250973
0.2900262058250298
0.2897874568754045
0.2895429587525603
0.289324557779808
0.2891963426975077
0.2890661200689275
0.2888062267335589
0.2884582311148021
0.2882038566165294
0.2879853188794937
0.2875370577189815
0.2873481806681804
0.2872679026272715
0.2871755317072973
0.2870728040454174
0.2869861844984354
0.2868866074712204
0.2868329513042122
0.286784314758528
0.2865720325028678
0.2864487917330321
0.2863248310005378
0.2862433755722983
0.2862057045973934
0.2860915149413805
0.2860321189702792
0.2859857553912864
0.2859138344501636
0.2858613601467997
0.2858052469116713
0.285750816133326
0.2856648525133093
0.2856313669289745
0.2856099862673094
0.285585315481132
0.285541545079207
0.285465394864248
0.285433408801688
0.2853947563692721
0.2853549979927492
0.2853194497342264
0.2852273898179413
0.2851219839326535
0.2848833738890175
0.2846886890644453
0.2844195051538742
0.2841352832063033
0.2840526157320116
0.2839391292371739
0.2839100806410543
0.2838719326084288
0.2837786596186815
0.2837477325534632
0.2837095367467769
0.2836268860826073
0.2835707577943986
0.2834955961421864
0.2833602766620187
0.2833221813609877
0.2832878501685347
0.28326416010163
0.2832362452358216
0.2832061496146009
0.2831567176459788
0.2831014843770527
0.2830354477137898
0.2830126431232479
0.2830065309641992
0.2829856008851442
0.2829680559887649
0.2829506100715228
0.2828599656851004
0.2828257133254419
0.2826911415744222
0.2825826181104577
0.28253621581995
0.2824681906893183
0.2824253350580219
0.2823955976835361
0.2823344285067214
0.2823027061754837
0.2822300803954766
0.2822085027917753
0.2821354254955426
0.2820427251393823
0.2819561062779916
0.2819272764961052
0.2818895730373656
0.281864325490439
0.2818419406044972
0.2817566437685139
0.2816590852253054
0.2815581275919094
0.2815134282917603
0.2814478781654112
0.2814028156314998
0.2813794508222171
0.2813089087962269
0.2812776566870896
0.2812554776709421
0.2812383689490531
0.2811235984017471
0.2810685671138561
0.2810408149298576
0.2809990372598151
0.2809596266407405
0.280933162868821
0.2809116863110014
0.2808833835889351
0.2808596640830038
0.2808496545253111
0.2808222305215109
0.2807942299787007
0.2806306609007257
0.2805532882312316
0.2804422066204383
0.2803421521490969
0.2803017141084982
0.2801880986031738
0.2801609332997162
0.2801135701241356
0.2800864004892066
0.2800272942350494
0.2799744037381994
0.2799039702155638
0.2798767658870051
0.2798607079989754
0.2798380050859671
0.2797867067800148
0.2797701096889636
0.2797085223293411
0.279643773917976
0.279597970004254
0.2795786135109318
0.279548647156957
0.2795209125339606
0.279504763518078
0.2794747724550853
0.2794183006652237
0.2793874055514646
0.2793449903518772
0.27932317729163
0.2792874067872769
0.2792540399949394
0.279214356318223
0.2791762854147449
0.2791188007729941
0.2791114376378224
0.279039654881958
0.2790291813061369
0.2790149936347519
0.2789829769309147
0.2788722510448087
0.2788068529247437
0.2787271012902793
0.2786898553768376
0.2785678849922151
0.2784792764763127
0.2784125951521745
0.2783723284089799
0.2783200354916149
0.2782542920707685
0.2782259881600147
0.2781908385051751
0.2781579625704919
0.2781263797882258
0.2780107042061812
0.2778969724964689
0.277871700046297
0.277842180376808
0.277809948150278
0.2777807731436313
0.2777333133770568
0.2776983550068785
0.2776718450421848
0.2776231577612442
0.2776053882844838
0.2775985534836364
0.2775748515851977
0.2775629329864109
0.2775443256749777
0.2774764525077903
0.2774463076222566
0.2774203035816091
0.2773396917588593
0.2772461475725686
0.2771385400756358
0.2771070281725551
0.2770688733749826
0.2770545719506094
0.2770060588900061
