2.307348825097843
2.301260515769985
2.293731325467074
2.271115039851009
2.130704523052968
2.044332299032112
1.882320912674983
1.743536529722137
1.61460419953183
1.51228120487695
1.381988145356337
1.299881747478952
1.23271930081874
1.130468743293608
1.081167825200029
1.041328154822796
0.9789864574857792
0.9593405558926419
0.9514172423600102
0.9130298907109961
0.8782505950575762
0.8680798215675237
0.8606293886898883
0.830203370022587
0.8067279149371842
0.7943851442534988
0.7904617952380577
0.7894732175429299
0.7841737709178521
0.7785200478973587
0.7739297061673318
0.7684323494461407
0.7637431495286501
0.760710028925717
0.7565912517811215
0.7520263510698068
0.7498698597639465
0.7449212647773868
0.7428917241973485
0.7367460245140447
0.7307944089088629
0.7189999597787284
0.7060296975961066
0.6967528275394351
0.6870690455076535
0.6829722698826137
0.6792886823970661
0.6665928261913424
0.6527133497105022
0.641608522234129
0.6335193282500231
0.6247040939416566
0.6209115701348069
0.6125412210445611
0.6068449131125833
0.6015153214760568
0.5990246250269352
0.5988522915229824
0.5974603571310804
0.5939009702817173
0.592220527873783
0.5894024620520845
0.5868757182477479
0.5845123781130896
0.583690422758975
0.5803440960522462
0.5780008355971475
0.5747945591032251
0.5731497729165527
0.5708442217934684
0.5705705378647281
0.5704757294038093
0.5690394969469621
0.5680241893117348
0.5655462548414162
0.5641176815257537
0.5630939790089072
0.5628385752723343
0.562366291250759
0.5617800299565293
0.5612898220865828
0.5607608785418515
0.5602673026227335
0.559929438410722
0.5594641395815512
0.5589217262891514
0.5586055346527923
0.5582265832228126
0.5577646135891021
0.5573046249004708
0.5571522852860921
0.5567429578408748
0.5562565104326864
0.5558993019535342
0.5553928702201946
0.5550196107095055
0.5545941880097947
0.5539913084248962
0.5537532166829389
0.5537318336326598
0.5533081689751027
0.5531727937788775
0.5529758384337187
0.5527490104529407
0.5525794175896892
0.5524578843501252
0.5523023679596151
0.5522215225141983
0.5521144035084143
0.5519767711838983
0.5518683222496263
0.551818317586438
0.5515980945022824
0.5514663660777843
0.5513891345926316
0.5512872738663511
0.5511822958969312
0.5510870730071125
0.5509608485915011
0.550848580059372
0.5507495447479147
0.5506383986386549
0.5505245083824237
0.5504298367006262
0.5503303779621044
0.5502595232224871
0.5502225218021761
0.5501145476299797
0.5500553756589873
0.5499965611339876
0.5499104606481501
0.5498577355557728
0.5497893168128268
0.5496610954923645
0.5495411020560471
0.5494216495996131
0.549220287582691
0.5490653981389382
0.5489853896330364
0.5489620630007013
0.5488597117781763
0.5488250959568863
0.5488040280952187
0.5487396949537059
0.5486726832021165
0.548624697377024
0.5485777663556992
0.548442624382398
0.5483794346254581
0.5482854360237804
0.5482214467440101
0.5481342748864535
0.5480534594994544
0.5479628812762369
0.5478013528936343
0.5476607847366962
0.5475863140581475
0.5475360267330238
0.5474131460568649
0.5473262607387598
0.5473079504130738
0.5472113897390332
0.5471712414074328
0.5471663106772594
0.5471086266360841
0.5470785601832966
0.5470650936632333
0.5470303180189575
0.546928126708311
0.5468190209307719
0.5467097280971378
0.5465339276609387
0.5463122341333687
0.5460868284551862
0.5458756267500158
0.545684354746918
0.5455420085737643
0.5453875399038985
0.5451820541488774
0.5450096662344943
0.5449694955163817
0.5448586499386615
0.5447603626268805
0.5446732902246487
0.5446275690588068
0.5445871875117387
0.5444230401538065
0.5442727613657941
0.5441277140757074
0.5440418269120129
0.543965663706343
0.5438659801178279
0.5438147000111641
0.5437499097823716
0.5436576310971463
0.5436292540532152
0.5435940742178269
0.5435564598901114
0.5434934736702209
0.5434471581406599
0.5433524131948874
0.5432725766081937
0.5431992048596905
0.5431649345487326
0.5431331538025043
0.5429756369066195
0.5429368088803393
0.5428802471226583
0.5428367181856083
0.5427921246161818
0.5426933970406711
0.5425698126701487
0.5424562909207251
0.5423357423216767
0.5421940416035987
0.5421430992922174
0.5421399306099252
0.5420506318279487
0.5420295917792904
0.5420030776658598
0.5419614069493646
0.5418781878474429
0.5417750532214136
0.5416662913676068
0.5415482703602075
0.5413384455590486
0.5411687126841466
0.5409867906771295
0.5406520001886553
0.5402740235823098
0.5398351626941532
0.5395243622902833
0.5391746797557473
0.5390108491991709
0.5387911887838722
0.5386475786096684
0.5384948389024291
0.5382929799096489
0.5381920968803279
0.5380428996174148
0.5379433387717687
0.5378120307255754
0.5376755844148133
0.5375790091465258
0.5374923576701884
0.5373644679608734
0.53727344395702
0.5371324164784945
0.5370859856081419
0.5370228159075918
0.5369716990452749
0.5368709668507431
0.5368291193763728
0.5366943366048623
0.5366442978082315
0.5365795053734238
0.5365418816632809
0.5364951090133308
0.5364355635010244
0.5363840431873161
0.536321844823649
0.536257728515544
0.5361807140381047
0.5361109465714221
0.5360525068648286
0.5359363940549295
0.5358558981582886
0.5358155241788262
0.5356639244206949
0.535621249071987
0.5355719613227891
0.5355205968084576
0.5354797635956164
0.5353780325624835
0.5352684949311574
0.5351552310325562
0.5350214703248855
0.5349149220675162
0.5348170420951597
0.5346877865555683
0.5346339701094988
0.534569413937215
0.5345026670105502
0.5344622229968423
0.5344224515809665
0.5343169551595777
0.5342438317344489
0.5342024850654098
0.534164144429409
0.5340906043619222
0.5340491677321022
0.5340229616435895
0.5339966423244726
0.5339750012829979
0.5339166063056755
0.5338321064021766
0.5337597857081476
0.5337341624145557
0.5337032260069144
0.5336846562906148
0.5336028682127857
0.5335297407233419
0.5334468038681663
0.5333407162718424
0.5332464707000102
0.5331939740064656
0.5331779500598601
0.5330476889601458
0.533006244735392
0.5329645267859902
0.5329176619360214
0.5328725346227349
0.532771573764739
0.5326764327850124
0.5325596219660824
0.5324959088392045
0.5323938060145371
0.532315276140034
0.5322397737333481
0.5321750547437234
0.5320896011114374
0.5320509696282043
0.5319946106622184
0.5319571886082808
0.5319267924750526
0.5318951869444423
0.5318512553357519
0.5318153864832699
0.5317651935947406
0.531719396736629
0.5316995174096093
0.5316857284183177
0.5315822625683192
0.5315480173910077
0.5315047153083637
0.5314865774062032
0.5314705452661688
0.5314252055445235
0.5313938573698578
0.5313738241507769
0.5313490570653808
0.5313393636585663
0.5313095832842842
0.5312694523637369
0.5312094264484951
0.5311226753979053
0.5310593617864606
0.5309932186807769
0.530899097032187
0.5308207009035409
0.5308018683618768
0.5307707731572034
0.530748149515497
0.5307174463174602
0.5307018364364731
0.5306439469627842
0.5305875978635834
0.5305558727854929
0.5305151257704178
0.5304957095622567
0.5304750338886599
0.5304542025919762
0.5304247081557512
0.5304008899617266
0.5303787105878748
0.5302925124208646
0.53020124897928
0.5300846374243333
0.5300181939444778
0.5299317245478508
0.529842139459349
0.5297722530299848
0.5297290605358068
0.5296987036368369
0.529675111344983
0.5296406300606373
0.5296064002414227
0.5295857104067654
0.5295615755526479
0.5295308778341978
0.5295060296642786
0.5294874510267289
0.5294748847861531
0.5294461155199015
0.529397701190236
0.5293707156897869
0.5293566257493546
0.5293299835726628
0.5293005927578381
0.52928277434349
0.5292797812198479
0.5292526489077152
0.5292398953569618
0.529223312637122
0.5292147736497465
0.5292107960602478
0.5291783796103198
0.5291568429297675
0.5291021247703357
0.5289855364596171
0.5288826160029662
