2.323561340664797
2.301648680179954
2.292567001024727
2.218839289033295
2.064744084684516
1.799842001535953
1.505885701461731
1.326301069794633
1.255272076729314
1.124800454668558
1.05866115414598
0.9556455928052472
0.9056905210749595
0.8982220687096796
0.8323083011753354
0.8024100267887333
0.7947192519868987
0.770905202155882
0.7514466189975006
0.7385069422497378
0.7192702223735373
0.6821351390037851
0.6386575680524157
0.6093189702038863
0.591643527696904
0.5758122204124669
0.5463503392419715
0.5291917636050906
0.5147511015075928
0.4907341996331469
0.4773022960928481
0.4686194681879491
0.4592068316321459
0.446601727290429
0.4407546474591238
0.4394099131719819
0.4359288992789766
0.4308385876161083
0.4265953939055948
0.4237216680009162
0.4204853018435653
0.4178519182564834
0.4161189059283005
0.4135824265561729
0.411585653631533
0.4098215153998279
0.4082378045275455
0.4065739739192407
0.4043160025246113
0.4015691188751703
0.3985219340270602
0.3958222757087586
0.3942623959506547
0.3920772678425989
0.3893034145043954
0.3860964400081
0.3837979774311183
0.3826932987779337
0.3802260635760977
0.3799926273895466
0.3790258316588141
0.3770156936562572
0.3750203304634026
0.3732191004878072
0.3723127595135008
0.3718418233183609
0.3708856781496443
0.3695478984112192
0.3678381322015851
0.3669432365902241
0.366228720268663
0.365768008624068
0.3647101005851147
0.3639540018849355
0.3630731918299769
0.3624440840507212
0.3622411901061401
0.3613670132955376
0.3605609617732654
0.360072300088577
0.3593943148948841
0.3586882588552351
0.3578754511028163
0.3573254776496613
0.3566312325488628
0.3559706126791546
0.3557018348987723
0.3551691964731725
0.3543571145826747
0.3535818050012651
0.3526016686569751
0.3522159341040335
0.3520505796992171
0.351183186580264
0.3508158858562573
0.3505878175493726
0.3502909744869606
0.349812255556204
0.3494694830977754
0.3493210965378385
0.3491975764588455
0.3488644900484803
0.3486314432916026
0.3484941810228009
0.3483032336337418
0.3482080992132796
0.3480827292314485
0.3479247167433719
0.347755274356896
0.3476013910083405
0.3474375621568558
0.3472760506394615
0.3471923628644545
0.3471043807163663
0.3470092753721716
0.346890379901711
0.3467853294436538
0.3466896052298879
0.3465845361390985
0.3464065449495908
0.3462969807817075
0.34601620922752
0.3457826725487276
0.3455680316047454
0.3453432926656479
0.3452052002945474
0.3450494510656159
0.3447362314856477
0.3446424090599393
0.3445540834774425
0.3444497090115857
0.3443517902995031
0.3442400646027612
0.344118751474914
0.3439997730494754
0.3438684013475483
0.3437331061632464
0.3436027325036329
0.3434539741409615
0.3433193208829109
0.3432087098264631
0.3430742942982493
0.3429475808809668
0.3428500569401436
0.3427719784911249
0.342644986986663
0.3425005347521675
0.342451417412837
0.3424000401131684
0.3423301446403916
0.3422917871973556
0.3422548979632161
0.3421935231091696
0.3421474640432811
0.3421172858949805
0.3420479777279755
0.3419527389954934
0.3417980536982316
0.3417511610874768
0.3415959117796479
0.3415546019456384
0.3415093309591871
0.3414478008012635
0.341341917050952
0.3412670722711511
0.3411218188453461
0.3409802323901716
0.3409294153589735
0.3409069581921044
0.3408326528134747
0.3407583264468374
0.3406696314107233
0.3405689534392224
0.3404729347210301
0.3403242974097154
0.3402445993053706
0.3400534463601835
0.3398432610550457
0.3397034143374413
0.339539730487664
0.3393608230187395
0.3392850368546879
0.3392112248304232
0.3391280318292715
0.3390478057559868
0.339003569419134
0.3389525892416373
0.3387993024366389
0.3387305642570342
0.3386844724979202
0.3386251270570503
0.3384880473703923
0.3384034679701074
0.3382191642619397
0.3381010879209711
0.3377789710987803
0.3375087976836757
0.3373842155305184
0.3372665289599025
0.3371326240772148
0.3370597914201729
0.3369709586010319
0.3369251612817407
0.336869319506042
0.3368135943765842
0.3367688876762148
0.3367106825507265
0.3366569320793452
0.336599689296511
0.336533647414517
0.3363962983048814
0.3362829353462033
0.3362236131383397
0.3361800668483823
0.336105651567304
0.3360523509281778
0.3360133457787242
0.3359680908575973
0.3359317338527794
0.3358721798315032
0.3357895523250218
0.3357696733983689
0.335683156367576
0.3356647221850562
0.3356168777283735
0.3355490695611967
0.3355028883828449
0.3354680353588775
0.3354330539312511
0.3352842251683658
0.3351717630996421
0.3350836925771525
0.3349801813710901
0.334927082343992
0.3348672914790396
0.3348213141224254
0.334780383116503
0.3347102288269493
0.3346633133241589
0.3346205186328218
0.3345709946589526
0.3345361409902898
0.3344996734196787
0.3344488078845675
0.3344046810244332
0.3343905548117546
0.3343456893179426
0.3341767401147782
0.3340258112844531
0.3337368480762226
0.3336199754897625
0.3331609632390715
0.3328093970221626
0.3324603144484676
0.3319208573281988
0.3316612059480976
0.3315204269001725
0.3313756764836504
0.3312448079182493
0.3311104222353796
0.3309727344637666
0.3308551764812808
0.3307573899868321
0.3306617522630816
0.3305495936876983
0.3304592449796679
0.3303768263732726
0.3302426003824211
0.3301187431203956
0.3300733140356646
0.3300289497070888
0.3299820102562827
0.3298704870677348
0.329774719865622
0.3296467251730986
0.3295362687767624
0.3293744937966493
0.3292995197184483
0.3292288613417532
0.3291292099396624
0.3290888852310422
0.329040158427559
0.3289889511649574
0.3288993965666093
0.3288521679496605
0.3287668220093418
0.3286478898019882
0.3285623483033158
0.3284553285849032
0.3284136626156854
0.3283610302949215
0.3283113859371588
0.3282180609247883
0.3281071893149488
0.3280104165509462
0.32791551505453
0.327809333271453
0.3276942954318994
0.327639059317375
0.3275575300333228
0.3275237665003117
0.3274855117965759
0.3274480308601277
0.3273662941741926
0.3273185090518079
0.3271903817891737
0.3270922318771097
0.3269944748434989
0.3268972201200003
0.3268191232628023
0.3266908821907545
0.3266327702527949
0.326610914874167
0.3265494181430291
0.3265239555665745
0.3264995180160074
0.3264072533822269
0.3263531089547139
0.3263308271261814
0.3262682271159228
0.3262366288784697
0.3262278469083524
0.3261960486741708
0.3261719110069474
0.326158823375419
0.3260638154183357
0.3259353635075956
0.3258810681809602
0.3258034936661542
0.3257496729242482
0.3257052262765512
0.3256304775899706
0.3255854386772924
0.325557161561519
0.3255381288049255
0.3255125710049049
0.3254827397657283
0.3254264729791362
0.3253922811852157
0.3253373823781409
0.3251941689262102
0.3251463599067543
0.3251068632293026
0.3250072956197854
0.3249454214433401
0.3248901952016289
0.3248076059062788
0.3247014675025804
0.3246870016306647
0.3245110163369239
0.3244866964651878
0.3244590591837151
0.3243995134754084
0.3243498896212702
0.324310245954817
0.3242618452622661
0.3242061147841888
0.324175522788841
0.3241327632268552
0.3241064694391283
0.3240841345050945
0.3240414357813624
0.3240146177284428
0.3240014160223015
0.3239891172693815
0.3239470576234369
0.3238666953518465
0.3237575137367875
0.3237003516690585
0.323674338155675
0.3236099008310188
0.3235686489659945
0.3235183711851357
0.3235045277915508
0.3234921189794758
0.3234644027960795
0.3233916502911093
0.3233273923971187
0.323154006450981
0.3230388207378056
0.3229880798196211
0.3228298535766702
0.3226130909053634
0.3225003622238388
0.322376184928758
0.3222955996037885
0.3222548363109871
0.3221699759242956
0.3221108246915398
0.3220605439802138
0.3220270564902413
0.321980354133006
0.3219714593562607
0.3219456928420718
0.321917761281383
0.3218834062101076
0.3218591920262632
0.3218308796900496
0.3217978362399025
0.321761012125273
0.3217249566829014
