2.324586205619823
2.300439451790865
2.287387044124483
2.157364844107217
2.004726072603783
1.692424590929313
1.445680679223427
1.290647100933248
1.195481552030788
1.101604564559877
1.047663797647996
0.9251278348464067
0.8636794571734532
0.8387956067556792
0.8034257210029375
0.7749242198673145
0.7578695196439987
0.7376688614400719
0.7087218948009003
0.6872063689466611
0.6629878747605021
0.6319270180681351
0.6173694249436823
0.5986742648790626
0.5723227345420105
0.5544440782530878
0.5391450397161442
0.5113596768562024
0.4963510468088859
0.4878669837262741
0.4801462751098748
0.4729711482168991
0.4678993005901725
0.4591128121571972
0.4497101820557878
0.4436597991568144
0.4379369510629312
0.4359363062576801
0.4307614797392506
0.4262549075938028
0.4236941018847423
0.4195321383901832
0.4140453192534316
0.4117689661532776
0.4106271289112641
0.4081299057424315
0.4047599694241323
0.4013631069629053
0.3997698806443599
0.3981892583625364
0.3957166657780914
0.3942864761347017
0.3914014399439513
0.389104957057785
0.3877633970773566
0.386134013001345
0.3849036356241229
0.3822195072698253
0.3801243936252202
0.3780654202448428
0.3775241619175137
0.3761205759281256
0.3734117925210791
0.3709250795665655
0.3686868961232
0.3683649078075791
0.3678337387728489
0.3660570942321669
0.3648225293652321
0.3635703211733399
0.3625665986378049
0.3612802394012237
0.3597938104043941
0.3588385512759749
0.3583344217373949
0.3580808001204644
0.3573837931587938
0.3563195269116844
0.3551077020411869
0.3541723349599412
0.3535516336575643
0.3532814270589802
0.3527690357040427
0.3522881874717326
0.3519208742531983
0.3515320392199606
0.3510901016822831
0.3507130875091644
0.3504119919068623
0.3500199441303573
0.3495726653119635
0.349414431281492
0.3489604707782517
0.3487700616507114
0.3485610112505609
0.348192473120672
0.3478200999131719
0.34761940869202
0.3475001168677014
0.3474365178703023
0.3470108754387357
0.3467898825063289
0.3466620964495013
0.346576997520644
0.346472902767091
0.3463212853890648
0.3462224672438021
0.3460946921586278
0.3460293907077411
0.3459469547613954
0.3458681353291284
0.345799290600171
0.345707721826941
0.3456282894810978
0.3455363254718957
0.3453814777013473
0.3453299185908565
0.3450748734885661
0.344966772703663
0.3448488561277209
0.3448043831758756
0.3447474821566474
0.344685655716352
0.3446433369087102
0.3445967515438328
0.3444417944633706
0.3443209258265939
0.3441970205122419
0.3439933635089855
0.3438623207893238
0.3438068342374559
0.3437481246038799
0.3436786777109273
0.3436103240059447
0.3435587639994704
0.3435157334942441
0.3433309417539266
0.3431694949210583
0.3430910785969329
0.3429759617423668
0.3428987029248773
0.342817860957129
0.3427089086381769
0.3426278085103526
0.3425910540780706
0.3425031887977102
0.3423507309455108
0.3422307116719578
0.342063484777925
0.3419101919214163
0.3418253945351419
0.3417852102132245
0.341679984324275
0.3416245226709579
0.341571511472759
0.3414953411197821
0.3414207633978439
0.3413502986947343
0.341288627796673
0.3411719028718965
0.3410396681861738
0.3409292598943481
0.3408074619539782
0.3406740938673454
0.3405106136002675
0.3404706363320942
0.3403835209975823
0.3403288842587261
0.3402292307306648
0.3401030497160745
0.3400677274574793
0.3400121529801819
0.3399894810984208
0.3399396799822027
0.3398540257711554
0.3397518926445958
0.3396820290160169
0.3395814244899287
0.3394946275935129
0.3393911596873074
0.3392852010099247
0.3392158776524142
0.3391213910408097
0.3390392711619347
0.3389442557228942
0.3387846150019655
0.3385891639357764
0.3384093793739965
0.3381971818714161
0.3379855165703437
0.3376143995647056
0.3375405353354881
0.3370974332545101
0.336959839469122
0.3368174111362018
0.3367199457368295
0.3366426585833683
0.3365301428871712
0.3364698189977118
0.336375219528681
0.3362930923377392
0.3361946262822897
0.3360970388312007
0.3359897971129746
0.3359359180518111
0.3358597794429348
0.3357865213480278
0.3357100344767129
0.3356409603852352
0.3355759416658664
0.3355150145091491
0.3353867095118461
0.3351688860974545
0.3350756684828206
0.3347975620142087
0.3346234281146314
0.3345153599352357
0.3344384888703505
0.3343627407965225
0.3342729447136169
0.3341830299959443
0.3340964238078623
0.3340324763475348
0.3339672156729378
0.3338851092903429
0.3338542883473627
0.3338302044018369
0.3338003367562934
0.3337276052114617
0.3336214353524468
0.3335642854298002
0.3334601797601084
0.3333646806268287
0.3332843288165301
0.3332159882846118
0.3331061179454231
0.3330109427876479
0.3329285212312218
0.332861480735967
0.3327902515943559
0.332727504198293
0.3326795080712665
0.3325770129149768
0.3325039346824086
0.33243697132313
0.33239741018859
0.3323836325202842
0.3323381011592266
0.3323165306772858
0.3322946844402472
0.3322303855098388
0.3321700233708396
0.3321408117865045
0.3321373370633895
0.3320423159947903
0.3319695938148119
0.3318942838898391
0.3318454583452083
0.3318073158386106
0.3317462755941702
0.3316824781988598
0.3316537992930625
0.3315894660931826
0.3315566943258161
0.3315078244311974
0.3313898865223173
0.3312933535101133
0.3311762620966943
0.3310357796674585
0.3309545716488172
0.3309003226157601
0.3307766493284645
0.3307466763553815
0.3306884281652966
0.3306143189378303
0.3305363604260752
0.3304781621017968
0.3304540531710893
0.3303762835838179
0.3303313362238557
0.3302416709149205
0.3301928366264292
0.3301359086219093
0.330120798940598
0.3301066812023162
0.3299990866591462
0.3299675742972525
0.3299302647137559
0.3298944205115093
0.3298547985202168
0.3297410083114967
0.3296064531719418
0.3294735589114525
0.3293819434836345
0.3292920981035191
0.3290068449559123
0.3287509707351974
0.328164310133608
0.3278299771372279
0.3275627677088857
0.3268331643111596
0.326554771717594
0.326173361529367
0.3259043504997471
0.3256317507720565
0.3251938180447826
0.3250012936996542
0.3248295947932422
0.3247562404916994
0.3246595502822014
0.3246046634350088
0.3245299528514854
0.3244656460170852
0.3244051591149377
0.3243244808636565
0.324254868104961
0.3242098123956653
0.3241563248701874
0.3240421205854236
0.32397513331331
0.3238743254674617
0.3238016174325198
0.3237522416422249
0.3237136438306034
0.3236785027690934
0.323622097565151
0.323568651591316
0.3235231406097029
0.3234719902111459
0.3234213779554655
0.3233905171337258
0.3233713617001381
0.3233074832994135
0.3232703936178651
0.3232618588290374
0.3232137137021699
0.3231922076426776
0.3231786588834208
0.3231536810512345
0.3230942148340072
0.3230540273040396
0.3230006375687147
0.3229444522277279
0.3229218208064106
0.3229144992774609
0.3228664385609987
0.322841373439697
0.3228385734629911
0.3228160442043795
0.3227948641951898
0.322776814059884
0.3226945698214954
0.3226356547087767
0.3225796739865952
0.3225491734492772
0.3225052797435236
0.3224915255718707
0.3224609353723001
0.3224288796414055
0.3223921774642391
0.3223648873384114
0.322306727746683
0.3222281387095132
0.3220336599522489
0.3218830025888932
0.321757980814545
0.3215797496039401
0.3214164415536581
0.3213354456360173
0.3212727400541698
0.3212452667621226
0.3212018347398855
0.3211756369564455
0.3211366210129526
0.3210950445385323
0.3210824758771633
0.3210649423096416
0.3210031248969875
0.3209505080024506
0.3209050041796284
0.3208446793967283
0.3208101379923984
0.3207842950152258
0.3207498058284032
0.3207395414661384
0.3207344439083902
0.320721037013763
0.3207059254070795
0.320677972558771
0.320584967789167
0.3205128265283447
0.3204470573165296
0.3204191343850953
0.3202998722038974
0.3202104104350139
0.3201686651761534
0.3201035547976947
0.3200168339752575
0.319994307961837
0.3199653794204032
0.3199162728905296
