2.312090867850825
2.304397203482712
2.300816082920959
2.293747327468234
2.282476047094515
2.199687172175879
2.071415043587621
1.741472768614085
1.483423420976975
1.40442385034833
1.266838813382893
1.228146211879112
1.192011658074661
1.133578344792274
1.101601196458952
1.078392579577239
1.039243494657192
1.003456655674589
0.9614211892858787
0.9292482072232808
0.9170066486612926
0.8958756416144252
0.8773819460507477
0.8647504378161299
0.8448766208300241
0.8289491261921387
0.8135246751108068
0.7945998387142645
0.7882224875034594
0.7847558058042978
0.7827953824781022
0.7716924118669197
0.7634360648133206
0.7533991139603918
0.749326623552783
0.7417255568139189
0.7313753990730915
0.7227070833327476
0.71891529172624
0.7167034287057739
0.7142794101649068
0.7132328983716966
0.7098642356400235
0.7059933689617047
0.7031862845595092
0.698370355723781
0.6946105376723992
0.69283024322968
0.6906846117038326
0.6885362036599176
0.6862136679975737
0.6832117974295222
0.6804895732079611
0.6788581694424256
0.6768141866763109
0.6724086261023552
0.6692690724962344
0.6667738891212313
0.6645444328254246
0.6615144579534564
0.6596616669160119
0.6564644156315321
0.6533832450689463
0.6521664787164192
0.6498926215194381
0.6481956966522955
0.6456355164946028
0.6426713744334278
0.6399980825060907
0.6365681495277955
0.6340915961969907
0.6314817195029186
0.6297040150534277
0.6281154484560227
0.6264408450211856
0.6258679689136557
0.6238968884401883
0.6223772515697008
0.6208629316738269
0.6176885382260306
0.6141434810558921
0.6120664320970503
0.6076777207707093
0.6058950844010957
0.601020283569521
0.5978940176071177
0.5949553749874239
0.5910216929097715
0.5888083342575554
0.58640737174603
0.5842800679766599
0.581959547944642
0.5792938225364699
0.5770279549216244
0.5765828510940741
0.5760786574110871
0.5756111782638529
0.57381053267875
0.5706227250176508
0.5670405946680482
0.5663053161137477
0.5657287715050701
0.5639668650363572
0.5618983268660579
0.5609304331287978
0.5602877013715873
0.5588153550301457
0.5577935074504587
0.5573454700440675
0.5567483822786258
0.5558590364881103
0.554396097805415
0.5535204954048245
0.5521363134113975
0.5512369966498079
0.5504117119422755
0.5502835029570393
0.5487480142154278
0.5476324838961812
0.5471391310296628
0.5460838981784926
0.5455317572643296
0.5441950814848751
0.5430555342331691
0.542192420882343
0.5414295467102037
0.5410877516394544
0.5401925139896402
0.5395144488101108
0.5389879456456099
0.5378521495947836
0.5375033352104261
0.5364161519526831
0.5357713566227761
0.5354405717218828
0.5354254332713435
0.5351339937910988
0.5348753145920757
0.5346949164239417
0.5345366717481588
0.534226411881923
0.5341419783287089
0.53396166666283
0.5338298184074631
0.5337584946177326
0.5336900499207681
0.5335071213964504
0.5333276029588327
0.5332271294011461
0.533171769974122
0.5330820002138325
0.5330371070198692
0.533014507227032
0.532962890584575
0.5329132488843756
0.5328624886966983
0.5327815307348148
0.5327341552914152
0.532565763827062
0.5324725423147495
0.5323475736575296
0.5323011706034242
0.5322660937480037
0.5321625583701369
0.5321417323282468
0.532095332909273
0.5320496718042116
0.5320291628576274
0.5320051729641407
0.5319863657905328
0.5319758687551249
0.5319156871665196
0.5318323062830668
0.5317595729928702
0.5317276825663803
0.5317184098606516
0.5316850805871131
0.5316632331057483
0.5316466779985255
0.5316356541724547
0.5315650738380124
0.5315340740621485
0.5314256148260629
0.5313445942755636
0.5312406635139962
0.5311179747436742
0.5310644299904314
0.5310212461895302
0.5308950541935747
0.5308505716829147
0.5307881649408588
0.5307724750983928
0.530765175771304
0.5307127261328305
0.5306946159166025
0.530661745014389
0.5306552348201752
0.5306488939228732
0.5305988302550598
0.5305584296271304
0.5305229802141456
0.5304062275278207
0.530327945913354
0.5302900705699073
0.5301202847278413
0.5300536643172782
0.5300052040416383
0.5299705776275736
0.529933297603308
0.5299085677644899
0.5298883284394866
0.5298524025527958
0.5298143366006522
0.5297826532518864
0.5297716510719094
0.5297025875701752
0.5296034633763176
0.5295064901407118
0.5294671779535344
0.5294286565277637
0.5294108437325723
0.5294067037653022
0.5293898789245682
0.5293774710955688
0.5293419418920842
0.5292845482075663
0.5292642548829345
0.5292558203333412
0.5292131788775837
0.5292049963660364
0.5291909790068855
0.5291539261293483
0.5291137286639191
0.5290231878954835
0.5288951028272743
0.5288276695704374
0.5287330797450885
0.5286834039520465
0.5286218350946182
0.5285683564396451
0.5285243710446271
0.5284677651432648
0.5284476545756214
0.5284179109466275
0.5284115503433365
0.5284030331899721
0.5283775345673235
0.5283231848570197
0.5282570934882059
0.5280952491498982
0.5280306211165042
0.52794948128976
0.5278552118877495
0.5277546495073582
0.5276924141138541
0.5275972733262084
0.5275796574021171
0.5275627632012018
0.5275331410430035
0.5275082331580034
0.5274889018419501
0.5274626144041247
0.527444182284354
0.5273776880047211
0.5273619615477728
0.5273113943736332
0.527276054703811
0.5272118671462481
0.5271524567927359
0.5271265391530222
0.5271048738873649
0.5270889848783605
0.5270804946542347
0.5270713171629305
0.5270124777259486
0.5269969659435796
0.5269496305889352
0.5269269571495281
0.5269073952288492
0.5268499735649738
0.5268046820193165
0.5267961688583919
0.5267894549337697
0.5267386381330498
0.5266754440305091
0.5266670382920186
0.5266535670409951
0.526639546005128
0.5266208245776839
0.5266164177391676
0.5266031976356704
0.5265947247642863
0.5265768232532031
0.5265266914751983
0.5264888283601428
0.5263922523500369
0.5259908023554791
0.5255903262150549
0.525047904812833
0.5245756655840698
0.5242382760538001
0.5240683639796144
0.5238421952045562
0.5234758522804879
0.5233680461780493
0.5231799768115469
0.5230312971557937
0.5229314430497719
0.5228677422028036
0.5227946832252404
0.522713065477912
0.5226357845493447
0.522591611412067
0.5225642228566533
0.5224547760123714
0.5224365536230436
0.5224207188265866
0.5224060605609787
0.5223837780571642
0.522362112642912
0.5223458270324719
0.5223027354331022
0.5222504593888243
0.5221305440201099
0.5220795899039997
0.5219389913779255
0.5218009862697653
0.5216402607207493
0.5215763574788399
0.5214897118648344
0.5214348708763488
0.5214004534601246
0.5213538645865241
0.5213304907605247
0.521311642756755
0.5212568525531029
0.5212057408445926
0.5211267530932611
0.5210682311918047
0.5210352615035103
0.5209927565630538
0.520958265078335
0.5209204807905917
0.5208828997466199
0.5208067083791756
0.5207377359972198
0.5206348176318553
0.5205862993687552
0.5205605726217992
0.5205407481341496
0.5205320185260087
0.5205191520094717
0.5205072728244715
0.5204949980384334
0.5204542037859869
0.5204206896518753
0.5203813580323258
0.5203719274927636
0.5203571796923213
0.520351231210331
0.5203321189794526
0.5202908754908322
0.5202541529696636
0.5202056165627849
0.520150043736283
0.5200848186187099
0.5200520136667894
0.5200328681233285
0.5199775063919235
0.5199514910298851
0.5199228345440683
0.5198893049831455
0.5198589350064527
0.5198395077075844
0.5198231976794032
0.5197387996419737
0.5196681007240195
0.519639343167089
0.5196260716193727
0.5196088340002366
0.5195445846011569
0.5195081209233826
0.5194816712225147
0.5194513418388684
0.5194361322313605
0.519428704869998
0.5193698462827798
0.5192973928858419
0.5192683195540981
0.5192337615466096
0.5191410660219465
0.5190772212945005
0.5190257436450905
0.5190017136659582
0.5188448470831484
0.5187948677859924
0.5187361256599347
0.5185806102545902
0.5184070680124778
0.5183617650311068
0.5183077753682864
