2.315620102172339
2.302711464278886
2.297732566626403
2.287074312924302
2.222512270412916
1.893659738589171
1.61973672415494
1.522536642976559
1.465445735747098
1.264128264406978
1.203195326763887
1.143731602646499
1.068493725501781
1.004072527258778
0.9440657569906498
0.8794198413252763
0.8291061603233575
0.774509144802023
0.7389195495083577
0.716507645060308
0.7060969935868285
0.6755467881227122
0.6363459883944715
0.6236747349945249
0.5978015086025292
0.5543557766063206
0.5375724099913908
0.5359000213890376
0.5245719138904759
0.5069176759133115
0.4892730122141938
0.4746040665308702
0.4700441669011859
0.4637259229771618
0.4605637145776801
0.4548646894559371
0.4525447423191288
0.4519450052548987
0.4515124599040757
0.4485369152712658
0.4461121396897641
0.4434444151978109
0.4409153123461526
0.438543401614978
0.4355157240300799
0.4323281380056324
0.4298901874243764
0.4269333012154054
0.4247169349769118
0.4228381091783369
0.4193015784473413
0.4173414194717309
0.416591651870506
0.4155055250662142
0.4135492756551419
0.4122343047031494
0.4087741765332806
0.4075632157592506
0.4075202052298014
0.4056105653387513
0.4042891031961533
0.4029094726307414
0.401636603747685
0.4008441811344891
0.4004182279933736
0.3996527624964714
0.3982172102896792
0.3971077531049274
0.3960740614884015
0.395378392094166
0.3950551749812437
0.3948803692515722
0.3939857643833735
0.3926453067972906
0.3919201651940393
0.3911692563046817
0.3901434133835713
0.3892132471439286
0.3888367216868142
0.3881078468746688
0.3872917651406061
0.3868322994063376
0.3859503082701773
0.3855404952987901
0.3852258995969561
0.3845374691051785
0.3841242676818016
0.3839162255596927
0.3837823558217174
0.3833981682100427
0.3832190053467645
0.3829339518604352
0.3827932223472925
0.3825892438589855
0.3824011908734307
0.3820098170069857
0.381845790275053
0.3816862943004831
0.3814204114373167
0.3812001921279384
0.380976802196843
0.380796071355259
0.3806109446891867
0.3805708717736737
0.380413989846125
0.3803201157538564
0.3803013309480358
0.3802023875767416
0.3801185215198824
0.3800684421600191
0.3799990200473461
0.3798667055840635
0.3797616188159735
0.3797109302644262
0.3795867717242677
0.3794406237876619
0.3793095716700504
0.3792436826732475
0.3791914855434662
0.3791185341399402
0.3790745434937042
0.3790208422521187
0.3789536144266068
0.3789126785915683
0.3788707621297279
0.3787479863801691
0.3785946297062343
0.378531817368231
0.3785006568183801
0.3784529806575543
0.3783517332542853
0.3782882523843545
0.3782424324256527
0.3781668365017526
0.378094458212489
0.3780063397927383
0.3779244578639028
0.3778324442707722
0.3777781297049559
0.3777139654919155
0.3776155514832389
0.3775659210791029
0.3775368769909047
0.3774941080142176
0.3774500339489057
0.3773413670428625
0.3772270790611742
0.3769881512891722
0.3767936898332019
0.3766093354058268
0.3763835184302963
0.3762149244308095
0.3760319861621589
0.3758493617006365
0.3757594000080592
0.3756776378542501
0.37558284847375
0.3754618322261575
0.3753713904597074
0.37528197905223
0.3752180713087109
0.3750466984729261
0.3749296277451408
0.3747971409104935
0.3746706713058024
0.3745211397684346
0.3743494557269232
0.3742908022599634
0.374240471027693
0.3741964293895972
0.3740816977031111
0.373977424370961
0.3738468065011822
0.3738161025940944
0.3737814809084481
0.3737610328410234
0.3736686620667842
0.3735985716389047
0.3735190076138902
0.3734462058449627
0.3733655066111347
0.3732980571679388
0.3732334714571071
0.3731610206354189
0.3730303611722561
0.3728904296733065
0.3726399952873638
0.3723513277708738
0.3720504946289819
0.3717404592239682
0.3714742734896477
0.3712417048647127
0.3711396541199687
0.3710073959280552
0.3708101623472342
0.3706884888827733
0.3706180374928925
0.370532933342013
0.3704841062313169
0.3704333653685049
0.3703567215226381
0.3702798245958226
0.3702323574689306
0.3702249197675823
0.3701554261521979
0.3701248814749663
0.3700526987141338
0.3699041224337596
0.3698032194701101
0.3697267333168
0.3696661247607986
0.3695032961098907
0.3694473893811656
0.3693858169355294
0.3693214546247551
0.3691942938834371
0.369100536318025
0.3689944742245081
0.3689226139062688
0.3688497198971735
0.3687596208296044
0.3687130983105814
0.3686914222321183
0.3686174869210596
0.3685912591850246
0.3685471619849252
0.3685067292851086
0.3684768061919228
0.3684341844380767
0.3683527962788915
0.3682948586453836
0.3682363100736687
0.3681946477383778
0.3681589718774155
0.3680018850390463
0.3679114503829564
0.3678674230970709
0.3677671456388408
0.3677179844915212
0.3676770038990039
0.3676468475589613
0.3675941309666041
0.367497877635871
0.3674669680014892
0.367342006622069
0.3672784095514879
0.3671896151375552
0.367155039908271
0.3671263518505476
0.3670877806015644
0.3669826775439797
0.3669511541543986
0.3669015451434382
0.3668702993307948
0.3668509126158042
0.3667959892476943
0.3667255722058601
0.3665522110454942
0.3664609569898738
0.3663415252310818
0.366316982101366
0.3662917865854755
0.3662670721173162
0.3662454231595831
0.366207646670907
0.3661859466010776
0.3661676910113392
0.3661268470610938
0.3660672810348924
0.3660047580742102
0.3659650851011896
0.3659426963764226
0.3658866304582161
0.3658693065613257
0.3658465156446792
0.3658244312637109
0.3657841497456972
0.3656691387069763
0.3654732038079035
0.3652501910037543
0.3650222438570886
0.3648273834089582
0.3646560247802882
0.364495202520903
0.3643605442540117
0.3641490325044439
0.3640685924161506
0.3640389217542905
0.3640048654654799
0.3639648568571829
0.3639295769030894
0.3638418234134586
0.3637843195120535
0.3637257272499773
0.3636474539257654
0.3635359240041535
0.3634601216936459
0.363424125073367
0.3634148684967348
0.363384929311335
0.3633627684826745
0.3633363306856315
0.3633098128216756
0.3632498961330398
0.363204258243652
0.3631496948007107
0.3630559439112632
0.362949414259665
0.3628276339117674
0.3627647440702494
0.3627162148085832
0.362652175135999
0.3626026752985089
0.3625358003846961
0.3624660657844393
0.3624163110635555
0.36236232684784
0.3621817370069182
0.3620095984738043
0.3618640201445031
0.3617137144406088
0.3615602941431308
0.361464319020538
0.3613353100819469
0.3611779848440741
0.3611427691045898
0.3611163246228534
0.3610238743862144
0.3609657317012168
0.3609249023152884
0.3608579688682408
0.3608016394463492
0.3607412370104308
0.3606821491157058
0.3606332575008432
0.3605709542676877
0.3605396529051902
0.3605231577938746
0.3604795319872819
0.3604492647724694
0.3604438580240372
0.3603723823766418
0.3603416391523397
0.3602752464568419
0.3602148486323687
0.3601516508575324
0.3601152230831547
0.3600782284712061
0.3600235894513111
0.3600022145420974
0.3599078288590764
0.3598691857367571
0.3598432305829685
0.3598084766134808
0.3597565150801299
0.3597146449749288
0.3596970046181645
0.359674709282456
0.3596309468913511
0.3595793125073522
0.3594920299252029
0.3594779754998861
0.3593531896085516
0.359314242199331
0.3592731483183893
0.3592208893269296
0.3591807328450362
0.3591564694181119
0.3590999031254055
0.3590682673465036
0.3590233687111673
0.3589795688459333
0.3589544765279621
0.3589467103583798
0.3589224344446893
0.358913019149117
0.3589054163415192
0.3588304613750469
0.3587202912471128
0.3586490172309155
0.3586328630658365
0.3585725046847347
0.3585350386100646
0.3584995982999402
0.3584782453527856
0.3584255432361386
0.3583639885044814
0.3583341378373245
0.3583068518656654
0.3582705159728902
0.3582270610725174
0.3582113052614011
0.3581829531076142
0.3581568633172992
0.3581273616285598
0.358108663927502
0.3580866191449805
0.3580684564052847
0.35804484746892
0.3580166216267741
0.358006674818364
