2.330225795057679
2.300541861097489
2.29429675129481
2.252174701734011
1.978179298089131
1.751790072121357
1.582659859079507
1.438713075852669
1.285058755757848
1.165185859824515
1.070874585868465
0.9704347056135311
0.9182743971636855
0.9035028531870058
0.8595061183662132
0.8469003335228203
0.8427396111589576
0.8135658110346221
0.7892782929387315
0.779301897603192
0.771092017769971
0.7551795971957098
0.7447406204524339
0.7318855895885428
0.7188635063897969
0.7060447125567608
0.6943074478579866
0.678252813507688
0.6659125029587005
0.6500843445588325
0.6338471978217253
0.6242885061382544
0.6155534434121642
0.6093719839127445
0.6030904331326183
0.6019096274362392
0.5904457483940407
0.5848406044287904
0.5740904704992594
0.5653069360308924
0.5562097866776567
0.5457572376069781
0.5362870603099857
0.5304255624232953
0.5292036710799898
0.5256966597444634
0.5222392275202421
0.5198970312836446
0.5143435540354633
0.5096545817541929
0.4989563189882051
0.4894935799274466
0.4813671918287467
0.4795700806690919
0.478096561708349
0.4755826231295838
0.4743394246959696
0.4719832261652496
0.4686356798982619
0.4652396517941313
0.4608915494451187
0.4579489629858652
0.4554222406800111
0.4540151130686348
0.4509072002982542
0.4468844039707904
0.4445524372842424
0.4431208668900659
0.4412938519089733
0.4390612057323745
0.4359822643217497
0.4347786815432985
0.4320383847616007
0.4286594379509283
0.4263416999433878
0.4247434605780752
0.4226954076728675
0.421610596941024
0.4212474989187216
0.4202032778506061
0.4186501649730842
0.4175532001947764
0.4165579750631184
0.415808951020408
0.4154410593342067
0.4146028946988806
0.4141774436523779
0.4134927767570341
0.4124965700608266
0.4115908763121439
0.4113607002971404
0.4110013242871893
0.40997314042888
0.4093373460581751
0.4090341226150855
0.4083209643277212
0.4077148198034605
0.4075284243148955
0.4073351577412348
0.4069592181025074
0.4060950744468663
0.4055851437075492
0.4048334849825563
0.4043996410338454
0.4042275330289372
0.4035486668341667
0.4029883601396703
0.4021463878147017
0.4014123136890379
0.4008906576704675
0.4007947199158552
0.4003919196213829
0.4002664733612197
0.4001553767414511
0.399901562967597
0.3996270639286272
0.3994530163208319
0.3991843799306544
0.3989473188336746
0.3987433233068446
0.3985961468477041
0.3983554768112322
0.3981990435543549
0.3980675157748189
0.3979511724892627
0.3978020563967001
0.3977135795523626
0.3975651705839261
0.3974905741864899
0.397374036271066
0.397060305754297
0.3968492031193818
0.3966237700739454
0.3963563893780945
0.3962729187210851
0.3960253054275543
0.3958518003124904
0.395763954884316
0.3956336533790604
0.3955153023556559
0.3954753929685448
0.3954193927473844
0.3953085928973578
0.395270492492906
0.395205632724263
0.3951361307829482
0.3949695391575952
0.3948820056835326
0.3948318832820345
0.3947796385471779
0.3946044278528417
0.3945709001037659
0.3944787487506685
0.3944527764236407
0.3944164597940658
0.3943798035173509
0.3943051883655961
0.394133493906565
0.3939940634219403
0.3938044820276279
0.3936002338951473
0.3934982727886606
0.3934535058818328
0.39323787114674
0.3931677303251983
0.393077025789337
0.393022481034898
0.3929327766897009
0.3928681219826674
0.3928115319690631
0.3927473552323341
0.3927028931197534
0.3926733278488555
0.3926002665025544
0.3925398864547632
0.3924946091569219
0.392436371907379
0.3923513029009763
0.3923291988631782
0.3923061269092568
0.3922736731585306
0.3922448427508499
0.3921908023369594
0.3921384088053655
0.3920335231194379
0.3918065619887943
0.3915891507963828
0.3913976679789687
0.391159516112846
0.3909063054015611
0.390727174682262
0.3905005958305701
0.3903414837057838
0.390237207770615
0.39009378361151
0.3899991180401793
0.3898526239367914
0.3897188916044446
0.3896348566589635
0.3895957077534442
0.389482534427382
0.3893796041967414
0.3893003060898211
0.3892638507966493
0.3892154676713193
0.3891477065718445
0.3891070745003699
0.3890589444112447
0.389011965884476
0.3889673921984951
0.3889118485349762
0.3888756464210616
0.3888288633827079
0.3886977184616953
0.3885850688171318
0.3885468445259002
0.3882979331786188
0.3881945529453481
0.3881363676139754
0.3879121501467202
0.3877839141659468
0.3877288403516369
0.3876799207392289
0.3876336954833086
0.3875768617120762
0.3874680834682278
0.3873944445462465
0.387326638677254
0.3872192272481491
0.3871301151148001
0.3870872083431056
0.3870545834862485
0.3870309973017662
0.3870042441838086
0.386954352970611
0.3869027026875262
0.386873487485943
0.3868486955532162
0.3868255027624194
0.3867993214636622
0.3867647135704124
0.3867339031334044
0.386694806759446
0.386668773114937
0.3866417467988811
0.386606558790781
0.3865895500173077
0.3865754002040829
0.3865574738190301
0.3865448558582918
0.3865127963192545
0.3864533738821764
0.3863482216634106
0.3862755068309013
0.3861457088975627
0.3860179646379742
0.3858620626417271
0.3857905671181724
0.3857665791473713
0.3856140701098772
0.3855814556058385
0.3855598158934379
0.3855333602958262
0.3854937860339916
0.3854437287700146
0.3854237035986721
0.3854070452945356
0.3853709560913107
0.3853349059918879
0.3852967956459163
0.3852456810762497
0.3852066070444901
0.3851764453241181
0.3851293726972069
0.3850957311992668
0.3850810958692444
0.3850612157002817
0.3850081111785264
0.3849617463572955
0.3849306971063309
0.3848987927657706
0.3848701911764033
0.384788805890111
0.3847522005573002
0.3847279393055656
0.3846482890509402
0.3846154111791433
0.384580400911494
0.3844939737165893
0.3844483788945884
0.3843901881062761
0.3843384797997739
0.384318996225626
0.3842658351233906
0.3842412390366488
0.3842022836662424
0.3841707468794869
0.3841370991827791
0.3841048444460012
0.3840761902317983
0.3840530976307754
0.3839636278344646
0.3838699433149561
0.3837680045475445
0.3836660420817759
0.3835664515778664
0.3835173926813445
0.3835079206672057
0.3834176796555427
0.3833862476391153
0.38335923800039
0.383333565090927
0.3832998963554827
0.3832697930750361
0.3832352939778917
0.3831871173439785
0.3831617783395886
0.3830953609836325
0.3830225986645029
0.3829703907575329
0.3829443588412279
0.3829238604861226
0.3828883450133923
0.3828677382950381
0.3828350870007903
0.3827947015558382
0.3827584048668005
0.3827240238985758
0.382680297529325
0.3826432738409842
0.3826065071934158
0.3825751240291019
0.3825391309988217
0.3825050015551171
0.3824744249445346
0.3824498517920015
0.3824207894720141
0.3823502948287372
0.3822891433112041
0.3821786975862965
0.3821207110923511
0.3821014487127977
0.3820304434944526
0.3820116798035456
0.3819850214832992
0.3819562407879111
0.3819278658337666
0.3818457852696412
0.3818158603963013
0.3817518023494348
0.3817191016192111
0.3817065780424348
0.381685027060462
0.3816722055324167
0.3816515066926371
0.3816395509700456
0.3816229918982437
0.3815756824211454
0.3815432089296724
0.3815095832930535
0.3813677179137143
0.3813204061474342
0.3812803940904018
0.381209862233423
0.381154446604861
0.3811261031000034
0.3811196654038385
0.3810630168624155
0.3810343972753791
0.3810023769657376
0.3809772078319105
0.3809333242263955
0.3808969926820627
0.3808750629239397
0.3808656432051988
0.3807749740003407
0.3806966891229527
0.3806706544075421
0.3806241165121992
0.3805940716081265
0.3805782824125957
0.3805550479284477
0.3805113766928354
0.3804854535412515
0.3804600088236977
0.380450029143466
0.3804038715273882
0.3803727115276945
0.3803328062007302
0.3802962438482803
0.3802249719922474
0.3801675972260977
0.3801075740006469
0.3800496414835701
0.3799979125066845
0.3799215850850827
0.379834414727534
0.3797988802916699
0.3797747193671029
0.3797333673115172
0.3797176347077276
