2.309794268058443
2.301535825436757
2.292342800519447
2.257729080468754
2.089629785585952
2.038398685642094
1.840314097147717
1.767145772764055
1.716292718192088
1.534932587029892
1.4565019826054
1.368618070484951
1.277676370860453
1.18909214410742
1.148501702189683
1.046955714376607
0.9858314231133612
0.9718721186331213
0.9261976017083052
0.8646787101333826
0.8169955024090815
0.797328786789075
0.7795709242477087
0.7632311632111213
0.748010748309987
0.742174168532126
0.7320798375167445
0.7165921521377507
0.6997197610546929
0.6951487063881848
0.6840414989901602
0.6626357550159927
0.6557184609754224
0.6532715349499225
0.6432044442166565
0.632463529317544
0.6302425321194867
0.6268137715121005
0.6244851960799247
0.6232459411902987
0.618145016834318
0.6142634340186214
0.6110101599994829
0.6071824666030976
0.6048124478098249
0.6033905220793854
0.6006075335270771
0.5987294011454168
0.5941075956229543
0.5909056051063688
0.5880453892131769
0.5868003264984505
0.5862993034392243
0.5852475714165152
0.5829094206890225
0.5791747279036341
0.5764096286605672
0.5729249346419097
0.5699355048944394
0.5661732147530727
0.5640545410498177
0.5619236984790472
0.5616021877052253
0.5609227701351108
0.5599158654718288
0.5578988454427275
0.5547111609313858
0.5527321680837709
0.5502929044379951
0.5493104788455474
0.5481022518621876
0.5464096806686698
0.5459412905724708
0.5457408641219961
0.5444226624372704
0.5432465131274141
0.5418349083787317
0.5409968088328805
0.5394902001628818
0.538445911112113
0.5380722645438497
0.5374103592329915
0.5373486252884203
0.5370460141810205
0.5359142729116909
0.5347823449309075
0.5339017179695179
0.5331612482965392
0.5326870167063824
0.5321749816213953
0.5317641675995746
0.5312805298930621
0.530674656931771
0.5302667242066625
0.5298735958258153
0.5295419199722109
0.5292692357962911
0.5289335060158191
0.528792680446977
0.5285818027987255
0.5284878606145624
0.5284082310106353
0.5283092067562576
0.5281885937240081
0.5281306497351906
0.5281138108638852
0.5279567290682057
0.5279120414410988
0.5278443958603758
0.527794156011533
0.5277390072100726
0.5276699400845576
0.5276504192699949
0.5276354164671891
0.5275863195737472
0.527559139292618
0.5274816724429436
0.5273772198602825
0.5272738911679756
0.5272347084323502
0.527182514016505
0.5271332733989463
0.5270761564407218
0.5270220457505363
0.5269106254454162
0.5266589043693339
0.5265058014132512
0.5262777494257721
0.5260553655098342
0.5258758551870885
0.5255946590618844
0.5252099702655437
0.5250628111033145
0.5249215192905722
0.5247463172975088
0.5245079380184393
0.5243820745932928
0.5243204295150162
0.524239745153783
0.5239852097185391
0.5239053642978539
0.5237852139844714
0.523666223699101
0.5235638445381634
0.5234894379756029
0.5234011126782814
0.5233064271932262
0.523220802964155
0.5231212437145695
0.5230717031399994
0.5230072887935759
0.5229409912620482
0.5228403084235245
0.5227435557621293
0.5226048014133055
0.5225622104898366
0.522541354138642
0.5225138885287978
0.5224335789579154
0.5223800688829753
0.5223238828558825
0.5222574277498111
0.5221834428548021
0.522102172085125
0.5220494224648965
0.5219519753481799
0.521711002390624
0.5216391404703191
0.5216030188750284
0.5215503740938796
0.5215305739134294
0.5215069684773275
0.5213555670864608
0.5213019168031686
0.5212261982152783
0.5211574820739137
0.5211001516333877
0.5210274753495883
0.520969758403602
0.5208955074744597
0.5208161935773871
0.5207440041728982
0.5206889546171015
0.5206171103191741
0.5204744145081165
0.5203590682962007
0.5202812033290323
0.5201193249046773
0.519927693402781
0.5198801248228306
0.5198171172924265
0.5197556434655934
0.5195861000567488
0.5195135026724481
0.5193945192063879
0.519323668762985
0.5192313204823954
0.5191440594817469
0.5190548058675694
0.5189405740206872
0.5188701514740244
0.5188183640833279
0.5186796352155477
0.5186136606278736
0.5185297902274892
0.5184309689546189
0.5183883438087451
0.5183338989500009
0.5183112442622037
0.5182910108591593
0.518247363192385
0.5182169857209548
0.5181819042526812
0.518160502228021
0.5181237441852267
0.5180143754125403
0.517981589856937
0.517932597665682
0.5178130666233868
0.5176682096105669
0.5175887462231984
0.5174313636601529
0.5172825877814925
0.5169895171990728
0.516700531408719
0.5166619452337209
0.5165345402686244
0.5164687628339731
0.5164291438745329
0.5163663474405258
0.5163177515229895
0.5162210549915986
0.5161438120334861
0.5160923918089817
0.5160148465463386
0.515908677274509
0.5158418423393595
0.5157866593179489
0.5157149042043716
0.515688610554948
0.5156212547107085
0.5155499561048823
0.515462737536113
0.5154496230334342
0.5154042149429087
0.5153665482346937
0.5153083167418359
0.5152450006797147
0.5151920473933428
0.5151472928653441
0.5150991804052637
0.515058550771996
0.514954967647713
0.5148741709275847
0.5147524454055505
0.5146341693926424
0.514506338624374
0.5143902865033115
0.5142743999665199
0.5140747923545028
0.5140465296807883
0.513926675517908
0.5138451344916926
0.5138021531438784
0.5137570192867464
0.5137032829949059
0.5136777738123479
0.5136474864888875
0.5136240069565673
0.5135899837087492
0.5135627862694843
0.5135315918670965
0.5134937177970471
0.5134678758326311
0.5134324899010698
0.5133613198053881
0.5132610168968327
0.5131691967607011
0.5131425589109121
0.5131088116055472
0.5130866093979736
0.513059090600349
0.5129854707148438
0.5129538742191349
0.5129342961069084
0.5128925342174311
0.5128657338154701
0.5128472688441994
0.512820870010156
0.5127706241474073
0.5127083152473794
0.5126843742837337
0.5126742737488433
0.5126213658199572
0.5125985946532531
0.5125861293654916
0.5125562220522236
0.5124994718495538
0.512487966927882
0.5123989232440732
0.5123643672387307
0.5123408108798353
0.5123182874408284
0.5122996247507997
0.5122704831670705
0.5122608565706306
0.5122553864527165
0.5122369043015266
0.5122268949390641
0.5121957090453532
0.5121603160812453
0.5121233333392264
0.5120614475942908
0.5119945239057184
0.511880326907018
0.5117303102413381
0.5116106874856039
0.5115761291842569
0.5114757714645577
0.5111797101572585
0.5110527146347682
0.5109329265996982
0.5108463528870861
0.5107966538991147
0.5107268385696986
0.5106975374616629
0.5106704668254148
0.5106491796259358
0.5106220744309801
0.5105870327585248
0.5105711262258752
0.5105511564343276
0.5105286829335219
0.5105106940674529
0.5104849325663834
0.5104455517234155
0.5104031132682522
0.5103867274620872
0.5103659288506097
0.510345753520339
0.5103253001202739
0.510300681849955
0.5102783105606252
0.5102242944404936
0.5100246965012076
0.5098128623764693
0.5096204433651986
0.5095820807193285
0.5095320989428203
0.5094928789389067
0.5094638595649292
0.5093955522051562
0.5093683484948855
0.5093478411015703
0.5093304346651363
0.5092948734094993
0.5092800295216724
0.5092662540656394
0.5092448401605978
0.5092350199224974
0.5092204249579446
0.5092085373339389
0.5091777460346625
0.5090865748326278
0.5089834732231144
0.5088825957396285
0.5087669152122825
0.5087145701005497
0.5087032758516266
0.5086066226428725
0.5085843167955606
0.5085645833308367
0.5085522601196788
0.5085316670065033
0.5084962358336876
0.50848702528137
0.5084743766120121
0.5084609689140285
0.5084229067434133
0.5083810867755565
0.5083410465716562
0.508322613302291
0.5083133946354749
0.5082923150401193
0.5082720859324749
0.508254766871873
0.5082254155640655
0.5081806823206306
0.5081421025343353
0.5081213556445482
0.5080865554786882
0.5080421824178827
0.5080141250610025
0.5079964635295614
0.5079741821223167
0.5079656414479063
0.5079559174949395
0.5079472948669999
0.5079348247004698
0.5079281505077377
0.5079227770218163
