2.313529523355757
2.297201473629133
2.256206955223675
2.132551975225102
1.804513098427895
1.499363669221862
1.421969865355847
1.408033742691332
1.172160985331018
1.099224930756888
1.065687137317624
1.009701353234709
0.8950831499229902
0.8571756450003495
0.8482395380035554
0.8403668108684655
0.8039975199385235
0.7811119107391201
0.7368918002885186
0.7061668357266035
0.66743382353122
0.6348047216394928
0.6164399642552388
0.6078206551256088
0.5850197849610745
0.572935488298808
0.569087815102267
0.5623772005915597
0.5552001220305589
0.5439535376588065
0.5385319619274563
0.5356838012599239
0.529656882236474
0.5223147113617261
0.5140984437030035
0.508291342464002
0.5016239046357167
0.4960998357625337
0.4892633085067121
0.4798971619823578
0.4729707020929247
0.4692211159010535
0.4667580891089419
0.4607181843985421
0.4564565102796624
0.4489858261595675
0.4440851741623495
0.4421878451230458
0.4383698573040031
0.4348078384399007
0.4281316845297738
0.4197436987568974
0.4181997776617557
0.4173173126634713
0.4135421836292039
0.4103636520309324
0.4087297087774925
0.4081042231635245
0.4069918844320736
0.4043981992449929
0.4013832593447527
0.3993995624299772
0.398492210117617
0.3977424716437078
0.3954629677302476
0.3951555831577542
0.3943352896238529
0.3907054444633267
0.3880454033900158
0.3865692577045423
0.3847264823013439
0.3840376907397376
0.3826670714237242
0.3817891747305462
0.3803905197421862
0.3788693840688698
0.3770972929292467
0.3751299730210348
0.3743563741015234
0.3738220938617081
0.3730415781800018
0.3720436029083064
0.3712225609497697
0.3708104414030292
0.3701918115292072
0.3693428000750877
0.3685853463478844
0.3676856004260634
0.3672551103339801
0.3670717204695499
0.3665101921446531
0.3661158901173547
0.365856105511486
0.3655422094970332
0.3652008664089774
0.3647791797149134
0.3645546345634814
0.364305612031016
0.3638217919598322
0.3633840894780828
0.3631269189485415
0.3629712312486915
0.3625399086502498
0.3623411600631838
0.3621532926659369
0.3616630505916147
0.3612151216058507
0.3606199431068738
0.360305829322611
0.3601833200827765
0.359505964971878
0.3592890136709324
0.3591264717178788
0.3589203625526266
0.3586902348689331
0.3585479232078023
0.3584757006870948
0.358282513378304
0.3580938228529306
0.357986356697016
0.3578296330076883
0.3577775710704864
0.3576412763666201
0.3574875806907551
0.3572124896170649
0.3570280541263844
0.3568078722640454
0.3566003414704265
0.3564120802468548
0.3561969506451343
0.3555421021605076
0.3550550791098845
0.3548189483738038
0.3541278135694272
0.3536973599502709
0.3534285804854435
0.3530451543904106
0.352812632283232
0.3527277846831782
0.352560778090679
0.3523617919717953
0.3521314384756395
0.3519972120275198
0.3519363156493846
0.351770000025931
0.3517076080828971
0.3516942516901024
0.3515816755710111
0.351495548533354
0.3514516219056669
0.3512824575479257
0.3511022284280245
0.3509773243764172
0.3508910285037534
0.3507056333403146
0.3505154681267671
0.3503832193663382
0.3503433938570617
0.350221274247899
0.3500758264299023
0.3500082654252516
0.349930569600038
0.3498429967170705
0.3498020361125631
0.3497859637212248
0.3496737594193443
0.3495931938653949
0.3495368392269629
0.3493484465011067
0.3493114050003414
0.3492736722343057
0.349199681620657
0.3490211814813387
0.348846994979389
0.3486297644163495
0.3481661657142019
0.3479775688195722
0.3474211049617537
0.3470063346967612
0.3465427637659632
0.3458679350791053
0.3455713170330642
0.3453866268272756
0.3453427999957715
0.3451817885534055
0.3450014429742363
0.3449276957533016
0.3448806786830779
0.3447210603561202
0.3446833127166402
0.3446365755035421
0.3445183878610482
0.3444375815172183
0.3444196907849099
0.3442743571239529
0.3441872018699251
0.3440661296325427
0.3439573925701269
0.3438570768284574
0.3437358815391401
0.3435690011180138
0.3434928122155622
0.3431226202185229
0.3429445939864435
0.3428923097324757
0.3428403074335274
0.3427459624501815
0.3426408621490653
0.3425443966626953
0.3424587240673972
0.3423690435482862
0.342224687929566
0.3421427782253395
0.3421073842291188
0.3420144235414955
0.3419567531177221
0.3418282269509272
0.3417387783588704
0.341646344853462
0.3413684927138532
0.3412399116564068
0.3412304389986297
0.3410254760331357
0.3409307434310201
0.3408122661722198
0.3407678448979852
0.3406879180162276
0.3406000756420666
0.3405177245480282
0.3404796208267446
0.3403428518644255
0.3402249005820506
0.3400717000452839
0.3398525317153976
0.3397657091662248
0.3395207780373172
0.3394181723141654
0.3393905853100643
0.3392958514784223
0.3392520054446681
0.3392044469174202
0.3391434397471812
0.3390967598792695
0.3390434480857196
0.3389109380733295
0.3387213988966213
0.3386032249504993
0.3384587798043815
0.3383817262132169
0.3382795003496379
0.3382330866810666
0.3381220442434497
0.3379624068835587
0.3378065538924931
0.3377425382826768
0.3376529521811406
0.3376191696612318
0.3375739419410227
0.3375305191175305
0.3374490654252115
0.3372715455811034
0.3371012963031715
0.3369316967502018
0.3367555350235977
0.3365375833768386
0.3364747075187907
0.3364062102502227
0.3363187956258472
0.3362881739966571
0.3362518603488026
0.3362053449147616
0.3361626764938388
0.3361023965730051
0.336067720787917
0.3359281878245677
0.335861063934022
0.3358320813009577
0.3358126102074454
0.3357934989567339
0.3357622163218145
0.3357014546133968
0.3356493964443436
0.3355503410736061
0.335421333427329
0.3352828795553311
0.3352728618048502
0.3352363202741722
0.3351985009713088
0.3350697282341292
0.3349708779968433
0.3348434088797388
0.3347176416053355
0.3346714696643416
0.3346582487846234
0.3345416112981522
0.3345067823052258
0.3344298175864587
0.3343672172280198
0.3342911082515306
0.3342351021492456
0.3341750724798387
0.334087914404879
0.3340658665446975
0.3340355385974613
0.3340036628908438
0.333952332541629
0.3338915785388963
0.3338140649333092
0.3337867065502558
0.3337690042045584
0.3337124926403496
0.333662789061994
0.333609784889366
0.3335299238511004
0.333456027912037
0.3333447139195796
0.3332276696801758
0.3330896785774428
0.3330345119088141
0.332996881511321
0.3329429360317586
0.3329078030910657
0.3328637298704292
0.3327882897365486
0.332614598146857
0.332533340995532
0.3323110888868202
0.3322286620200021
0.3321545161592421
0.3320806894260826
0.3318702917534631
0.3317170697265107
0.3316140751439599
0.3314380186787524
0.3313258734184144
0.3311958063346418
0.3311555731371079
0.3311138740628574
0.3309755961117898
0.3308863736754362
0.3308265000972693
0.3307591109314547
0.3306941149775843
0.330660717403566
0.330611884101873
0.3305707269156238
0.3305441914319162
0.3305217353589611
0.3304726581728892
0.3304274265124085
0.3303880205203831
0.3303585354043455
0.3303152278033497
0.3301905816450832
0.3301329022999268
0.3300848174824588
0.3300176065337334
0.3299357194291934
0.3298717568398688
0.329834657025661
0.3298255846550637
0.3297963704807078
0.3297690175982294
0.3297565693127699
0.3297046262141562
0.3296686360305771
0.3295941738183832
0.3294094778534314
0.3293011069428973
0.32918742824484
0.3289243262852596
0.3287594425123621
0.328486279937641
0.3281340960827094
0.3279894334994781
0.3279448275762571
0.3278446742618701
0.3277902550911801
0.3277121757613842
0.3276417584616791
0.3275701197709167
0.3275227301657517
0.3274898674852736
0.3274094133126214
0.3273538219184607
0.3273228075956923
0.3272801432641403
0.3272618955471604
0.3272374866655605
0.3272113888126114
0.3271871026452759
0.3271113880534582
0.3270031945657156
0.3269410510365438
0.3267303335724323
0.3266300908140022
0.3265259980465897
0.326255153349469
0.3260623033382613
0.3258919070942548
0.3257829887002004
