2.326236930468229
2.299569518541846
2.261880875432812
2.191240881665141
1.940478682145413
1.701898218029871
1.456572535509813
1.34171668785767
1.215714845473485
1.084002583481273
1.037418664118585
1.025484378078003
0.9163831251646982
0.8715079876879686
0.8549903465743177
0.8244892463342168
0.8058448247486507
0.7789151175091623
0.754982142335316
0.733723687541779
0.7076118064438485
0.6785506828176163
0.6577226846934922
0.6336748197632832
0.6054122631684936
0.5827259904710935
0.5652906256838178
0.5458723630401285
0.52036327407781
0.4996809886453599
0.4876848996844919
0.4709594921809765
0.4587895920556895
0.4497197553855112
0.4377213547504513
0.4253556476977023
0.4142396377060531
0.4098273464525256
0.4011295293955101
0.39438246113744
0.3892046507108924
0.3803381153519921
0.3725053513379839
0.3672443648582543
0.3661381037250239
0.3643644380607899
0.3602347367954439
0.3563434391210746
0.3493654246306497
0.3482705262467976
0.3461265538523198
0.3441618768915796
0.3398783960716479
0.3373377360688409
0.3355083766167267
0.3322369968816583
0.3293287714124497
0.3253142748280822
0.3221983412038239
0.3202576894386616
0.3197287932546029
0.3185139257097028
0.3165894626704571
0.315001954031831
0.3138101105197383
0.3119110359200509
0.3110187257409106
0.3104000599546826
0.3099857513157766
0.3088857268126415
0.3071603099271009
0.3055032415625888
0.304456016810312
0.3037829088004971
0.3025471909562668
0.3018030812827081
0.3014636871449204
0.3007779814542313
0.299922355250529
0.299169496096058
0.2987707070584443
0.2986306494540374
0.29832135684138
0.2979747093958776
0.2973425709746064
0.2971264166146571
0.2968693309430893
0.2964939243879313
0.2963241133112656
0.2962222188765216
0.2958801252108572
0.2956831077157367
0.2954468871483143
0.2952450233544727
0.2951594624636054
0.2950691665036896
0.2947796321590966
0.2945817049427387
0.2945109526575467
0.2942826513799311
0.2941412535632388
0.2939861256891979
0.2937920132761989
0.2936970481581451
0.2936659457312352
0.2935143268709027
0.2933970571152152
0.293361052366476
0.2932292295308056
0.2931783420280907
0.293108883769555
0.2930434587366718
0.2930127037419759
0.2929503055852541
0.29288813578446
0.2928203438529279
0.2927765920841498
0.2927455746691802
0.2926320319949854
0.2925139932630359
0.2924623549284084
0.2924309007041406
0.2923542833310801
0.2923052335530261
0.2922527983093466
0.2921405391939579
0.2920898621514065
0.291916911849479
0.2917374393129691
0.2916439254627987
0.2916309089734234
0.2914955104342768
0.2914560954824869
0.291421210823311
0.2913601377600572
0.2913080564554046
0.2912626924380128
0.2912214973037923
0.2911107703333942
0.2909625747556989
0.2908373611952652
0.2907376548925319
0.2905792265160392
0.290458253717147
0.2903870920978616
0.2903567720301226
0.2902366043670626
0.2901861144669047
0.2901591074475015
0.2900921868850681
0.2900139911360377
0.289943245632385
0.2898824314620266
0.289811721643016
0.2897333696817972
0.2896507589681045
0.2895724644936058
0.2894463441449741
0.2893254640983376
0.2891722030841533
0.2890597380788772
0.2889479312772709
0.2887831622006203
0.2887309273770376
0.2886644954446157
0.2885969827567323
0.2885352983121604
0.288404435618018
0.288282440859402
0.2881661403234089
0.2880285975231159
0.2879234499864991
0.2877831551644648
0.2876601746837676
0.2875647979187446
0.2874497877085951
0.2873304012433797
0.2872025208642439
0.2871295129884672
0.2870363874140716
0.286947208396158
0.2868588611163847
0.2867826575360719
0.2866816806692349
0.2865965225476241
0.2864982947655073
0.2864400575712
0.2864127341791515
0.2863212758422954
0.2862845701149213
0.2862624083960384
0.2862461559391668
0.2862065337107672
0.2861604711414463
0.2861199627278906
0.2860704963000776
0.2859490020269829
0.2858545665098419
0.2857265491947165
0.2856707404547311
0.285603384856083
0.2855304510405867
0.2854643199211022
0.2854114702993848
0.2852977166666374
0.285144338832275
0.2847218954060151
0.284527266451316
0.2839395770808317
0.2833985752254891
0.2830970871180667
0.2823440903571583
0.2817221262681809
0.2811609051139793
0.2806543066119612
0.2799245268560554
0.2794777233320049
0.279214292887806
0.2787784527105342
0.2785018659618371
0.2782576276209174
0.2779408104312353
0.277733499908038
0.277447488341888
0.2773143202027202
0.2772354434094014
0.2770302579668543
0.2769293477909903
0.2768159429154912
0.276707080378547
0.2764619820791322
0.2763612497533847
0.2763430332620574
0.2762170532030547
0.2761337283047389
0.2760666537007183
0.2759824040441823
0.2759428391891147
0.2758470065682276
0.2757464450460264
0.2756544833504085
0.2755548924832787
0.2754274354354415
0.275378799960412
0.2752747701087101
0.2752170759478821
0.2751456632283696
0.2751213382259496
0.2750622544941428
0.2750287542795435
0.2749591300511207
0.274857069826299
0.2747853207587863
0.2747484658276357
0.2747035809572975
0.2746504941642702
0.2746066927210226
0.2745469418099974
0.2744967855460946
0.2744508684567737
0.2743308553555763
0.274288904680438
0.274139471348919
0.2740563489201331
0.2740201570708339
0.2740084115516228
0.2739534472557101
0.273905615486593
0.2738802987062643
0.2738334975728124
0.2738070676750614
0.273734557449326
0.2736606327699649
0.2735955723989412
0.2734638644590752
0.2733266880540857
0.2732383565065377
0.2731201041292362
0.2729868430501253
0.2728727722802564
0.2728009476113963
0.2726998628036621
0.2726273210943886
0.2725799035014825
0.2725561323048378
0.2724820733542365
0.2724478647965761
0.2724160658092997
0.2723456700697342
0.2722885270975692
0.2722474122216449
0.2721595896310882
0.2720659456203787
0.2719066494759257
0.2718104357953615
0.2717291477054954
0.2716767653052582
0.2716512587136943
0.2716188618226547
0.2716016393884163
0.2715654924583936
0.2715157030461667
0.2714740698793164
0.2714435490913944
0.2714171572617162
0.2713344783663684
0.2712529866302651
0.2711453152509738
0.2710995818031676
0.2710542381529929
0.2709971404931465
0.270967500461133
0.2709232239061955
0.2708860534190226
0.2708437484228065
0.2707907090675439
0.2707684776225913
0.2707218095819501
0.2706933897493737
0.2706609752967338
0.2706407923230688
0.2706161883176821
0.270574278037187
0.2705677592752463
0.2704663358642245
0.2704409589629753
0.2704262986362553
0.2704146751672192
0.2703918366246805
0.2703641302445441
0.2703348425895753
0.2702767425948218
0.2702336670518556
0.2701166251692828
0.2700298376112305
0.2699026627284167
0.2698126618983141
0.2697227251677733
0.2695919192854446
0.2695458701107819
0.2695078700045168
0.2694554790844188
0.2694021330989178
0.2693590238551168
0.2693286642834117
0.2692664428689406
0.2691845362506865
0.2691279078229293
0.2690995259596942
0.269064156730882
0.2690450257700181
0.2689954979258197
0.2689313753571035
0.2688142851195243
0.2687261512276639
0.2686057661887775
0.2684589678380972
0.2683904724683172
0.2683442948765041
0.2683126912487754
0.2682298770079552
0.2681819063232834
0.2681589762822236
0.2681047163092541
0.2680671595740307
0.2680518975128952
0.2680231471286764
0.2680091383151897
0.2679451514255583
0.2679148020201783
0.2678789514360562
0.2678047942990683
0.2677590536535699
0.2676607850102346
0.2676219163157441
0.2675656214887552
0.2675387308695998
0.2675044580617661
0.2674663785305806
0.2674453466404447
0.2674361989212489
0.2673787461030513
0.2673320711455353
0.2672941182648285
0.2672243626345748
0.2671581990652621
0.267139170610167
0.2671236842107889
0.2670849770923451
0.2670363267161588
0.2670170539036364
0.2669790206062255
0.2669399917841616
0.2668891159047177
0.2668326565966433
0.2667879431052186
0.2667305576709228
0.2666818910843312
0.2666272783817457
0.2665896268034094
0.2665411478933639
