2.31028956686636
2.302831186197511
2.290827906242874
2.24174898607135
2.108637243479607
1.751779270410784
1.550885963718686
1.368310964161132
1.259616103284427
1.245159561210128
1.093398842520273
1.039057574069633
0.9913676432376465
0.9173501306230245
0.8789746382555367
0.8425214808160865
0.79726858499567
0.7933156635478377
0.7739352738968134
0.7446999679460882
0.7167275833198085
0.6903613184837482
0.6780775170907364
0.6499650128492682
0.6327295279018615
0.615430283607669
0.6030373552182215
0.5968371422284198
0.5955564659021795
0.5919863208959871
0.583053969675839
0.5765638778688223
0.5742703629175374
0.5714473838605603
0.5632990959318175
0.5561048007766811
0.54839041165071
0.5440296733358417
0.5430481454063222
0.5423095326770885
0.5416565363642468
0.5403104604294524
0.5371342606513919
0.5347810460740126
0.5307579410881611
0.5282568613334393
0.5251331363817544
0.5230236520737003
0.5212271929107313
0.5188307507227289
0.5154008475105769
0.5132196407046861
0.510749452240985
0.5089100567031029
0.507014392341169
0.5048676707463058
0.5028382723707099
0.5026887161234881
0.5004583037891895
0.4987431293436898
0.4967724431286866
0.4947618034246749
0.4924830787420129
0.491330731696689
0.4888961317939137
0.4879054929126029
0.4865348088315435
0.4858880546856585
0.4851374739152126
0.4839369465020939
0.4823173672364584
0.4807535702730695
0.4787418842482395
0.4767338390822402
0.4747983606579561
0.4745955462624389
0.4735048433248957
0.4733043588461781
0.4721463578464215
0.4709821658755774
0.4696977265755031
0.4684523569232303
0.4671842257532778
0.4655341009392948
0.4641030312363263
0.4628876942456771
0.4612603043135222
0.4606177884755336
0.4598138889596199
0.458494765754259
0.458184102104505
0.4581028814177495
0.4575777245687732
0.4571183873681571
0.4562258557438398
0.4547596608724253
0.4529063903966991
0.4523463450059538
0.4513727929039165
0.4502674752278497
0.4500567417649871
0.4497287356200881
0.4490969029906266
0.4481852384094344
0.4470155946336075
0.4455793570884445
0.4445432755224743
0.4439456266742374
0.442795034070513
0.4424116598607863
0.4422540494150251
0.4416623497119225
0.4406771961831935
0.4397092676361049
0.4387434843083277
0.4382034054449345
0.4379042381549344
0.4374373688260547
0.4369978009254806
0.4364888067291151
0.4363706685950301
0.4362057213195597
0.4358703166307553
0.435557597907368
0.4354431122583934
0.4350360126015078
0.4347818434032633
0.4343189684187742
0.4341148092905165
0.433840998229128
0.4336098494575726
0.4333121110236202
0.4330334829179959
0.4327799164553442
0.4325526970653688
0.4323686851819191
0.4321201859233815
0.4318529430443724
0.4318315985013702
0.4315934663987346
0.431291864530344
0.4309730294202139
0.4307624474311732
0.4306128773114994
0.4305105976275283
0.4303535566586594
0.4302863908285478
0.4302271582815031
0.4300626822603931
0.429955859559958
0.4299097299465534
0.4297946571038894
0.4296439839428235
0.4295465389800593
0.4294286826491607
0.4293502328581489
0.4292570053441335
0.4291513384715253
0.4290762385666747
0.4289692593932328
0.4288415526163449
0.4287906824774356
0.4287613307754118
0.4287000240097269
0.4286457638886255
0.4286192171701704
0.4286080751647513
0.4285258750503116
0.4284611259007702
0.428411225323674
0.4283521183599037
0.4282765514032772
0.4282179907091238
0.4281695098073222
0.4281166591183076
0.4280567324381258
0.4280059031334554
0.4279333772901496
0.4278430599959556
0.427763788120637
0.4276622453498916
0.4275678451406285
0.4274800133941404
0.4273545412257111
0.4273044200650271
0.4272247833557272
0.4271743872911969
0.427115125514549
0.4270335617863846
0.4269996772629121
0.4269719337207371
0.4269237054972579
0.42687448266168
0.4268477310123105
0.4268154590054166
0.4267711946202925
0.4267243927295665
0.4266779148979515
0.4266281530794986
0.4265735848660894
0.4265226588167538
0.4264817658523901
0.4263921672682169
0.4263230794766293
0.4259867174462059
0.4256313430985376
0.4255460557489015
0.4254516780433187
0.42538746415016
0.4252683678105368
0.4251598105418654
0.4250511991435237
0.4249917449649434
0.4249472722419535
0.424895504184269
0.424839683080097
0.4248157091087263
0.4247654535642218
0.4247479126639641
0.4246598531138941
0.4245523600145835
0.4244633172333288
0.4243909028933269
0.4243011494915139
0.4242309589321968
0.4241565999342034
0.4241198621621272
0.4240851241863516
0.4240385067771745
0.423946317920866
0.423927229466644
0.4238854216091396
0.4238446832307006
0.4237726735626892
0.4237326752700459
0.4236829501835437
0.4236300767923696
0.4235982168378135
0.4235440746014964
0.4234933061773317
0.4234377936400022
0.4234096065992174
0.4233779543291346
0.4233552522121394
0.4233173460326851
0.4232571770025262
0.4231767662251261
0.4230598065613094
0.4228903494783393
0.4227402041926441
0.422698252247227
0.4226295274808178
0.4224264285452499
0.422290141076302
0.4221075997391918
0.421954519752096
0.421849466666261
0.4217898684329953
0.4217231424105919
0.4216857076120824
0.4216559239146606
0.4216199786968469
0.4215259287704681
0.4214797609796135
0.4213762419398029
0.4213231283526832
0.4211097348932366
0.4210696618800343
0.4210425930648959
0.4209607137749073
0.4209406071316937
0.4209062301905813
0.4208720012007323
0.4208425926749759
0.4207628883729934
0.4206896365311145
0.420633908162909
0.4205633292842588
0.4205154054799102
0.4204763707117451
0.4204217223314554
0.4203870399219182
0.4203242777114059
0.4202510128314165
0.4202277514053382
0.4201704352355982
0.4200860705201892
0.4199993800109384
0.4199618561261894
0.4199341129453682
0.4198833614471839
0.4198529119062573
0.4198257928575282
0.4198006506374148
0.4197492190564702
0.4197192911274639
0.4197072743823502
0.4196853309067525
0.4196626975287816
0.4196430407631114
0.4195400095471933
0.4195232707568123
0.4193984440253695
0.419360453760741
0.4192927102932716
0.4192717752936003
0.4192481006600905
0.4192120819987822
0.4191816358706997
0.4191552607995175
0.419051897778515
0.4189602079903369
0.4188439144088241
0.4187672584258258
0.4186880757406186
0.4185904219962642
0.4185042621018067
0.4184056673973623
0.4182519826767976
0.4180495445033161
0.4178756751242189
0.4177619372377393
0.417727752964402
0.4176332279398814
0.4174685032159668
0.4173915740682511
0.417371764346409
0.4173263994667852
0.4173186107623776
0.4172820452689643
0.417257505306451
0.4172352270535442
0.4172166593658038
0.4171564333538021
0.417128886870451
0.4171073935187641
0.4170698746260826
0.4170258935813579
0.4169932018365017
0.4168901820152928
0.4167740840831516
0.416697839229749
0.4166716110983107
0.4166278646918191
0.416587930549011
0.4165568648663786
0.4165072384730903
0.4164936727035903
0.4164567995189281
0.4164215208027692
0.4163333990224275
0.4163082538020042
0.4162535960673665
0.416143048298554
0.4161102303170027
0.4160879074362633
0.4160257795140458
0.4159882293885639
0.4159701544867549
0.4159303590765854
0.415885029045392
0.4158385112688204
0.4157455742688896
0.4156126839549977
0.415554464676376
0.4155413186017764
0.4154154558764455
0.4153870996438759
0.4153599004709783
0.4153184624839055
0.4152897726517307
0.4152854229372993
0.4152615568545738
0.4152349016768138
0.4152113871811765
0.4151936496471052
0.4151644580659127
0.4151399500702635
0.4151280025034794
0.4151085636928139
0.4150347835379303
0.4149579503874942
0.4149160237967989
0.4148526786668253
0.4146657065780835
0.4144955856321152
0.4143993621577885
0.4143086534273498
0.4142093892483029
0.4141325594839675
0.4140699722504611
0.4139981333225254
0.4139474225899288
0.4139024439843335
0.413858213359043
0.4138330918640792
0.4137911496557933
0.4137504188738995
0.4137177850731747
0.4136906291460584
0.4136476742136743
