2.312600510053048
2.3040593493698
2.295024325371497
2.285693188286576
2.155064605148905
1.989930222576752
1.770920235981818
1.539297660705795
1.415154867054344
1.326227102596368
1.227890485534094
1.150219790100183
1.094070784571582
1.066106017247205
1.010032103078415
0.9608888448101109
0.9338172595145959
0.911905710141067
0.8883251851068599
0.8716307165207544
0.8565315639280883
0.8458829470131403
0.8188379425612149
0.8030279720686875
0.7947652199881202
0.7759263141621273
0.7586288569285503
0.7326905094885371
0.7154330757237837
0.7033676483599447
0.6977983970133507
0.6940341805949851
0.68663763197259
0.6661771399107093
0.6564813548044784
0.6385042667346612
0.6271052863772666
0.6141367433972931
0.6045816506643125
0.6017276343844409
0.5944387867446536
0.5873484234321218
0.577917054020474
0.5733027450650456
0.5729012443431136
0.5698652272932418
0.5656136248523422
0.5598105817952471
0.5551434906258199
0.5520481759659184
0.5480667253380149
0.5446105317747756
0.5403585208806828
0.5367238398573897
0.5345193214301756
0.5302514232988533
0.5288166550929283
0.5285097405875082
0.5269230169817226
0.5248532052413838
0.5236379329320248
0.5218014316609565
0.5202005304777668
0.5194965440352151
0.517514611303164
0.5151023030818049
0.5136103866719283
0.5114775239835854
0.5103114893162237
0.5091135713783999
0.5082579103134742
0.5075870694238112
0.5065083918549104
0.5061588016087261
0.5046740803821187
0.5028818048163726
0.5010680236677488
0.4999005260713271
0.4997507997238372
0.4990592067837585
0.4982351393668003
0.4977419948219796
0.4974662304946723
0.4966301016698511
0.4957816467802638
0.4945451263464876
0.4938730834956657
0.4932925915886119
0.4927512109881001
0.4921100447374372
0.4918808482983557
0.4915531289939432
0.490980105471832
0.4905757914903994
0.4901088545453062
0.4896109105395114
0.489334334080189
0.4887533175231428
0.4883661528892764
0.4881653134012259
0.488066640996607
0.4875639248520695
0.4871944591428514
0.4869657149648532
0.4867426528887352
0.4862725789886673
0.4861159620169828
0.486002925845863
0.4858442789935268
0.4856955432012373
0.4855598667942498
0.4854321742057159
0.4853308581845343
0.4850255305326027
0.4849148982060962
0.4847933785302198
0.4845306412316125
0.4843734558937359
0.484023401304276
0.4836368029325203
0.4834093671207338
0.483300315126884
0.4830812947922088
0.483011313316221
0.4829536321776817
0.4829136070426644
0.482814631127612
0.4827261504164692
0.4826416749019651
0.4825558981673107
0.4824973523040429
0.4824792881127314
0.4823847188897837
0.4823528434412577
0.4823045401574791
0.4821999839570596
0.4821148102275998
0.4820329459806328
0.4818394415603072
0.4816597247790463
0.4814520798406225
0.4812577156572204
0.481043760184506
0.480790390597608
0.4806930713276359
0.4805559327938886
0.4803738882947827
0.4802665767972655
0.4801626641148639
0.4801117842651124
0.4800389289345851
0.4800111309235591
0.4799566944252232
0.4799116056042267
0.4798401595403459
0.4797802326429205
0.4797044804196918
0.4796785383811107
0.4796576111088473
0.4795566258280838
0.4795343311112101
0.4795044332650016
0.4794668220047159
0.4794334528548799
0.4793365806229286
0.4792221074841537
0.4791109781527468
0.4790430855136524
0.4790183813163499
0.478933006615589
0.4788980625217213
0.478879157207606
0.4788702766580048
0.4788271048466711
0.4787886981755018
0.4787459861379927
0.4787003274374586
0.4786399766587024
0.4785964719503729
0.4785282689880148
0.4784756380443235
0.4784197885466672
0.4783656696348427
0.4783233520118254
0.4782639060195539
0.4781201344606705
0.4779386240686336
0.4778412342757707
0.4776390318565077
0.4774701314394852
0.4774060118805315
0.4773350061153432
0.4772962391288271
0.4771989961982736
0.4771365763941383
0.4770321616573886
0.476895138559576
0.4768353206474378
0.4767220252861505
0.4766599171124885
0.4765976689596584
0.476544661147854
0.4765068844956203
0.4764495189749468
0.47638665259387
0.4763284470540724
0.4762845065717601
0.4762277112599959
0.4761561388086559
0.47610553446476
0.4760415694907951
0.4759961851602618
0.4759361552195323
0.4758722522012515
0.4757969145463176
0.4757464026050257
0.4757189928479024
0.4756843339862103
0.4756555209022253
0.4756221424306368
0.4754517011660869
0.4753655801846837
0.4751551724951809
0.4749722782620605
0.4748406559376824
0.4746302718968484
0.4744768778628421
0.4743561549771854
0.4742106165327286
0.4740935798250309
0.4739600145333538
0.4738678755343609
0.4737011287847924
0.4736138026731417
0.4735416902577004
0.4734825884466425
0.4734289169313957
0.4732966072931562
0.4732729996913099
0.4731534913177072
0.4729800322227647
0.4729187610761313
0.4728678891027224
0.4727688150313153
0.4727072768473689
0.472649849733772
0.4725978957206588
0.472534720515549
0.4725106695604131
0.4724732530596442
0.4724517328595916
0.4724253027840695
0.4723829493176861
0.4723620965772372
0.4723481955107463
0.4723310914076414
0.4722910084879695
0.4721728963487761
0.472046757773217
0.4718479958384459
0.4717932641417769
0.4717087854401552
0.4716423200632687
0.4715787336008241
0.4715315535573705
0.4715059731932267
0.4714588601701684
0.4714066573402371
0.4713259698157737
0.4712918870996583
0.4711619047668397
0.4710601091823425
0.4709763169380788
0.4708891512900183
0.4708402443091708
0.4707818179829882
0.4707436733445101
0.4706939527143226
0.4706319658724648
0.4706150020010016
0.4706039567180558
0.4705708426737838
0.4705463585004546
0.4704883929984253
0.4704564188279485
0.4704158982090011
0.4703697079324947
0.4702783774142603
0.4702512781234028
0.4701441525315114
0.4700677022915233
0.4700450406070954
0.4700141040816051
0.4699974253977284
0.4699621446123921
0.4699368598925022
0.469880457120364
0.4698209899053115
0.4697622637482538
0.4697260559292631
0.4696821954239691
0.4696180807837963
0.4695587177449421
0.4694633019537085
0.4693905150217589
0.4693011806005352
0.4692460908093019
0.4692382745590665
0.4691762706590901
0.4691561495030446
0.4691284376582504
0.4691001523775599
0.469057856583827
0.4689039280790991
0.4688870656097405
0.4688390275039853
0.4686781069657784
0.4685964145070217
0.4685260395291478
0.4684964960124015
0.4684535358091937
0.4684383613606959
0.4684212081233886
0.4683821956509877
0.4682753623232235
0.4682380141646392
0.4681811429749564
0.4681343586344998
0.4681100616838904
0.4680861463619504
0.4680344318463306
0.4680276394970108
0.4679943739387292
0.4679601950850604
0.4679204180312754
0.4678667327144415
0.4678227752682433
0.4677724521209198
0.4677293975888823
0.4677126489409029
0.4676641122332164
0.467625125057497
0.4675987631066393
0.4675359165132387
0.4675002528135881
0.46748743174663
0.4674752248732243
0.4674575275279288
0.4674299099305711
0.4674230340662882
0.4673656503840343
0.4673384210900091
0.4673217917471699
0.4672848947152882
0.4672622422382713
0.4672428348671661
0.4672122314262994
0.4671929737232267
0.4671825219539384
0.4671272685194257
0.4670905533961798
0.4670670189214981
0.4670243134483104
0.466978034408864
0.4669395575161783
0.4668472276409467
0.4668097079816321
0.4668025346407961
0.4667815238562204
0.4667501609672722
0.4667289363410705
0.4667002768141416
0.4666695446294439
0.4666462213154023
0.4666164059608311
0.4665755874926036
0.4665470107322572
0.4665147376688469
0.4664745269596807
0.4664508913830687
0.4664407333516056
0.4664244483083881
0.4664130650518782
0.4663983638926933
0.4663875278608207
0.4663733189923457
0.4663498958227166
0.4663253013717823
0.4662511660953002
0.4660309328249368
0.4656696148797261
0.4655334157008344
0.4651957180795473
0.4648904760548465
0.4645074433179285
0.4643890333885693
0.4642196910789675
0.4640196169346626
0.4639681425370427
0.4639038022462463
0.4638713265487642
