2.3441471350629
2.298926608113649
2.291233587276125
2.235277098987437
2.06442388565477
1.766025146635666
1.47653706132825
1.291523734189661
1.16721929419355
1.009691971777572
0.8494067094390634
0.7918231021557697
0.7422325407444093
0.6884083637619959
0.6635957870624682
0.6450928787724292
0.6108280956135329
0.5881551139962263
0.5640506294244517
0.5519539265737109
0.5433274037764083
0.5364159673420437
0.521810156172855
0.5076305326234359
0.4983009152551707
0.4849914105168203
0.4742618872416955
0.4680921529223787
0.4621217698055318
0.4548887852626013
0.446366115624253
0.4420202595943757
0.4403479245553686
0.4349641878346758
0.4291100157504852
0.4253785939658936
0.4215580128485475
0.4174270246099465
0.4117045818274914
0.406617409676635
0.4040615359777024
0.4030793932686353
0.4008457931627947
0.3950154360610488
0.3925386094773784
0.3905542069166849
0.3875501184064063
0.3834876486464316
0.3797318819468734
0.3760687793449282
0.3743609519654888
0.3740877028316593
0.3716347554770379
0.3665765498179975
0.361490701859408
0.3608590143668714
0.3601474082514438
0.3587147736106736
0.356692712413673
0.3535991041298184
0.3507510244570731
0.3480648350267348
0.34672774622489
0.3454801374874908
0.3431499744994213
0.3408485123997245
0.3390705584730292
0.3382222299123585
0.3366772907681408
0.3341837242919183
0.3326061998130608
0.3314719001059426
0.32925103075975
0.3285538304051142
0.3263521551976803
0.324852147965618
0.3241878866606966
0.3234596212489832
0.3227880311169179
0.3214770853238739
0.3195637175409352
0.3188214190195557
0.3183638346601038
0.3177999468997803
0.3167013247067367
0.3161878395168569
0.3158273158762841
0.3154473677190499
0.3141678104798137
0.3123996634042903
0.3108791656320613
0.3107064380606651
0.3103262771783109
0.3092858713934417
0.3087582251279199
0.3083204078653813
0.3075500286742194
0.3069737892371011
0.3068397512836279
0.3060528426908783
0.3057569123646118
0.3050476295545017
0.3044766422951702
0.3040361996278118
0.3036325155737021
0.3031515972803834
0.3028093839031953
0.3024631056833652
0.3021970203044221
0.3019201451751411
0.3018073455876504
0.301567144543068
0.3014297443947009
0.3013172839294771
0.3012212355514198
0.3010214719636074
0.3009145947701787
0.3007996824428091
0.300667850160074
0.3005804210280015
0.3005086928195921
0.300453127412855
0.3003339119150866
0.3002350773184318
0.3001430899130013
0.3000331301307888
0.2999846613030727
0.2999752471129876
0.2998913332177877
0.2998421678891912
0.2997743663022323
0.2996451334950763
0.2995262750853608
0.2993301720255673
0.2992662651762681
0.2992452865981838
0.299193657232307
0.2991618472889664
0.2990695776387307
0.2989944674826889
0.2988946245290151
0.2987068200156563
0.2985562802015262
0.2983981701689243
0.2983365536391323
0.2982630668464066
0.2981846488602107
0.2980279143746816
0.2979539846006353
0.2978837311884319
0.297778466127238
0.2977108422691333
0.2976444936689723
0.2975437463435961
0.297491152999832
0.2974624725948991
0.297370282885113
0.2972818026049799
0.2971619629623716
0.2970653760602702
0.2969568675947646
0.2968884172187219
0.2968189950903964
0.2967107934802953
0.2966369478295121
0.2965804982304416
0.2965090597935404
0.2964370192937755
0.2963684125580436
0.2962911495484543
0.296213305374551
0.2961567484044175
0.2961256410250072
0.2960276366089186
0.2959861844570934
0.2959524246263268
0.2959249176409607
0.2958610815716329
0.2958019235225305
0.2957559835580523
0.2956921106812073
0.2956423700927806
0.295627121687842
0.2955853762608479
0.2954662799744763
0.2953034185670287
0.2951395460193891
0.2949904697527459
0.2948789912950404
0.2948028904213046
0.2946453790058894
0.2944898836756513
0.2943890660050595
0.2943232759388112
0.2942755182853999
0.2942169543133226
0.2941780640161096
0.2941318542782383
0.2941037244416439
0.2940888753249632
0.2940106334905665
0.2939668235365966
0.2939070556708012
0.2938825262812353
0.2937296067720325
0.2935786168149196
0.2933838512142429
0.293311924180515
0.2932253026699643
0.2931863124655627
0.2931647286762565
0.2930899154357436
0.2930652245230791
0.2930359729800056
0.2929916325598995
0.2929886017537737
0.2929207615796057
0.2929064279957162
0.2928713310268675
0.2927763996457114
0.2926814046197806
0.292580098436756
0.2924357564303868
0.2923427716271823
0.2922021229702934
0.2920914151366343
0.2920329509190455
0.2919452083905633
0.2918832746680383
0.2918335566348537
0.2917742130744259
0.2917368056865122
0.2917149632507127
0.2916385149040194
0.2915522449906476
0.2914100729614801
0.2912128571811115
0.2910584939461344
0.2909519548703352
0.2908813005652847
0.2907408785193405
0.2906785596470647
0.2906332695223973
0.2904823848911411
0.2904432702770245
0.2904205352555834
0.2904061585866212
0.2903665797665045
0.2903468991178768
0.2903274613558368
0.2902691187858356
0.2902385639738467
0.2901923173440915
0.2901302074588089
0.2901062485799293
0.290039921372984
0.290014352597353
0.2900010434362497
0.2899737277824492
0.2898928414307308
0.2898007549224587
0.2897006873426022
0.2896089396827852
0.2894871437550667
0.2894261590337116
0.2893908364144044
0.2892921151923564
0.2892338646304223
0.2891820709035898
0.2890466811786367
0.2889051311943099
0.2888304123994492
0.2887862543773447
0.2886737181775907
0.2886272376109346
0.2885937712961711
0.2885185575690288
0.2884665380834039
0.2884016633739769
0.2883653709117658
0.2883591658368894
0.2882942805961625
0.2882688826612528
0.2882498125522996
0.2882245796883881
0.2881992281406492
0.2881766404209462
0.288110176155103
0.2880458550000092
0.287999147353268
0.2879424308289901
0.287808926666359
0.2876527977477002
0.2875820175563947
0.2875485815565524
0.2874599310415034
0.2874303939938045
0.2874089614148506
0.2873438798988557
0.2872989826089235
0.2872738682539238
0.287202828417836
0.2871421312169213
0.2870690740556379
0.2870210793738136
0.2869773985379966
0.2868763129067937
0.2867918847562662
0.2866930724508159
0.2865763939718162
0.2865508879935553
0.286515986158736
0.2864817344840994
0.2864466268256055
0.2863897125786882
0.2863650329131633
0.2863447523186615
0.2862755595468782
0.2862262589280271
0.2861642708661448
0.2861219919213657
0.2860590953580305
0.2859571315807871
0.2858850326934588
0.285817682039871
0.2854873611212718
0.2853617009911672
0.2853069254645843
0.2852494121214594
0.2852109334793408
0.2851707087042194
0.2851244973855893
0.2851019354207354
0.2850741809940514
0.2850232077964794
0.284989297627404
0.284888108626046
0.2848516545260628
0.2848044266457237
0.284771698867773
0.2847471320046121
0.2847149016943494
0.2846933101205875
0.2846738001481251
0.2846017316254209
0.2844720771151505
0.2843333290445962
0.2841593103928072
0.2840700604734694
0.2840171249939594
0.2839639728841725
0.2839296584643538
0.2838998426537021
0.2838701548501257
0.2838270395946268
0.2838037063035095
0.2837802499422608
0.2837512168683199
0.2837389905141972
0.2836910819540996
0.2836450662615081
0.2836001256851629
0.2835637056094575
0.2835156568739893
0.2834638912953836
0.2834359986837479
0.2834200632863495
0.2834041683706391
0.2833835125828049
0.2833623188437776
0.2833153006618597
0.2832618750396814
0.2830941859489465
0.2829151626506293
0.2828837444470631
0.2828437067858687
0.2828045066326956
0.2827747923912278
0.2827416717177858
0.2826429017402825
0.2825745245300932
0.2825178429854699
0.2824591046618912
0.2823977689521696
0.2823485553303638
0.2822979629809218
0.2822284567471673
0.282200912447788
0.2821843760751163
0.2821770693293765
0.2821459527224893
0.2821265649235066
0.2820967986984027
0.2820833414763693
0.282063432630715
0.2820440941805878
0.2819933452702177
0.281832706561685
0.2817165146459726
0.2816740419217716
0.2815135401150764
