2.310232115792519
2.295809111241354
2.274050112866358
2.192272716160889
2.128160459972392
1.615894205470177
1.29784993739485
1.180637114669232
1.015804467743283
0.9676033840653655
0.9048321744239158
0.853259173787993
0.8055396825660902
0.7541417315841313
0.7127461920049987
0.6887107756576036
0.6510177621742479
0.629348022425832
0.5817435562822647
0.5673780112342734
0.5517787707108257
0.5206830957536362
0.5035267184442116
0.4923843601233936
0.4870985321501476
0.4786370691701983
0.4699248697408936
0.4623827910743566
0.4558856600189934
0.447871058250858
0.4405692396720329
0.4315460411876572
0.423872852639068
0.4203125763583762
0.4182816557387212
0.4096118181118692
0.3985271724005901
0.3922131749300747
0.3914016234953938
0.3888614659676093
0.3863015947180679
0.3815883019200675
0.3778376836002831
0.3734565213932146
0.3688433590250872
0.3648792981120049
0.3628318482488879
0.3597613957635988
0.3572582364523808
0.3550807201673462
0.3522018446658856
0.3504997146910695
0.3462899740117065
0.3437655415290313
0.3405396670259701
0.3367669981153097
0.3351116378137486
0.3342075485848302
0.331087511927254
0.3281354282383791
0.326263940731419
0.3259915823186424
0.3247224998912395
0.3212733752691616
0.318526215642217
0.3161864199745141
0.3138248901273978
0.3126815593496833
0.3123635942097183
0.3121513683826926
0.3105069507986121
0.3084315413313787
0.3067888921679854
0.3065955340400079
0.3063488960803875
0.3054311527147112
0.3043029256663203
0.3023912647157589
0.3012995476118946
0.3000405393470209
0.2986508454092357
0.2975567291929464
0.296813931738164
0.2957984311914721
0.2947111392902038
0.2937058848535193
0.2924215993351289
0.2918111668427813
0.2912816084790612
0.2902293185743727
0.2894136894097448
0.2888204353726552
0.2882506343454055
0.2872992947129644
0.2865606654181056
0.2862369003058804
0.2861468175307303
0.285363431681889
0.284797097467966
0.2847345132031901
0.2843733763898558
0.2840539224421752
0.2837084921484307
0.2836740745327925
0.2835947944665046
0.2832472325208413
0.2831299734746525
0.2830977874388246
0.282966941637041
0.2828877799602976
0.2827507966850623
0.282598362889052
0.2824427572517104
0.282394404943332
0.2823072651113511
0.2821882661620359
0.2821117102486005
0.2820526867609141
0.2819407983941057
0.2818183342475904
0.2817724889344246
0.2817430242820554
0.2816701687200276
0.2815715371708314
0.2815510013537346
0.2814524488108561
0.2814041571466412
0.2813741504718614
0.2813076432404051
0.2810963838094387
0.2808727164838118
0.2806819398478451
0.2805123696994396
0.2803160988869814
0.2800984834971947
0.2797995760737129
0.2795877260079745
0.2788428291432995
0.2786352322756706
0.2783876553918075
0.2779983314483637
0.2778260552065169
0.27759820110391
0.2773653563771248
0.2771252637466036
0.277015024961109
0.2769077155085742
0.2768342280065296
0.2767107406500479
0.2765768127705174
0.2764505186030598
0.2763483221780313
0.2762525234315079
0.2762039227264518
0.2761189138992855
0.275950558431882
0.27582503269814
0.2757688811252803
0.2756932267950247
0.2756376575925635
0.275567497405855
0.2755123150104131
0.2754427854280588
0.2752899868928609
0.2751922469925648
0.2749974229763816
0.2747844030022742
0.2746443228921623
0.2745246267570808
0.2742742441852256
0.2740995245372598
0.2740314053068287
0.2739439196406002
0.2738866511831493
0.2737885591254182
0.273697063941425
0.2736584324811451
0.2736073887204853
0.2735580018945556
0.2734825583432452
0.2734495629584145
0.2733482482259487
0.2733035138612182
0.2732767846857293
0.2731920395585227
0.2731617204210319
0.2731246967415042
0.2730548738608969
0.2729839835982163
0.2727412871920341
0.2725905265315174
0.2725150189464045
0.2723556899756772
0.2722898111712673
0.2722224342799415
0.2721607832876836
0.2720896652778303
0.2720303649767047
0.271961758502347
0.271904865154187
0.2718350698882782
0.2717639522178679
0.2717047605147999
0.2716357942679346
0.271463530324757
0.2713175346267584
0.271119211341816
0.2707352848003474
0.2703198101685101
0.2699766046137088
0.2694035456918823
0.2689496520338214
0.2687545585330225
0.268631939997033
0.2683873096580294
0.2682314772275218
0.2681608628557854
0.2680013405083096
0.2678275312182214
0.2677682436606092
0.2676790226630747
0.2675247122774757
0.2674587515226364
0.2673864411876054
0.2673156314844799
0.2672276505588647
0.2671598967297014
0.2670838260183776
0.2669978456098926
0.2669634925263898
0.2669183867953143
0.2668308951700245
0.2667667600839536
0.2667039555567451
0.2666210441006417
0.2665445136141911
0.2664963206705245
0.2664507121028665
0.2663766616788298
0.2663523740851715
0.2663102039399146
0.2662414074101096
0.2661383365530562
0.2659518175958765
0.2658298473083648
0.2656835857477887
0.2656188851127573
0.2655521263777428
0.2654110607678924
0.2653447441748157
0.265319385836735
0.2652458262224068
0.265159136955551
0.2650771018579365
0.264927166262226
0.2648013311855273
0.2646968247647801
0.2645441850381201
0.2644018967510052
0.264319039709317
0.2642576728309427
0.2641770493523122
0.264138966240389
0.2641023597502632
0.2640472956168952
0.2640036984508994
0.2639453754676427
0.2638993062588048
0.263864672713454
0.2638210033511683
0.2637299200528982
0.2636470976585155
0.2635378147221487
0.2635030192192037
0.2634778190064539
0.2634433135165628
0.2634125901885108
0.2633462300956765
0.2632567011904992
0.2630772346364729
0.2629685070545399
0.2628254542930561
0.2627714765301919
0.2627166914328466
0.2626633298803264
0.2625873910340786
0.2625442127890081
0.2625020459404308
0.2624669856803303
0.2624178984539508
0.2623868304329256
0.2623612449259717
0.2622715656313345
0.2622398560172912
0.2621746766952718
0.2620385585612661
0.2617142204392369
0.2614586989295358
0.2612694619774771
0.2610628013045425
0.2609384080617766
0.2607954817714631
0.2606429168980532
0.2605961756134141
0.2605582300066627
0.2605201995803507
0.2603977912945369
0.2603264865489038
0.2602482667770223
0.2601919307481734
0.2601416185189984
0.2600762022417354
0.2600488799173101
0.2600350165963958
0.2600164037447647
0.2599863248920973
0.2599190164539327
0.259790985891623
0.2597282850490148
0.2596793599098027
0.2595312798726958
0.2594574712925575
0.2594237175901952
0.2593438984145138
0.2593019251814784
0.259247725560572
0.2592223125859113
0.2592005096659901
0.2591505713033239
0.2591232173018828
0.2590955102905471
0.2590765494193753
0.2590151798960547
0.2589087843240288
0.258816651561779
0.2586813519393084
0.2585639231587191
0.2584731580425421
0.258356581734679
0.258296946535037
0.2582634764302718
0.2581851574644026
0.258142230759011
0.2580936708857021
0.2580568437922342
0.2580017127471325
0.257952384311225
0.2579106457789647
0.2578638516664097
0.2578141958973587
0.2577523100218846
0.2577375399558743
0.2576819039565559
0.2575963751929582
0.2575718529575906
0.2575542611582463
0.2575411092862414
0.2575109060562012
0.2574887081404175
0.2574705275320034
0.2574023761761811
0.257369616924892
0.2573465815064945
0.2572677874156135
0.2571977040631532
0.2571373381567295
0.2570757860598899
0.2568887102930005
0.2566685942945295
0.2566306814290094
0.2566016265950274
0.2565637865922087
0.2565312516199857
0.256485492319632
0.2564591079250222
0.2564250463870789
0.256396177132639
0.2563634244609257
0.2563195133162555
0.2562487481301695
0.2561834837818613
0.2560439942959439
0.2559393205986358
0.2559055651421145
0.2558671920037668
0.2558459340108553
0.2558250155713593
0.2557606871343686
0.2556298196957553
0.255520545154331
0.2553893473156518
0.2552651334496524
0.2551649534099694
0.2550665290860163
0.2549625978740951
0.254811081700726
0.2547664584903412
0.2547037093493776
0.2546595570144934
0.2546089156775804
0.2545505037160716
