2.32330060856388
2.299704929908051
2.290297593011554
2.231494426801887
2.15829902020179
1.799606753994835
1.50248469997732
1.345646836534747
1.220799821984563
1.052405392428271
1.010990701598015
0.9683879727000931
0.887108321839404
0.8621154009910849
0.8304668334241037
0.803843655087372
0.7757130849792645
0.7454468620128525
0.7141114177930282
0.6846425792876368
0.6555829646007952
0.6317676354060614
0.6077021275909258
0.5871933170997664
0.5635102964036044
0.5363202674625979
0.5154175134193314
0.5059902188550711
0.5004702272560537
0.4875418201494161
0.4748518674029872
0.465383776181465
0.4580296710161158
0.4556189071328714
0.4542493236969181
0.4499659499939273
0.4451445740471018
0.4410365147117463
0.437017127133165
0.433310914758628
0.4315114435384145
0.4281670286774016
0.4230950392223642
0.418516427080178
0.4133853427057181
0.4089289361612345
0.404677273313928
0.401995521633475
0.3976899107594592
0.3945705644732165
0.3897442995442585
0.3872722110895364
0.3848083594760084
0.3813566502389176
0.3785072257278901
0.3754960449332356
0.3734949349458992
0.3694973844793872
0.3671952435123076
0.3634600550665747
0.3615855327449172
0.3600944396341153
0.3572399263791825
0.3543266292590411
0.3519144210471942
0.3502142579649258
0.3485551743966296
0.3472069937351843
0.3448219909432926
0.3442913443857534
0.3438751171765549
0.3424048493264844
0.340775122297319
0.3393704866903027
0.3380916109787934
0.3377159921385045
0.3367415847674155
0.3359859690776738
0.3354490660832937
0.3336026859683436
0.3324184775674975
0.3320232039398189
0.3314043713408444
0.3299081408202079
0.3282695333146049
0.3274714298640351
0.3268091441052031
0.3265066317561052
0.3260728798378201
0.3250968051037261
0.3245447551448319
0.3245125453423894
0.3240671626184063
0.3236020205853601
0.3232881745220935
0.3231950750828954
0.3228491358997369
0.3226126867765961
0.322497876623826
0.3222996514302563
0.3221646559810298
0.3220765349415047
0.3218682361040405
0.321597020050259
0.32141053702364
0.3212702446977176
0.3210799246058035
0.3209951740491744
0.3209431772324491
0.3209035764065215
0.3207942550593
0.3206827051987947
0.3205487444913456
0.3203163409785825
0.3201322356686486
0.319800493982027
0.3196274765987615
0.3195265853926258
0.3194487829720487
0.3193890504230815
0.3192940319614274
0.3191755555054791
0.3190738999405333
0.319027608184366
0.318963638749773
0.3189131791415952
0.3188052789696724
0.3186883122955728
0.3184608521650715
0.3181791047179853
0.3180236736111792
0.3178458901453889
0.3176813995713638
0.317528196028251
0.3173885872108544
0.3172108524635074
0.3170325996116321
0.3169362974722107
0.3166863125604057
0.3165213924860379
0.3164276035839642
0.3163134032375323
0.3162065028410078
0.3160679928152897
0.3159995458464326
0.3159705420579915
0.3158719632734733
0.3158457829629802
0.3158141411420098
0.3157028179322469
0.3155381188625334
0.3154462046751648
0.3151282031673835
0.3150082374453625
0.314951856925667
0.3146482653837609
0.314528786732466
0.3144604612697546
0.3143802909040375
0.3142800051704353
0.3142397113004634
0.3141167450298665
0.3139717998176342
0.3138926676414274
0.3138517922565494
0.313801366516221
0.3137631800540985
0.3137213441810503
0.3135794274613307
0.3134550917331141
0.3133072080058802
0.313168523935804
0.3130580782786545
0.3129310509189418
0.312776361628372
0.3126450987359161
0.312580963672232
0.3125135437906138
0.3123653111549271
0.312143871420906
0.3120283421034853
0.3119963795761692
0.3119150451659784
0.3118806184036175
0.3118349680592019
0.3117907493541636
0.3116919452929323
0.3116316603515077
0.3114690655337994
0.3113582039248388
0.3113210318515301
0.3111437855638217
0.3110856152353839
0.3110563948149651
0.3109741211219607
0.3108692697271062
0.3108402311220235
0.3107793497732708
0.3107112434667895
0.3105720490463516
0.3104397661114745
0.3102664346910147
0.3101456728408713
0.3100080981404322
0.3098599224623577
0.3097857174309454
0.3097436741091846
0.3096812609682249
0.3096307698097319
0.3095728473679044
0.3095145598177696
0.3093596724719912
0.3092397966249362
0.3090777938949479
0.3089408364336917
0.30884617064942
0.3087986602039334
0.3086475593311518
0.3085302787952188
0.3084898673697392
0.3083619051718117
0.3083194946859379
0.3082595339908948
0.3082341171416202
0.3081549288852111
0.3081084711214029
0.3080970555537605
0.3079542355002651
0.3078993612351823
0.3078195105924117
0.3077574838934578
0.3077001160939474
0.3075663638385889
0.30744861327196
0.3073012932763654
0.3072536469168365
0.3071894984576153
0.3071524447232374
0.3071183001004128
0.3070404853527718
0.3070042840803112
0.3069576822520631
0.3069429365768214
0.3069216183001369
0.3068641317236915
0.306796195821224
0.3067357797431602
0.3066864613577425
0.3065734165211262
0.3064484590047329
0.3063308225043943
0.3061998163736047
0.3061401482167815
0.3060711391033393
0.3059473514794789
0.3058536095110828
0.3057218670935466
0.3055592049767966
0.3054549101118612
0.3053911381603963
0.3053551447153063
0.3053337794526514
0.3052841048787916
0.3052483119470065
0.3052047079618526
0.3051571399877896
0.3051225029915896
0.3050831662219101
0.3050124243730467
0.3049203220616249
0.304874987479586
0.304863854005754
0.3048183570852646
0.3048033656848578
0.3047949661511805
0.3047595990377475
0.3047341527904665
0.3046961167856288
0.304670142715576
0.3046536756304027
0.3046055760006375
0.304425040802641
0.3042300817154647
0.3039403495734955
0.3038440894384518
0.3035205753374101
0.3031650774907587
0.3030180846929352
0.3029924922756664
0.3028111106685397
0.3027059572686112
0.3026723759374553
0.3025902421654335
0.3025459580996096
0.3024909201457981
0.3023771946554637
0.302304812119874
0.3022613650141617
0.3021344837774947
0.3020767962162813
0.3020678440479889
0.3019872236845651
0.3019619828886418
0.3018848942243689
0.3018223348772313
0.3017548138745717
0.3016884188349903
0.3016473918956424
0.3015479456748313
0.3014707853645048
0.3013446709673677
0.3012937747270534
0.3012413597434608
0.3011982675786375
0.3011719642321067
0.3011381462801427
0.3011118739351709
0.3010871484628899
0.3010543982936511
0.3010200485866602
0.3009843981549948
0.3009483452227904
0.300884016811145
0.3008256251837568
0.3006650196728374
0.3004695150289767
0.3003631365486438
0.3002853897471815
0.3002368238811424
0.3002185689933365
0.3001965125893636
0.3001745385820352
0.3001404248083705
0.3001024325971656
0.3000644345413206
0.2999759696289798
0.2998436202255679
0.2997646637744629
0.2996768521660581
0.2995647818277425
0.2995102768961576
0.299478507612742
0.29937148907843
0.2993303843710682
0.2993047004455145
0.2992504755023558
0.299180022403659
0.2991541516848827
0.2991236966847275
0.2991081860097498
0.2990973030153577
0.2990395361780357
0.2989973940466711
0.2988929037296899
0.2988525392852432
0.2988021567502225
0.2987651247972893
0.2987191515899553
0.2986874861041397
0.2986449995331575
0.2986090644898097
0.2985861223627443
0.2985745251604788
0.298543779098642
0.2985268597128697
0.2985110243815737
0.2984351785412195
0.2983705169003058
0.2983467131925086
0.2983119926924198
0.2982823107906631
0.29826199438084
0.2982467382379753
0.2982052409071603
0.2981581737462805
0.2981314998663384
0.2980727165624436
0.2980003899670507
0.2979390804469186
0.2979132917065356
0.2978488474726445
0.2977678988651613
0.2976918157347412
0.297624731982704
0.2975486980054728
0.2974570499600911
0.2974336975257315
0.2974172377588811
0.297402582982903
0.2973817066696748
0.2973615701956022
0.2973479381557833
0.2973293388884818
0.2973169633933946
0.2972968898897843
0.2972853533422632
0.2972710732550223
0.2972157049840594
0.2971973162637427
0.2971548096075062
0.29710278116828
