2.317720841237946
2.301671749360565
2.289031144380159
2.205884959015804
2.091062420237116
1.964156568988502
1.887084405860838
1.781467875784091
1.700494196038813
1.600853801987399
1.506024119881829
1.429979328966129
1.356017560402861
1.283682797495089
1.202225170163219
1.134225635042641
1.080657997956081
1.011414416344054
0.9872095273126756
0.9811064829035623
0.9270041426205293
0.8987552625502295
0.8730951853381245
0.8686364314254452
0.8529512621310514
0.8367272546617441
0.8245014507852673
0.812547045915299
0.8044156883482735
0.8036773669834943
0.801332258074005
0.7939445296307445
0.7878611464222131
0.7836505504628442
0.7809517348220059
0.7802158065887358
0.7787766458290581
0.7769427271000957
0.7753300241728631
0.7724553036214955
0.7707362468074079
0.7697217515216186
0.7681104329540558
0.7658250236684974
0.7650424970218842
0.7620896360974894
0.7599188450516409
0.7585344713921858
0.7568890474845841
0.755201538007654
0.7542970147392016
0.7517609145229962
0.7502372292979601
0.7483639607143548
0.7425657942533288
0.7396856873802145
0.7353448553357738
0.7314679442086158
0.7311605763085831
0.7298676408025552
0.7268760029276087
0.7236456219237317
0.7221583199263995
0.7197998302182532
0.7140450867001682
0.7088604759967791
0.704125143495275
0.7005206540898146
0.7004513800951548
0.6996267642900882
0.6979380105289965
0.6959123539016652
0.6938935934702974
0.6917036600450499
0.6899946790835525
0.6886243478360217
0.6865651902914085
0.685496845933164
0.6846403665607617
0.6841258865471449
0.6835197399152276
0.6818368268209046
0.6803076975679822
0.6792866469720302
0.6789875317631964
0.6783241489817378
0.6776642969187127
0.6768261497708074
0.6764121870315456
0.6761322785842125
0.6752338569624238
0.6743220785355714
0.6738391602707888
0.6736218901671563
0.673153636603979
0.6724313207911158
0.6718603093602505
0.6713964141271318
0.6712303818134541
0.6703824040530654
0.6697956548191693
0.6696769833440773
0.6690051067086236
0.6686185531267919
0.6684413674193246
0.6682091417362555
0.6680127824526501
0.6678219776646376
0.6673397257802894
0.6672706132986559
0.6671453351330638
0.6669629653086937
0.6667123852357428
0.6664753240928316
0.6663028990601689
0.666060830688779
0.6659755847034516
0.6658707489662268
0.6658210669906854
0.6656140611374736
0.6654870279698748
0.6651979889229163
0.6649727729530718
0.6647135596622624
0.6645958947510052
0.6642727970377733
0.6641597388359812
0.6640933842837597
0.6639109996461794
0.6638119151046085
0.6637859500879301
0.6636027175910983
0.6635435411095055
0.6634098264558707
0.6632320288127301
0.6631143033737747
0.6630293484411303
0.662931461513008
0.6628645947230949
0.6628224836958359
0.6627598408852474
0.6627342445365517
0.6626960720463257
0.6626425130719353
0.6625749784660688
0.6624608445304218
0.6623486144571396
0.6621529077320677
0.661997509398948
0.6619403545271447
0.6617684568226739
0.6616900397773479
0.6616556271275316
0.6615300408033893
0.6614822087956589
0.6613645410657375
0.661251921363241
0.6611429315052357
0.6610825085587324
0.6609981153946005
0.6609219727975436
0.6608850990998593
0.6608562952969839
0.6607243534701913
0.6606295552001709
0.6605994674741256
0.6605505251262129
0.6605044714784077
0.6604810635089472
0.6604291876128673
0.6603725323873114
0.6602929360664759
0.6602240074310091
0.6601969071013555
0.6601362208966713
0.6600941032261248
0.6600356611249646
0.6600114568012516
0.6600033681935428
0.6599433124783618
0.6599060671449877
0.6598562066525465
0.6598125773984411
0.6597712180140575
0.6597272976242363
0.6596852838124329
0.659604979556014
0.65952616232624
0.6591331376933831
0.6587889926258846
0.6584611845909042
0.6583387924954373
0.6581715680562177
0.6579979090859799
0.6579375049489291
0.6578855798290125
0.6578613057086207
0.6578247545915549
0.6577872124278288
0.6577628455633638
0.6577313175860218
0.6577020722686986
0.6576392722776574
0.6576185716586058
0.6575985505396461
0.6574646836452214
0.6574005341759293
0.6573428977118616
0.6573098018248357
0.6572597130299269
0.6572177443436832
0.6571725953453339
0.6571341739159917
0.6570519703823697
0.6568684345439084
0.6566679734139503
0.6560463924548777
0.6551376716946532
0.6546318541913054
0.6540535183898206
0.6535679746083692
0.6529676289138822
0.6526529579883839
0.6525152891944612
0.6522339203706897
0.6520763501043373
0.6518748645692014
0.6517367757127358
0.6516255570809321
0.6514396180579625
0.6513508081104273
0.6513171900054175
0.6511800666479579
0.6511149538785824
0.6510709080028307
0.6510337866198219
0.6509528054738412
0.6508839033598161
0.6507678130007655
0.6506619942182489
0.6506300451364537
0.6506287231209124
0.6505617743111236
0.6504782020132347
0.6504104548300921
0.6503197519191793
0.6502729800893922
0.650195533853888
0.6499990399833813
0.649959335689383
0.6499060264678584
0.6498749940521784
0.6498436032990352
0.6497852302262785
0.6497275798284236
0.6497017418542855
0.6496288537830998
0.6495690492252257
0.6495197237493862
0.6494538033771604
0.6494150675433711
0.6493966407046583
0.649317706443126
0.6492932337686022
0.6492726831404007
0.649195201582481
0.6491245855267386
0.6490856275264211
0.6489110305334472
0.6487449205963635
0.6485349985450307
0.6484079574424957
0.6482728179829641
0.6481555330307105
0.6480730115584723
0.6479783463786315
0.6478847884330811
0.6478432544903475
0.6477796099728987
0.6477126171538029
0.647658080139269
0.6475976068573021
0.6475688801832816
0.647530721337217
0.6474930462113195
0.6474119801050628
0.647359486617776
0.6472766369814729
0.6472108142829461
0.647121293297912
0.6470963769669119
0.6470390578061967
0.6469972251665111
0.6469629693972699
0.6469134264358772
0.6468799708598106
0.6468412375663752
0.6467979877657133
0.6467708258572306
0.6467522948694303
0.6467042923644961
0.6466428226356501
0.6465846060280195
0.646551254581587
0.6465387535223227
0.6464924067716765
0.6464671963440993
0.6464585711460923
0.6464389650140322
0.6464165199073291
0.6463920025738444
0.646341354173398
0.6463108918318768
0.6461967125288761
0.6460627269743613
0.6460127491792436
0.6459903331563733
0.6459775753929492
0.6459556585501164
0.6459251998089079
0.6458943618244798
0.6458806227049281
0.6458789376656422
0.6458552628655638
0.6458291768837344
0.645822434961582
0.645802791950576
0.645724869600141
0.6456735288517702
0.6456073878894502
0.6453849217469321
0.6451964061603614
0.6450921380586281
0.6449972534930298
0.644886718190723
0.6447509623144286
0.644727564351092
0.6446686780366658
0.6446119392622622
0.6445599359554209
0.6444794876451794
0.644459784264117
0.6444397478748353
0.6443968516418193
0.644350220452746
0.6442888007348965
0.6442761968870644
0.6442572536341721
0.6442232560960051
0.6441930701796564
0.6441489827068544
0.644109629465313
0.644093285676233
0.6440715975221948
0.6440373768868179
0.6440052408401311
0.6439199278636868
0.6438009154961166
0.6437638387003382
0.6437314744173571
0.643715073026317
0.6436914015710272
0.6436677949988788
0.6436491486074374
0.6436313327325495
0.6435951422793743
0.6435432934261766
0.6435185251032983
0.6434841228909487
0.6434393062614581
0.643412073833376
0.6434049843098169
0.6433734435334586
0.6433595107245451
0.6433421956495492
0.6433212415442487
0.6433084703606278
0.6432989766560702
0.6432866794917071
0.6432301397812835
0.6432061266730636
0.6431836150592329
0.6430936179157349
0.6428615120717167
0.6427552145742492
0.6426036709378297
0.6421839663214108
0.6419949365227594
0.641911993338029
0.6416355497987579
0.6412758301869131
0.6411901306585089
0.6411426719123066
0.6411133044574147
0.6410814653161607
0.6410663683399019
0.6410627958586691
0.6410412473623216
0.6410263364612271
0.6410138642060582
0.6409709717103076
