2.348394060177975
2.304697180300403
2.299336160285925
2.276775478090191
2.262772021201415
2.183715362702944
1.878250863977671
1.580919108128515
1.256782355265592
1.164886213108734
1.108534782962393
1.046457482303796
0.9595479941784625
0.8713380892709811
0.8126847915561517
0.7753351982912512
0.7226505270396921
0.6820719705903779
0.6459250772728528
0.6167145795842363
0.5894091872614585
0.5446465811151431
0.5086107662238267
0.4772289753243227
0.4526554851247294
0.4325195945723543
0.4168098899465096
0.4089525779441036
0.3973391117483077
0.3847175325374063
0.3772846702456935
0.3673253677218185
0.3552577047048461
0.3429663095503808
0.3361198049082111
0.3255880555824079
0.3219602856863202
0.3154783451882087
0.3077859211546592
0.305293810277854
0.3032832177431938
0.300424366571328
0.2973455089907422
0.2965588750105662
0.2944715699689754
0.2896662704170925
0.2853318645028825
0.283415942639402
0.2820882156054598
0.2789531969859871
0.2757882843524898
0.2714007120669638
0.2688867188372975
0.267086324393427
0.2654551116225902
0.2652553407307572
0.263281236818828
0.2608501406389876
0.2590049733786876
0.2559044456664991
0.2553731362195461
0.2549267871335008
0.2538361869074559
0.2510900073872298
0.2487618812881623
0.2464576001044653
0.2454237751139297
0.2439189443326298
0.2411880779334876
0.2390673169080678
0.2370208216706774
0.2361542931619327
0.2359680527955332
0.2344613504625251
0.2329221623663117
0.2311848261565794
0.2293051069489438
0.2282332983730155
0.2263914777768676
0.2257506236821505
0.2254375928056961
0.2249460837962511
0.2241406821060104
0.2230915999519549
0.222067626564583
0.2210659701429225
0.2200822129054144
0.2193094919233898
0.2186443907693363
0.2180228812586024
0.2170947241056425
0.2165642838638111
0.2163686031364051
0.2154203079005203
0.2146876504161974
0.214114870275806
0.2136491507121767
0.2133510734760596
0.2128762562344215
0.2124095264821121
0.2120529221067149
0.2116537453437456
0.2113124322269573
0.2109850876157495
0.2106895687972893
0.2104853535798773
0.2102142401398366
0.2100793215406974
0.2099836136497816
0.2098336700189974
0.2097683930234134
0.2096885495194094
0.2096034321847184
0.2095277784769316
0.2093745534648885
0.2091598785672376
0.2090169676250123
0.2089022199694674
0.2087451170788524
0.2086507786452189
0.2085879305876484
0.2085008452750166
0.2084441738373993
0.2084040811845309
0.2083107016995297
0.2082263795206075
0.2081793406682517
0.2081430166132665
0.2080941523768136
0.208051306965872
0.2080012499530123
0.207896534956405
0.2077565224134323
0.2077194317513662
0.2074629046499102
0.2073020593105279
0.2072522149696764
0.2071967004068418
0.2071242709929976
0.207047728491243
0.2069826980253115
0.2069036731555995
0.2068145773651944
0.2067804049204062
0.2066883249612925
0.2065769710494796
0.2064838238745908
0.2064234638623858
0.206355164845987
0.2061905180777695
0.2060748457169224
0.2060266071611957
0.205853275124743
0.2057854777709756
0.2057113914882269
0.2056550342790846
0.2055772598378981
0.2054883322879932
0.2054354295955363
0.2053753516079979
0.2053093054021961
0.2052499135382763
0.2051770649064453
0.2051086250994841
0.2050422569563634
0.204915209434984
0.204769929218273
0.204396017851846
0.2041955298134641
0.2040190291240117
0.2038595981426075
0.2037334866471036
0.203499357759182
0.203361392477024
0.2032578950374669
0.203130065230541
0.2029723517746629
0.2028825104508747
0.2027676363387965
0.202653524033685
0.202580711526863
0.2025488810632622
0.2024585926772086
0.202408974964739
0.2023638806714937
0.2022934931484201
0.2022238461747141
0.2021826050433229
0.2021479968257082
0.2020865737996559
0.2020174235288825
0.2019820523207876
0.2019396652217916
0.2018979413115384
0.2018510787383043
0.2017910299142242
0.2017248210906363
0.2016728214210535
0.2015701001974019
0.2015170315019793
0.2013127576880626
0.2012433171070795
0.2012106304712835
0.2011671434381098
0.2011232058471201
0.2010795017437752
0.2009641056855022
0.2006830201999446
0.2004783871347755
0.2003125094509349
0.2002267375354492
0.1999255620443274
0.1995790562494504
0.1993266747247606
0.1989886813619207
0.1988776562012468
0.198751369685614
0.1986075873796906
0.1985121843508039
0.1984052550205946
0.1982653573407317
0.1982171050297084
0.1981880606736043
0.1981249827015868
0.1980687398969753
0.1980001047939005
0.1979436467432928
0.1978861874495981
0.1978193390608811
0.1977724147055058
0.1977157084294217
0.197596937416348
0.1975017356173648
0.1974655662518133
0.1974123654607096
0.1973689476333226
0.1973260625961566
0.1972382074950337
0.1971487598727408
0.1970390884504299
0.1970165620332206
0.1969921846699892
0.1969551396397364
0.1969324789607818
0.1968994869081995
0.1968440850826914
0.1967874149867238
0.1967123229918313
0.1966621258646645
0.1966246194383663
0.1965588907611341
0.1965101822579976
0.1963383397375717
0.1962335303466293
0.1960155764379484
0.1959278744878972
0.1958864687542891
0.1958309460908278
0.1957827098193405
0.1957353039343387
0.1956895619415179
0.1956005025913496
0.1955347998921592
0.1954590298563887
0.195380620321894
0.1952526335889049
0.195195021509604
0.1950454637006726
0.1949908453768254
0.1949345147722999
0.1948717834559632
0.1948150949529094
0.1947118739540016
0.1946261685722978
0.194561442702176
0.1945082098237392
0.1943803496927403
0.1942662784791954
0.1941620327059227
0.1940220194528144
0.1939577391087534
0.1938744656540288
0.1937911703786826
0.1937293379769542
0.1936843112584364
0.1936299880622549
0.1936085051210366
0.1935995609487489
0.193575226858565
0.1935551786170594
0.1935321240480379
0.1934507748430044
0.1933991043678112
0.1933520748220414
0.1932072446128613
0.1930788335112816
0.1929928983686398
0.192895631830017
0.1928403385495481
0.1927761504302521
0.1927227515910147
0.1926597380064617
0.1925922399786991
0.1925436138166756
0.1924881095028614
0.1923483424126725
0.1922580501368902
0.1921684481519141
0.1921147662128808
0.1920533994231222
0.1919920499880067
0.191957523835199
0.1918862669183081
0.1918047852337845
0.1917163656036858
0.1916826989208018
0.1916430414082767
0.1916091907195033
0.1915688482173334
0.1914554405276451
0.1913613143067781
0.1912659501829796
0.1912210711427822
0.1912025882630074
0.1911046245286389
0.1910629782456369
0.1910094541042278
0.19098488498521
0.1909515250276479
0.1909061238406214
0.1908514542423934
0.1907894550627442
0.1907564378574062
0.1907287583183435
0.1907062418738613
0.1906849662196393
0.1906489841144251
0.1906094075841002
0.1905681855797442
0.1905218511537729
0.1904820175432075
0.190436906303438
0.1903967608539432
0.1903734147906587
0.1903601210747748
0.1903074827257194
0.1902942944069196
0.1902853391125324
0.1902483926752548
0.1902184359555752
0.1901536368598042
0.190080794143005
0.1900149009197378
0.1899419829119976
0.1898212969401716
0.1898054500870921
0.1897247527867731
0.189660998126475
0.1896317890180944
0.1895970122542377
0.1895804834471021
0.1895469376221269
0.1895031870589328
0.1894613344163576
0.1894372231726482
0.1894327117188114
0.189402645477267
0.1893851609408621
0.1893802311703473
0.1893541479983977
0.1893388125628807
0.1893221521640168
0.1893058509957752
0.18924996517434
0.1891914115942267
0.1891361885547981
0.189071588697726
0.1889346401107369
0.1887590426321209
0.1886331109960173
0.1885931210280098
0.188564999491377
0.1884925978715166
0.1884319856492213
0.1884059557174865
0.1883790227990211
0.1883415466923067
0.1883100603456482
0.1882794729011508
0.1882255506195388
0.1881821407729179
0.1880548139055837
0.1880262761554522
0.1879975040954024
0.1879679383840576
0.1879377975146349
0.1879091234786791
0.1878754154366512
0.1878417072238038
0.1878157949504873
0.1877676146372756
