2.322411499497177
2.30172032951084
2.293117790419193
2.271182108754219
2.173852344438632
1.874947531424291
1.514407249647964
1.284434489531598
1.159985913810897
1.067895596281416
1.007726795321603
0.9613667922939177
0.919518231744475
0.8812749325887832
0.8371760259138447
0.7978638509881902
0.779013684825511
0.7599201428012975
0.7357573379267234
0.7086565707148312
0.6867822355772479
0.6775200588992161
0.6738478195835549
0.6589065122666086
0.6374492520693631
0.6233455460715406
0.6125485049470337
0.5999421457594301
0.588750837862523
0.5832025967688708
0.5803606577873911
0.5769091856048124
0.567400660725712
0.5563467226560274
0.5486043161750579
0.540604521159172
0.5319727543967103
0.5260938472092951
0.5162090567400023
0.5114635738727419
0.5017764823226655
0.4929673647677648
0.4882586495832932
0.4865924507532879
0.4817194558357837
0.4766588877935097
0.4713604856567625
0.4673742096125783
0.4658745270484876
0.4649263464361885
0.461862535359214
0.458382695843382
0.4549633443568498
0.4536223111357244
0.4521813598043401
0.4512696895905383
0.4487910567083055
0.4450457532231388
0.4422429369871431
0.4410529340725523
0.43904556658246
0.4372584222133478
0.4347909975630264
0.4319734692744989
0.4306883747600257
0.4301197168531689
0.4296155138037647
0.4287797241066779
0.4268546838478008
0.4248667049716835
0.423281777576762
0.421264674502815
0.4205269769819311
0.4192661854774588
0.4183604388981608
0.4177504048939712
0.4173202471042304
0.4169325944272222
0.4161093235364803
0.4144602043188892
0.4128775469054695
0.4120902330616801
0.4113708777956728
0.4105901671256956
0.4100115786059829
0.4088799024851518
0.4081159689431869
0.4076136437545983
0.4070972994307402
0.4064746913536597
0.4059928380140189
0.4056334195754047
0.4054400491995619
0.4048543659311686
0.404534275255755
0.4043431802034913
0.4041338936152317
0.4038437685435511
0.4036861230506573
0.4035401991782128
0.4033800426134332
0.4031597630197308
0.4028642046558673
0.4026889237669692
0.4025332115864539
0.402450812339977
0.4023562446740507
0.402192806088283
0.4021319298230553
0.4020820611546321
0.4019525924798086
0.4018252669943508
0.4017088648577979
0.4015913621150941
0.4015298848425252
0.4014524991258127
0.4012533334205519
0.401130987277755
0.4010639896162393
0.4008316888016672
0.4007618868635739
0.4007067783404206
0.4005916899065965
0.4005137564726421
0.40042512575592
0.400318749300228
0.4002448635897658
0.4001556319707794
0.4000614343718504
0.4000161175409048
0.3999700731657566
0.3999062443076865
0.3998287399097348
0.3997617172000413
0.3997070008604318
0.3995407466137238
0.3994244254160253
0.3992659876368194
0.3990660618275949
0.3988733154338306
0.3987074781702025
0.3985686558001894
0.3985043665687427
0.3984023384548431
0.3983566615070231
0.3982734317879951
0.3981763130358977
0.3980918674629284
0.3980101946809562
0.397937350039419
0.3978438300987318
0.3977289175466712
0.3976422112415919
0.3975422482562839
0.3974465210507346
0.3973785098669331
0.3972052201357704
0.3971154686496987
0.3970638603511722
0.3969817826703335
0.3968657418732757
0.3967729598540204
0.3967148162518833
0.3966429111604093
0.3965973713002177
0.3965394596761165
0.39647230600906
0.3964051882013348
0.3962756483303997
0.3961833255351399
0.3961244813153244
0.3959453185556921
0.3958809773555089
0.3958369373934592
0.3956988277345913
0.3956130801295888
0.395585689398026
0.3955208451160834
0.3954873198079802
0.3954494315966597
0.3954221693736616
0.3953822528562716
0.3953487886687488
0.3953088808389849
0.3952777370691586
0.3952572402538014
0.3952323957164373
0.3951918070747619
0.3951647623019535
0.3951406203221636
0.3950778232199146
0.39495676060615
0.3947259631093057
0.3945711420557973
0.3942486381001395
0.3938838291789792
0.3937042860691434
0.3936817771636423
0.3934096479933263
0.3932347000232657
0.393185015483478
0.3930743000643974
0.3930107352450354
0.3929186263404547
0.3928397771794981
0.3928017464374954
0.3927831223482009
0.3927090691133964
0.3926654686693099
0.3926204369280992
0.3925556305902546
0.3924972697081799
0.3924388737370621
0.3923844634298829
0.3923391146074531
0.3922724030125884
0.3921768311845742
0.3921388956933362
0.392089164277111
0.3920377710681638
0.391985448614924
0.3919031423355085
0.3918238780485015
0.3917750025021148
0.391732813366725
0.3916888864664028
0.391635470664441
0.3915931358378622
0.3915659461380399
0.3915398391204053
0.3915217298449815
0.3914653448106343
0.3914337686928485
0.391389897252646
0.3912766393401009
0.3912386644378198
0.3912137040288542
0.3910784468831557
0.3910354204640806
0.391010978707544
0.3909853713689587
0.3909226676669015
0.3908847373961775
0.3908062651492304
0.3907097832823159
0.3905567156337276
0.3904615146486385
0.390404619812873
0.3903584360605439
0.390315838697614
0.3902606924640069
0.39022960671855
0.3901967038595869
0.3901440276364243
0.39010023048048
0.3900823150772743
0.3900370795546649
0.3899936401559439
0.3899527018664146
0.3899230879821105
0.3898895842415417
0.3897814672448138
0.3896881040808097
0.3895715445770831
0.3894807578024904
0.3893153855176639
0.3892304757608609
0.3891887424649539
0.3891425689104883
0.3891092903459178
0.3890818692018392
0.3890215083835666
0.3889778400972223
0.3889546276790765
0.3888968047415484
0.3888835750137827
0.3888013557112562
0.3887062670944056
0.3886677263342573
0.3886187083524762
0.3885666666550134
0.3885068310723855
0.388447530907155
0.3883486770503422
0.3883253296483769
0.3881805791945365
0.3881351077448559
0.3881133794619351
0.3880625451510036
0.3880262919811981
0.3879895974443084
0.387920787844232
0.3878680069342
0.3877533077171244
0.3876509851613438
0.3876056224933734
0.3875599777154259
0.3874733431380513
0.3874458167994607
0.3874021198077112
0.3873624279274026
0.387334517349349
0.3872916471876076
0.3872540384138365
0.387221751690956
0.3871198366950475
0.3870384776969871
0.3869278689333692
0.3868329753169956
0.3867536435483627
0.3866594591530721
0.3866048523953126
0.3865410161618598
0.3864947626956554
0.3864278003073583
0.3863829735856155
0.3863171942583201
0.3862809528572241
0.386267608876698
0.3862347245501633
0.3862129418378737
0.3861658410121333
0.3861298644507353
0.3860933194453692
0.3859715775854846
0.3858572995458148
0.3857256575158818
0.3855998570686791
0.3853653466096524
0.3851862396894036
0.3849035214174419
0.3845870402158418
0.3844506738202569
0.3843565604693887
0.3842604098218952
0.3841043919637741
0.384020653411997
0.3839548127583532
0.3838990989434354
0.3838263173572656
0.3837334612237259
0.3836627254914268
0.383590994025848
0.383542471078601
0.3835033700973262
0.3834126957834705
0.3833380403952741
0.3832755434302549
0.3832284706374852
0.3831973904962224
0.3831488132388305
0.3831290327474423
0.383105852054704
0.3830803462705668
0.3830567129977362
0.3830402018263443
0.3830230124250611
0.3829674012005476
0.382943497268805
0.3829398848429089
0.3828946583898464
0.3828807587550723
0.3828707703952402
0.382864568568287
0.3828446154773212
0.3828337151586378
0.3828247415789884
0.3827982972000443
0.3827458487329033
0.3827045621622597
0.3826448092850678
0.3826032186564257
0.3825904473236839
0.3825594940363698
0.382501851906348
0.3824767828973691
0.3823703012907224
0.3823562810763092
0.3823338582046052
0.3823124240965045
0.3822824311959179
0.3822552984150562
0.3822390862495006
0.3822062129272958
0.3821255914230806
0.3820875937921749
0.3820482527766772
0.3820033120441096
0.3819819354392244
0.3819624399539598
0.3819386469233321
0.3819169231339955
0.3819015514046145
0.3818806743618929
0.3818201292576924
0.381805013772545
0.3817895713710746
0.3817709565222139
0.3817576214511348
0.3817237921724235
0.3815999206337857
