2.327156356059868
2.300693955071888
2.282608089055434
2.216071944394482
2.141723917253417
1.804700465385146
1.511663783453772
1.245829176577388
1.153646925904062
1.082255326189601
0.948890915111264
0.8632219622626814
0.8243321592862604
0.7779139577963283
0.7419995588107383
0.6890264108504701
0.6413957510815864
0.6078148670598882
0.5822653478319171
0.5634894784480049
0.5461726541095239
0.5302797935195629
0.5216182084120544
0.5136429613307507
0.4903177126050073
0.4735538116670654
0.4595619884203204
0.4489614803128326
0.4387710833025013
0.4315458845766708
0.4232306667978027
0.4165114947829987
0.4031050253396291
0.3982271151393477
0.3878270905845113
0.3773041556455063
0.373354735768948
0.3673749349956058
0.3670921268692718
0.3613832730755902
0.3544666510576825
0.3495129591082139
0.3447868379147631
0.3418612545244607
0.340021712962478
0.3394884956876694
0.3371512427061686
0.3334755849274995
0.3291425884520074
0.3265302638011042
0.3250368270847276
0.3243650622161356
0.322193693927875
0.3188939514065833
0.3143263268788564
0.3111380660990785
0.3098117164098537
0.3072756964626527
0.3067238470712629
0.3049408359507679
0.3027925141809184
0.2997158964030128
0.2968589728990907
0.2944981291203075
0.2927795910298656
0.2913011439570741
0.2890738940268915
0.2881806050554794
0.2867783550573427
0.284267015339764
0.2830583385306684
0.2816753164351969
0.2806230614611398
0.2794026335318858
0.2786194045601801
0.2771270441079326
0.275499520482644
0.2741003033498624
0.2729834565774381
0.2722444515793165
0.2709416283277926
0.2694590686855856
0.2683972208109887
0.2674214103031422
0.2666755704004732
0.2654645421129081
0.2642961165508558
0.2630444381714455
0.2625114156043614
0.2620141667299825
0.2610499622376099
0.2604261651509844
0.2598930932819802
0.2590262445074072
0.2586301563523916
0.258365531883484
0.2580896079333244
0.2579879844211725
0.2575765452956366
0.2569752155709248
0.2566804457411013
0.2565778815753698
0.2562026306077032
0.2559793307169202
0.2556865768561557
0.2555142079270691
0.2551614091596848
0.2549204171850348
0.2547317357279575
0.2546433032219494
0.2544786605453794
0.2542777238439503
0.2541798759822624
0.2540850865180415
0.2538558091920421
0.2537088206975306
0.253588494254664
0.2534283795265865
0.253314450602131
0.2531805576296141
0.2530696215840288
0.2529336863316089
0.2528024190486431
0.2526437281337246
0.2524892904437339
0.2523523344966117
0.2521878985845166
0.2520817081924446
0.2519576384706164
0.2517993079718138
0.2516982633459305
0.2516455190867763
0.2515667326814795
0.2514995480596732
0.25142039141274
0.2513413507112685
0.251215421554267
0.25108741505509
0.2507383010194944
0.2505276929993043
0.2503731252395202
0.2500641642846105
0.2496774939221373
0.2494852930703695
0.2494372451203084
0.2492446521269522
0.2491706085313646
0.2490781845869901
0.2489814839082866
0.2488880128504655
0.2486919326202039
0.2485782736256893
0.2484562857436733
0.2483725946636648
0.2482836482085765
0.2481650224650593
0.248054988963598
0.2479379156418041
0.2478089788076617
0.2477425423856364
0.2476901562325403
0.2475705297500832
0.2475198454794028
0.2475056353312884
0.2474320870404818
0.2474080037225348
0.2473622460884209
0.24732673945969
0.2471819200485601
0.2470999717643692
0.2470794822676799
0.2469909565026208
0.2469627670214037
0.2469285529984236
0.2468630767722999
0.2467699692517152
0.2467146036331758
0.2466731094353154
0.2466242469216156
0.2465692993898851
0.2465313656515234
0.246476602531486
0.2463815556145359
0.2462763453163028
0.2462196494799954
0.2461731888114592
0.2460502451339305
0.2460020319214076
0.2458974134089919
0.2457587930565199
0.2456447755204655
0.2455525266680197
0.2455080764203954
0.2453307146477646
0.245286930516141
0.2452434635050113
0.2451661844649304
0.2451245181247085
0.2450159111395552
0.2449428496925314
0.2449232307172686
0.2448522738326921
0.2448064751359436
0.2447764448997094
0.2446997933175941
0.2446083264975828
0.2445701754880611
0.244541643777134
0.2444511003974227
0.244356709797881
0.2442930879586189
0.2442481948719548
0.2441196175703083
0.2440565614498165
0.2439884714150786
0.2439069555442679
0.2438785333446863
0.2438372943569817
0.2438127962844676
0.243779738941357
0.2437385673469983
0.2437233143265565
0.2437060850216332
0.2436363275157093
0.2435477077968891
0.2435230132290299
0.2434338569187117
0.243400169589237
0.2433781897519897
0.2433580417208464
0.2433065417755214
0.2432813477323525
0.2432769579229254
0.2432173147685796
0.2431799187354113
0.2431393889187822
0.2430415131789216
0.2428950966934019
0.2428351384994133
0.2428232505435911
0.2427769080055384
0.2427413682806598
0.2427165197076971
0.2426736941399015
0.24263600782899
0.2426144425738124
0.2425563424670775
0.2424780276648483
0.2424093483289352
0.2423262640361324
0.2422550531239143
0.2421725153664143
0.2420302601031009
0.2419360529257371
0.2416489895894872
0.2415523894846315
0.2414326836372314
0.2413076904690549
0.2412056539941053
0.2411109036115522
0.2409827726547771
0.2408388602441788
0.2407922596860819
0.2407580863420042
0.2407205490392355
0.2406642479518221
0.2406252017083997
0.2405986219139654
0.2405810843064742
0.2405214717011777
0.240462294230518
0.2403860249666309
0.2403204979420853
0.2402143999486268
0.2401075934186605
0.2400228197601963
0.2398866108862214
0.2397974646291507
0.2397038649176929
0.2395840876716272
0.2395437865868831
0.2394990512117708
0.2394157164164504
0.2393842932102687
0.2393144729487489
0.2392762310978575
0.239217528846381
0.239179684408878
0.2391517181845406
0.2390952777275163
0.2390584244903656
0.2390405509787065
0.2389880439153958
0.2389399755868111
0.2388742867209867
0.2388253274858268
0.2387619601686716
0.2387312869029196
0.2387021755695326
0.2386647503553795
0.2386323673456491
0.2385921896494948
0.2385671025416599
0.238544587549823
0.2384671979043797
0.2383512041992561
0.2383022932049017
0.2382900090056912
0.2382534215083841
0.2382307699622113
0.2382002981062612
0.2381367940670569
0.2380791424433273
0.2380186796670576
0.2378687574155122
0.2377296139501168
0.2375174741467432
0.2373396157255241
0.2371455987462904
0.2370534185968348
0.2369230702922167
0.2368945414856985
0.2368613988377946
0.2368071705146042
0.2367384683642076
0.2366793145972159
0.236636246605376
0.2366030070041486
0.2365622805108012
0.2365287644841329
0.2365010416376481
0.2364528712237913
0.2364063618658933
0.2363842037696176
0.2363648362771616
0.2363489184998638
0.2363373045148329
0.236313104051906
0.2362747440197301
0.2362226842642699
0.2361874181292447
0.2361056741185298
0.2360508170665078
0.2359994856691064
0.2359325996575995
0.2358712226666838
0.2358404390824098
0.2358188847895612
0.2357442017669137
0.2357007991692602
0.2356966770278072
0.2356169904008117
0.2356104829503755
0.235586632229433
0.2355575041007377
0.2355283951331572
0.2354397968385234
0.2353443474741093
0.2352661310799955
0.2352268144682325
0.2352106572887259
0.2351714352067852
0.2351549152074796
0.235132712651249
0.2350973167186366
0.235058613624482
0.2349938235851667
0.2349217955079844
0.2347939653562411
0.2347256236815858
0.2345969381525015
0.2344766900658135
0.2344212940365706
0.2342771072301215
0.2341824223662633
0.234129129602095
0.2340735818895456
0.2340577839567162
0.2340376602381884
0.2340157333240799
0.2339970621478366
0.2339311544635846
0.2339038180906379
0.2338835733216633
0.2338461562299751
0.2337712541655708
0.2337477951547787
0.2336881371557349
0.2336048280737735
0.2335201425926902
0.2335005282580933
0.2334905062093413
0.2334665787259052
0.2334340694458898
0.2334039989751197
0.2333858254891359
0.2333741109316902
0.2333491221049563
0.2332830962211553
0.2332433562742694
0.2331830964125509
