2.330666379362008
2.302105311151399
2.294671668758403
2.20548420012811
1.995515959459341
1.820959925592283
1.610187197567554
1.511076215805509
1.441893628577129
1.262273960515611
1.179263589392729
1.131672398210128
1.051530048129983
0.9969303986767869
0.9787443735502688
0.9695033386951653
0.9022854952615885
0.8552974438186212
0.8336308926896062
0.803667389785604
0.7502229719285387
0.6951434150827922
0.6656528328887713
0.6564580272786126
0.6283650821545033
0.6071710333325548
0.5861845877881059
0.5697231139315277
0.5674119313558696
0.5604971299879806
0.5317673556346146
0.512764198894056
0.501651097430483
0.4933335029473696
0.481169854173175
0.4696900695209129
0.4622731217600219
0.4582568276852518
0.4504950058625039
0.4456147518108252
0.4390843975241593
0.433710651952011
0.4261814620647938
0.4161985980380782
0.4126611780534892
0.4086366599503902
0.4019797050614735
0.3985918069007202
0.3938129896633511
0.3863224651950394
0.3821624016935887
0.3765074815531679
0.3734147261468179
0.3701684399724789
0.3636846514676599
0.358175094045246
0.3560512171924307
0.354756323574441
0.3501237245104561
0.3452191167652859
0.3429885849718232
0.342172590445785
0.3402839040598165
0.3380559163987287
0.336543915850434
0.3356177129878268
0.3340339773273299
0.3325451290584553
0.3304791334345284
0.3303653400809288
0.3301934575467141
0.3288506777662651
0.3270164042084407
0.3241600917196009
0.3233464976470064
0.3222471894161943
0.3207958101692316
0.3196029139078128
0.3181332150450629
0.3168319159318847
0.3154319421802527
0.3137600604778338
0.3109859398129028
0.3082992838199277
0.3066238041830492
0.305598121404037
0.3047425644773586
0.3030201190286896
0.3020221602371185
0.3011964451258136
0.3000068433661752
0.2990139766017789
0.2982896066622625
0.2973638779412545
0.2969419062273587
0.2966375335410759
0.2958964973955878
0.2952754282320331
0.294599639530607
0.2939418246624432
0.2933755821666528
0.2931474748957524
0.292998191997963
0.2924150936041722
0.2921278645736056
0.291864087126893
0.2917162968303224
0.2912729854577226
0.2910333633439844
0.290875376838847
0.2906778885351184
0.2904807158817154
0.2902118012051774
0.290001882891348
0.2898477549126535
0.2895874314004613
0.2894280384343344
0.2892714346256556
0.2891359699284184
0.2889543306271191
0.2887591745557801
0.288521357367124
0.2883486708587871
0.2882818133198619
0.2881433764198522
0.2880878824668726
0.2880640298955153
0.2878923518446305
0.2878081389032159
0.2877113750974399
0.2875968315707014
0.2875537449576288
0.2874618347281864
0.2873689906533253
0.2872526809631885
0.2871593062306639
0.2870263357303007
0.2869779475005022
0.2869205035663648
0.286847053986714
0.2867758201799382
0.2867235466931894
0.2865968767761729
0.2862849079750711
0.2858559712182359
0.2855125213107961
0.2852968133865787
0.2852059048380202
0.2848849952696093
0.2846488210853798
0.2845490948177654
0.284411585015368
0.2843616006495703
0.2843474172343082
0.2842519081401906
0.2842263767525805
0.2841440456331994
0.2840425396992263
0.2839452106303724
0.2838554483519253
0.2837688397646796
0.2835055722128975
0.2832093438184486
0.2830525359692238
0.28299090388024
0.2829427538420813
0.2829045499376425
0.2828746282549176
0.2826725168983947
0.2825842286775619
0.2825259697062217
0.2825089887797718
0.2824528943182367
0.2824005245506471
0.282381469007163
0.2822995013248898
0.2822628478210032
0.2821712017751518
0.2820461345989623
0.2819474171013139
0.2818634797291563
0.2818205782185124
0.2817107817993249
0.2816274859944917
0.281525737245358
0.2814719776410148
0.2814497408741037
0.2813762627599338
0.2813459993716613
0.2813142369906677
0.2812767738827347
0.2812344458932083
0.2812010979883805
0.2811661769857322
0.2810687731472414
0.2808592866311151
0.280551533698119
0.2802991026652407
0.280107387493063
0.2799903335441404
0.2798220691138507
0.2797449501022554
0.279715159464171
0.2796186144744343
0.2795490093059003
0.2795049344679599
0.2794555275975115
0.2792983828084261
0.2791984299158871
0.2791527043676649
0.2790991620575824
0.2790494060630178
0.2790048416434822
0.2789614211618936
0.2788663591466262
0.278800733732133
0.278673352733245
0.2785692351100106
0.2785151711634081
0.2785014459903065
0.2784311066757467
0.2783771095925955
0.2783455139970517
0.278274450193416
0.2782349945050488
0.2782109670289139
0.2781773529004557
0.2781431130961742
0.2780764290656476
0.277989427707811
0.2778380846993869
0.2776904891495692
0.2775314579144083
0.2772891174306621
0.2771868924310762
0.2771174084574536
0.2770660457266921
0.2769890437526785
0.2768315217358728
0.276738484669079
0.2766150887873856
0.2765604748869468
0.2765282059318129
0.2764866786864275
0.2764121095362052
0.2763857140046159
0.276327585751419
0.276278391079367
0.2762314967534297
0.27617398216101
0.2761295527149502
0.2760976578261395
0.275992759028503
0.2758497474142203
0.2757951364264896
0.2757516843699595
0.2757221743065158
0.2756897954929192
0.2756429149188803
0.2755705744947085
0.2755281043301263
0.2754796717095854
0.2754003298639678
0.2753704739037804
0.2753528251338363
0.2752937067533258
0.2752203037615628
0.2751492217782347
0.2750785289273807
0.2750114302672156
0.2749489631619393
0.2748837950222949
0.274694901317216
0.274481901145005
0.2742692808676964
0.2740473257562566
0.2739429473065453
0.2738816054944543
0.2736949798572656
0.2736504601588531
0.2736024596340031
0.2735515751100152
0.2734947363749051
0.2734417115733717
0.2733978053805959
0.2733202257629898
0.2732309978744608
0.2731296942335343
0.2730964848233158
0.2730550021804228
0.2730366001086349
0.2730260477386958
0.2729553261621679
0.2729211934205812
0.272889513828229
0.2728520082681012
0.2727742789930322
0.2726900344775892
0.2725802095190506
0.2725390944404812
0.2724977096543838
0.2724591495835141
0.2724387599740009
0.2723593247563846
0.2722946329514478
0.2722125929450172
0.2721739049481325
0.272146114610575
0.2720801044492466
0.2720434701815683
0.2720261120431879
0.2720161931139112
0.2719785232561868
0.2719644755886487
0.2719502521944348
0.2719023632420908
0.2717973170323958
0.271656059038179
0.27152026594238
0.2714513064209979
0.2714052951005194
0.271356887477679
0.2713166227219709
0.2712633583927871
0.271236725213972
0.2712060803867914
0.2711751524684472
0.2710971811173659
0.2710278797394208
0.2709689467249163
0.2708974630747657
0.2708395292433799
0.2707789134077027
0.2707004404854962
0.2706699084741352
0.2706340562151509
0.2705902256788369
0.2705510791174348
0.2705115382548414
0.2704450642177729
0.2703776883014511
0.2701945723919563
0.2699862409711897
0.2698478431617432
0.2696722929937765
0.2695495744175091
0.2694109081786081
0.269216280112806
0.2691597766181799
0.2691308838413029
0.269056587984256
0.2690217013223632
0.2689757611088139
0.2689395785153485
0.2688919774234819
0.2688657138237323
0.2688507016860755
0.2687419389591876
0.2686655772215865
0.2685451761954727
0.2684472468872596
0.2683895829286103
0.268307579249679
0.2682826201784012
0.2682534446352876
0.26818368931667
0.2681153516947475
0.2680683958457182
0.2680309325496993
0.2679570855733133
0.267890738512999
0.2678052972595039
0.2677652645150173
0.2677185183252443
0.2676616072363374
0.2676404115559439
0.2676372771989795
0.2675846267625416
0.2675716905822556
0.2675598603401594
0.267449559416448
0.2673211212464005
0.2671816682061152
0.2671098370526049
0.2670882292457856
0.2670227456363014
0.266989484232121
0.2669454975915835
0.2668798251734891
0.2668515174018817
0.2668152643379809
0.2667990286773712
0.2667643290251508
0.2666850863309305
0.2665877780471738
0.266481037197365
0.2664381389659791
0.2664342402682648
0.2663906778487033
0.266363521375099
0.2663407541731208
