2.373939408604876
2.313223785530821
2.311591256978782
2.291370359718731
2.253580636971107
2.086969770075067
1.922880111450784
1.654443269022136
1.353874583651427
1.259704485264311
1.220834411065589
0.9826450386191369
0.8747763144997813
0.8367460034755932
0.7935140092693208
0.730408881427519
0.6931102278092821
0.6507905495860983
0.6112344318257803
0.5765709392759263
0.5345589389732183
0.5081721603867557
0.4754001529473295
0.4579406577316166
0.4409468106014684
0.4283694791138204
0.4201901039432656
0.4148012153549564
0.4051866774732907
0.3943446548665055
0.3848654000883517
0.3835770503110603
0.3807052218541931
0.3672688891919015
0.360125050389067
0.3576811362044139
0.3510473466043346
0.3464602752362536
0.3442385373545062
0.3402406888079264
0.335578603142199
0.3328024316399167
0.3301042721925547
0.3280068856627713
0.3253679236013194
0.3223066504940122
0.318369692657114
0.3148541285263284
0.3123857980520691
0.3096936136543627
0.3075871049424064
0.3053907506051833
0.3039018336979241
0.3004979816106546
0.296747220264687
0.2940857571248399
0.292966683433832
0.2927525406285945
0.2923541104040747
0.2894821382064098
0.2867264013144657
0.2841517676650838
0.2821814038578032
0.2799613259176991
0.2794214835482517
0.2788053817571251
0.2775577465080608
0.2763437159922132
0.27508608589564
0.2739029495133166
0.2725072735042177
0.2716175554333733
0.2707530650866421
0.2701473164173029
0.26973456913208
0.2691896655057185
0.2685772291777237
0.2679735335888103
0.2674053129479185
0.266972643334543
0.2664253698728701
0.2657535189040149
0.2654246108195469
0.2652230475756283
0.2646856874095535
0.264328250759384
0.2641018196582233
0.2635487341915568
0.2631164655916908
0.2628231761247708
0.262501345105612
0.2621222020900306
0.2618610936947766
0.2615895418074672
0.2610271293395497
0.2606732102205524
0.2604241455241897
0.259777470135691
0.2593698691259272
0.2591426403161103
0.2589776966413836
0.2584995240543227
0.2583536698329979
0.2581906056915689
0.2579808960237867
0.2577474525824171
0.257638189367939
0.257494637235641
0.2573644879484975
0.2571984972203521
0.2571135796804719
0.2570551507566529
0.2567098311335869
0.2564979716805255
0.2561811678467461
0.2560922148702617
0.2559997607906395
0.2558875218705909
0.2558103635261757
0.2557045013374156
0.2555666428636519
0.2555117101387728
0.2554416032020236
0.2553303260926356
0.2551902787272771
0.255046120413243
0.2549687544463833
0.2549461423491449
0.2548405392188355
0.2547978757836701
0.2547753152821176
0.2546738221463188
0.2544949923967217
0.2543047617145734
0.254037173509346
0.2539322107294267
0.2538427669424794
0.2537378118365084
0.2536544742922738
0.2535866695827196
0.2535315347021171
0.2533862656359015
0.2532736695316167
0.2531335884686337
0.2530198512717826
0.2528687891681021
0.2528060502980854
0.2527234609525022
0.2525418533370404
0.252336148115743
0.2520672134684531
0.251968556941873
0.2518765158589006
0.2517661168333096
0.2516773129430865
0.2516161466337624
0.2515092336201822
0.2512289468894192
0.2510757264159609
0.2509010474791399
0.2507038831364421
0.2506112722383392
0.2505780343680497
0.2504406196684561
0.2503931136274057
0.2503641483079789
0.250279083839925
0.2502064239310247
0.2501242358461383
0.2500264099258164
0.2499950044702449
0.249919563194251
0.2497510420394742
0.2495540456047513
0.2493369044766241
0.2492410442409319
0.2492130399165057
0.2489602817877257
0.2489040176748924
0.2488572382228749
0.2487935497034384
0.2487269237966756
0.2486826840485326
0.2486278478619645
0.248567313168345
0.2485074615585493
0.2484433769111446
0.2483293664871001
0.248178603769055
0.2479973821893173
0.2479131890361215
0.2478582876168238
0.247812851290081
0.2477436572922123
0.2476114029535892
0.2475256735843771
0.2472365847552746
0.2471120298726209
0.2470296598172639
0.2468646441236178
0.2467827963433958
0.2465658072186538
0.2464285035360067
0.2463273386167275
0.2462099606169632
0.2460807738680595
0.2459563844098885
0.2458080657548409
0.245663722511436
0.245553656031746
0.2454973598517206
0.2453381519471493
0.2452649691712698
0.2451783941539481
0.245092814905273
0.2449969034065836
0.2449190643942008
0.2448080394508273
0.244731952750461
0.2446445086449609
0.2445465691248428
0.2444812386907135
0.2444335565275285
0.244336832091632
0.2442564041830346
0.2442310280331511
0.2441728179936847
0.2440806433594201
0.2440085961827351
0.2439229733627917
0.2438622035069865
0.2437752431998431
0.2437076745039042
0.2436698261576749
0.2436172326334283
0.2435623869755162
0.2435352734632366
0.2435184447209145
0.243453810370406
0.2434265461786884
0.2434112946386152
0.2433882673972266
0.2432726026381606
0.2432206004660708
0.2431986473260241
0.243149710003901
0.2431143547084351
0.2430518470441165
0.2428405878104798
0.2427916711655444
0.2427355366112367
0.2426839595586185
0.2425775232321022
0.2424609044947777
0.2423113697535743
0.2421227286947966
0.2419438577444059
0.2417620421755776
0.2415993517371969
0.2414281604071581
0.2413099308404367
0.2412377177319076
0.2409946744480706
0.2408943871371675
0.2408217226649687
0.2407637344952498
0.2406846887862691
0.2406534075435854
0.2406122945987057
0.24056816566547
0.2404595672257011
0.2403574820978619
0.2402257427621869
0.2401293905523636
0.2400643279030616
0.2399735911487819
0.2399483019272091
0.2399248357176641
0.2398904250996809
0.2398556006317897
0.2398214631176998
0.2397861084931459
0.2396841015702545
0.239482940544069
0.2393501570022847
0.2391685159133063
0.2389997588417898
0.2388529671461721
0.2386734563324734
0.2386214634653262
0.2385016130250366
0.2384363778699155
0.2383840173094111
0.2382711632707971
0.2382122745080858
0.238152229032667
0.23806211285159
0.2379966782447516
0.2379328394654578
0.237799582586175
0.2376682832936795
0.2375063409759128
0.2373955332556366
0.2372633995110151
0.2370975176261545
0.2370370184541699
0.2369740991182056
0.2368869026939214
0.2368527961370497
0.2368120113917956
0.2366848421960294
0.2365738148199742
0.2364860837353254
0.2363899493404977
0.2362494758559955
0.2361650874099329
0.2361183621852165
0.236062322752441
0.2359953103132119
0.2359398583772752
0.2358400249794017
0.2358007863784059
0.23568874567512
0.235633617304418
0.2355662256016853
0.2355102546710475
0.2354459761954812
0.2353644733940061
0.235335731083048
0.2353084845483364
0.2352436304329631
0.2351557555137642
0.235076930823221
0.2350463957016969
0.2350109376305828
0.2349882532382999
0.2349650025130202
0.2348692742411234
0.2348149853698088
0.2347786144292751
0.2347279797723167
0.2346916999075137
0.2346568662377149
0.2345857644504822
0.2344256363709734
0.2342784728530229
0.2340333375229329
0.2338972849621463
0.2338173625016746
0.2337340681177065
0.2336908867572398
0.2336836552339442
0.2336140432465294
0.2335920232799997
0.2335659200148363
0.2335121765188166
0.2334800445711819
0.2333885905779748
0.2332996901809296
0.2332538881726454
0.2332119092664811
0.2330788805511696
0.2329896068225687
0.2329543843549959
0.2328213361603717
0.23276381865418
0.2327366944703494
0.2327222546957693
0.2326703577416977
0.2326363780409916
0.2325900003127378
0.2325376012964916
0.2325133894144278
0.2325023714430184
0.232462379104705
0.232446168878015
0.2324292554912252
0.2323815636958369
0.2321779943384205
0.2320462337317097
0.2319935164190588
0.2318926150467909
0.2318295626901774
0.2317846787049417
0.2317041991504387
0.231637855839116
0.2314995003587717
0.231450419377229
0.2313940314126432
0.2313592065185975
0.2313377809199951
0.2313121767936869
0.2312567886667389
0.2312260392666275
0.2311820481486413
0.2311504037346657
0.2310880013747356
0.2310272826164233
0.2308898960306115
0.2307576072296079
0.2306247168202235
