2.305930638911803
2.300193176708051
2.282687462804531
2.121828543140978
2.082562101193116
1.801649160121483
1.625465125889576
1.492553705687281
1.354219991952203
1.289040394719466
1.216877800315134
1.168537711804081
1.151492790660445
1.110455502959248
1.06692649659279
1.047076493833872
1.031395800028885
1.016873304085283
0.9913313747661312
0.9771659628513197
0.9745927172826989
0.9728771379878665
0.9641083549798298
0.9604455652116852
0.9535319464445537
0.942555654140444
0.9337469975206569
0.932046087027333
0.9293206363092877
0.91999030489886
0.9127453927560921
0.9047113317574825
0.9016487129002911
0.8927404532144056
0.8838559919087771
0.8772065642386581
0.8720496606255074
0.8688322833164615
0.8678238295793788
0.8670322319405884
0.8664993502685124
0.8653643905520317
0.8640038476635217
0.8634677265441667
0.8616737932923817
0.8605113212459269
0.8595021572038694
0.8583663270859021
0.8561636466835866
0.8530739494946873
0.8505615153191645
0.847576045243647
0.8444256180748462
0.8433170138434896
0.8432763266765575
0.842448516636642
0.8416865136442356
0.8409070308332645
0.8405770979098406
0.8397243563097316
0.8391404193172488
0.8388055092131428
0.8380442344565124
0.8378052958220746
0.8373839957075521
0.83670196938902
0.8360779508390214
0.835717338519274
0.8355441045753245
0.8351991470490094
0.8348204472001441
0.8343669934455126
0.8337975445415848
0.8331575386346464
0.8327829244455832
0.8326524857332993
0.8312408091749435
0.8303786353368739
0.8299065844008425
0.8282794017699756
0.8273616411037433
0.8258364667728471
0.825337191815642
0.8243212658759136
0.8240708363763762
0.8231974329368161
0.821301041083478
0.8203301617351635
0.8194835412436809
0.8186021420886518
0.8177490979845533
0.8161631396644178
0.8154305228769654
0.8147127798757723
0.8133883307590074
0.8133465888731846
0.8129428779751653
0.8100230997150809
0.8077359224597871
0.8026088866456501
0.7980275135189032
0.7857829180481658
0.7799728389881277
0.776612456684304
0.7691408586915185
0.7648907518966577
0.7597145381027983
0.7586729733549593
0.7537844821644014
0.7499508896801973
0.7442641214585185
0.7401385881788813
0.735443009476675
0.7320492936761065
0.7275682128845
0.7231026839646951
0.7207781647590544
0.7176483691088907
0.7175942076995283
0.716547616312729
0.7157284377065859
0.71205765259361
0.7115738630066365
0.7113719942635275
0.7098036916380593
0.7082865595556018
0.707116498646026
0.7058262905460914
0.705111118764049
0.7036688310608276
0.7025356865641161
0.7010720957459431
0.700623731806485
0.6999667290759853
0.6994823369183973
0.6991339605243568
0.6976753437676873
0.6967339142939251
0.6936220172136124
0.6933054069157488
0.6926676511380208
0.6914509926911617
0.6902251888962798
0.6894083784537273
0.6891886830784749
0.6885346961180998
0.6874851686042921
0.6870282119897232
0.6861454304977955
0.6857719749485538
0.6854961362049764
0.6839117381429876
0.6836504363638347
0.6833801185358702
0.6821794658507691
0.680940159245672
0.6800933458366892
0.678642844260675
0.6775969888068598
0.676550364562241
0.675826293162576
0.6748580038970624
0.6742140793471051
0.6736213666106091
0.6728002364343597
0.6723862055056081
0.6718017060353612
0.6710895208678327
0.669864432918032
0.6690194271088693
0.6674342579583494
0.6674011140158459
0.6670005014461385
0.6667334661926607
0.6662755515287562
0.6657097119221704
0.6652042957694398
0.6651316835457317
0.664851249865448
0.6646287671125556
0.6643844652615883
0.664185611980457
0.6640147674485937
0.6637708858483592
0.6636452666994589
0.6635773896626237
0.6634794872116342
0.6634041837999195
0.6631617237331812
0.6629685828796755
0.6627227050174676
0.6626054219860777
0.6623407203453677
0.6622357096004042
0.6616390553003036
0.6609904109523658
0.6604102020906963
0.6601378617401921
0.6598695933673522
0.6595317939917353
0.6592685101841613
0.6589924563017092
0.6588346879026575
0.6587917290395363
0.6586715555045696
0.6585525709750731
0.6585057566000118
0.6583956810689793
0.6582908946521159
0.6581920819485335
0.6581101167504355
0.6579765698072511
0.6579201785218712
0.6578502328489175
0.6576671765167688
0.6575963688928836
0.6574967624866931
0.6574412541843569
0.6574036846096589
0.6573638738369568
0.6572920334708716
0.6572379862924509
0.6571595743634001
0.6570967196512467
0.6570288611296314
0.6568961473081089
0.656875332935106
0.656773000889973
0.6567187394983248
0.6566777916067973
0.6566384323433068
0.6566073611913492
0.6565615743870625
0.656508220574802
0.6564547101410406
0.6564048677300496
0.6563542848731408
0.6563103320970098
0.6561966811146513
0.6561488494046497
0.6559770818697516
0.6558450306923803
0.6557532925097485
0.6556694140055446
0.6555640106221782
0.6555319714741953
0.6554996386397078
0.6554072676191208
0.6553131239407831
0.6551875181781398
0.6550955294188585
0.6549178605232225
0.6548548940836515
0.654695426662033
0.654592817433306
0.6544871852554512
0.6544436632403997
0.6543112457567497
0.654265722973755
0.6541736719153709
0.654123243064055
0.6540722230281775
0.6540317616093444
0.6539964123317845
0.6539475089925875
0.6539067494697525
0.6538636043520299
0.6538134843094565
0.6537373921128429
0.6536539151468058
0.6535954398883488
0.6535663480362849
0.6533605881123575
0.6531453781983153
0.6529109313816207
0.6524470995500411
0.6521078749415651
0.6516441464960337
0.6510853473466388
0.6507698819316831
0.6505192191139937
0.6502070565685398
0.6500663437677853
0.6499119244799403
0.6498496313761923
0.6498143820930582
0.6496637752305382
0.6495674990323607
0.6494815643295548
0.6493713390717688
0.6493481516328342
0.6492717727349556
0.6491946218852021
0.6491238143361039
0.6490217015328196
0.6489126717771229
0.6488801491761955
0.6488523831260395
0.6487489234874717
0.6487166814210044
0.6486823989924824
0.6486517101931328
0.6485407821362354
0.6484149581135354
0.6483789344142126
0.6482478287421412
0.6481373121457944
0.6479835625651313
0.6479159442299129
0.6478400234659867
0.6477813384594499
0.6477491633937152
0.6477325266202757
0.6476762954571857
0.6476625855482419
0.6476438271178963
0.6475535429234255
0.6475482459663294
0.6474869868730037
0.6474426647690397
0.6474121600955178
0.6473778159816151
0.6473355419990191
0.6473163539029733
0.6472785617816612
0.6472589304721034
0.6472490554385488
0.647189672083977
0.6471510579581313
0.6470545416217202
0.6470017726066711
0.6466714714887678
0.6466313011273892
0.6465822399519948
0.6465440839798314
0.6465036794046966
0.6464637377886447
0.6464267696260368
0.6463823784124741
0.6463552107604442
0.6462945712511499
0.6462653841355213
0.6461869518435772
0.646027134730632
0.6459725075773891
0.6458719134795586
0.6457415599215314
0.6456282326653379
0.6455696024391491
0.645515254513135
0.6454257764064152
0.6453884956439695
0.6453827566090642
0.6453447883909614
0.6453123204401562
0.6452845417071018
0.6452669647219968
0.6452129358489235
0.6451729504690921
0.6451136132609093
0.6449815959076763
0.644908778861538
0.644657403230659
0.644555885866902
0.6443997504508732
0.6442333539122588
0.6440758973739737
0.6439571154575157
0.6437729967507406
0.6437011442860668
0.6436717418429416
0.6435790011325406
0.6435092698147149
0.6434273160593444
0.6433323920473688
0.6432936795554088
0.64323691295168
0.6431918617421695
0.6430857265452691
0.643015581885493
0.642817942894371
0.6427437916419275
0.6427223082073676
0.6426310653983369
0.6425444979010076
0.642467535041824
0.6424530480085864
0.6424025631682004
0.6423688795224205
0.6423402199646505
0.6422693794320008
0.6422427106882562
0.6422143709659969
0.6421917688449569
0.642125613458992
0.6420305732647511
0.6419587072247769
0.6419091868761451
0.6418112644181805
0.6417673688175827
0.6417479721654047
