2.316032604388993
2.303144968004259
2.296528849458098
2.256850932941858
2.190333175018284
2.024164087061495
1.588312025591111
1.22082995615745
1.146976393612062
1.004792312516938
0.9561637156701172
0.8964670470788609
0.8830113280786972
0.8756854329454749
0.8179221041621123
0.7962710057254242
0.7852005170345424
0.7664323417383259
0.7403434637480402
0.7275112002285822
0.7185051621948453
0.7008771693654958
0.6822323106591025
0.6651376337914096
0.6470693295060665
0.6273370366919001
0.6117323479281926
0.6023538138636181
0.5921971924103948
0.5766315418050855
0.5600601095551253
0.5550505207214764
0.5479973878127562
0.5357662652495869
0.5206234788568344
0.5080270200648648
0.4991614781969465
0.4865743308083419
0.4749494648386683
0.4677303664094933
0.4672159926808969
0.4632322042894683
0.4554924582394275
0.4485841415906977
0.4431487103949788
0.4384663567201477
0.434841302003373
0.4286570409965564
0.4248421338130901
0.4220099481813344
0.4212431811319703
0.4197107987552358
0.4177738644314588
0.4142268767330941
0.4106428099400662
0.4081089414983023
0.4064164277966019
0.4051470357534301
0.4047772464915029
0.404470446986106
0.4043078343021592
0.4030621261267961
0.4006703286947029
0.3978884900588497
0.3963575619239328
0.3939850448590893
0.3922330262475205
0.3903927612898859
0.3887832103455284
0.3872758947932086
0.387143765320076
0.3862043524466184
0.3853272506973111
0.3839875559709285
0.3822736950863642
0.3803111897514176
0.3787752494994387
0.3776048931988729
0.3757450551823946
0.3748486506423324
0.3730956250031625
0.3714826908866035
0.3699662432877034
0.3693527963719314
0.3679067653021935
0.366887775807827
0.3657395598321683
0.365232578659956
0.3650601666409936
0.3644032897915812
0.3638546266456082
0.363317954796986
0.3630729894475994
0.3627190293847537
0.3624178845751496
0.3620439584538569
0.3617616891368699
0.3615179498224121
0.3611650950156862
0.3608917393794976
0.3605816209264086
0.3602534839795894
0.3599588858335629
0.3597350209619092
0.359332930416069
0.3592069704917259
0.359133794361618
0.3588912386026616
0.3588595434213862
0.3587874590843749
0.358592908854093
0.3584552899093978
0.3583756707954679
0.3582900984121055
0.3582142394431731
0.3581241214905369
0.357898795908878
0.3576983282970382
0.3575065812341789
0.3572567632477013
0.3571467344034667
0.3570435575617899
0.3569059850188553
0.3567802817183268
0.3566822526427734
0.3566230386003505
0.3564225879627512
0.3563113932042501
0.3562338241483295
0.3560898840214766
0.3559301358002903
0.3558458024863262
0.3557962880090968
0.3556763540344747
0.3556485696697813
0.3556025065986147
0.3554902909575227
0.3554383713966823
0.3554158538413683
0.355260295329312
0.3552014607796349
0.3551736722294109
0.3550785406165433
0.3549644769764499
0.3549081306390982
0.3548469108498987
0.3547895636310632
0.3547466049079776
0.3547054184518366
0.3546395069810871
0.3545607164603332
0.3545209185546978
0.3544862063407708
0.3544488485662574
0.3544239769312127
0.3543948761293902
0.3543038035302518
0.3542180622064086
0.3541788070649358
0.3540959852003233
0.3539201062148661
0.3537540687619398
0.3535053360070697
0.3532813068858244
0.3531898469656894
0.3530878049887851
0.3529791268676044
0.3528733879977553
0.3528084636138595
0.3527524201416938
0.3526304106291794
0.3525724870497345
0.3525243130323627
0.3524937930487037
0.3524440768341206
0.3523618468145213
0.3523262959783833
0.3523086391828688
0.3522725889985847
0.3522255802015296
0.3521482185815142
0.3521045546739603
0.3519632607781029
0.3518773880411419
0.3517084711729467
0.3515202976472264
0.3511416665830913
0.3508933708412003
0.350641506123996
0.3501146338497376
0.3497069426910578
0.3494459622064413
0.3488894159121604
0.3483244605836525
0.3479585395083491
0.347778116587451
0.3474806870655038
0.3472977612424132
0.3471846090669931
0.3470599890636966
0.3469637737939649
0.3468557955888514
0.3467156629111072
0.3466514299522934
0.3466127792951681
0.3465240640920764
0.3464925789945237
0.3464582340665706
0.3464305106018499
0.3463150041881783
0.3461927213782964
0.3461115769020551
0.3460361647651966
0.3458404972108053
0.3455960271190571
0.3454787333604697
0.3453421996206887
0.3452808483452879
0.3452506760696586
0.3451432934700132
0.3451001453248413
0.34506852465925
0.3449833726072035
0.3449022630045572
0.3447577238301974
0.3446863543815901
0.3446173439322004
0.3445199995484211
0.3444864129702808
0.344460750136483
0.3444181654779685
0.3443711733737734
0.3443507855347883
0.3443221533496135
0.3442335316673943
0.3441455146762267
0.3440167871880657
0.3439605249938912
0.3437758884909228
0.343680808037362
0.3436033343244632
0.3435357916866558
0.3434657248434099
0.3434237165434118
0.3433867075007928
0.3433303379119987
0.3432797220320019
0.3432505088304704
0.3432290352158731
0.3431686385223586
0.3431102559281595
0.3430188690714187
0.3429859853322694
0.3429688702205978
0.342955709585801
0.3428749425927877
0.3428143240512856
0.3427545216604492
0.3427197974836012
0.342694871762901
0.3426830685816978
0.342622392986249
0.342613548989996
0.3425386860459113
0.3424922934607288
0.3424362141061882
0.3423815750405236
0.3423275737453449
0.3421393780700941
0.3419322460101996
0.3417615580569024
0.3415817115794187
0.3415493793045798
0.3412036410018322
0.3409866073226785
0.3409539865808019
0.3407921282817026
0.3406823254875751
0.340622464587075
0.3404878729630402
0.340429739390366
0.3403874349736435
0.3403350666786525
0.3402510588127647
0.340181601228405
0.3401217441820043
0.3400651455782479
0.3400000415251238
0.3399318598599294
0.3398877395067418
0.3398515356346068
0.3398069671060125
0.339770298117327
0.3397268271083197
0.3396843877902772
0.3396028707098739
0.3395221277432553
0.3393207528764654
0.3390973524341452
0.3388553161279164
0.3387925373061905
0.3386919943034276
0.3386514842852318
0.3385677057654569
0.3385235530890783
0.3384706559810836
0.3384167928109001
0.3383769712509245
0.3383704365315454
0.3383032209640527
0.3382892026094282
0.3382598676911168
0.3381447877542866
0.3380932874667102
0.3380883493500039
0.3380293028133866
0.3379966470608573
0.3379877650778137
0.3379693886949455
0.3379623906514569
0.3379405010099634
0.3378702956243346
0.3377395105568773
0.3377017381611923
0.3375916112282507
0.3375520134415987
0.337494066248918
0.3374835921439991
0.3374134547497275
0.3373488830426771
0.3373178378096597
0.3372847533410745
0.3372223679056495
0.3371694308348479
0.337109426768212
0.3370456755535878
0.336980217006932
0.3369476279622848
0.3369137861846914
0.3367957077766231
0.3367525507954123
0.3367161355972491
0.3366635443950481
0.3366171575079215
0.3365754858275856
0.3365143005769992
0.3364805362147577
0.3364517968427221
0.3364089896470703
0.3363865911307942
0.3363762428124507
0.3363563592714199
0.3363357390262037
0.3363134674997024
0.3362470584589569
0.336069147603141
0.3359004432230772
0.3356571421402257
0.3354640421269272
0.335320216151155
0.3352452084706152
0.3350888765341298
0.3350296983218236
0.3349741862108674
0.334918621797418
0.3348536319752615
0.3348051758539858
0.3347391612043273
0.334671843302873
0.3346275853485114
0.3345867610449687
0.334523778349625
0.3344802559588116
0.3344296722149011
0.3343476952115453
0.3342936818933506
0.334243982359499
0.3342146697177777
0.334150694006672
0.3341076667368845
0.334076554189878
0.3340406120103059
0.3340036576811293
0.333969534746442
0.3339009132519078
0.333833426482988
0.3337973926849413
0.3337656816324837
0.3337008655157409
0.3336535077975807
0.3335942733779225
0.3334633778785436
0.3333611967125195
0.3332212655708481
0.3330959484846127
0.3330432097119218
0.3330367646245848
0.3329606426210044
0.3329355249145277
0.3329100442508025
0.3328343975530222
