2.328462200744625
2.303425414497729
2.269383316370123
2.211119565114891
1.950684102544499
1.831628621421497
1.797845672131038
1.608133653184111
1.489671597926399
1.350675045302877
1.189030799267173
1.08341801738486
0.9532257208833473
0.8798629743574342
0.8581692925342727
0.7478363333336367
0.7194757313388692
0.6719313291202763
0.64569724368543
0.6437769721293669
0.6176190581060198
0.5705156570846828
0.5645099872712381
0.5635004252912107
0.5335128238084126
0.5226640207838239
0.5183055932143626
0.5101853626773043
0.5084086819679007
0.4883832109065364
0.4711609118254761
0.4564901891578926
0.447389492926633
0.4410249089305447
0.4364031314376504
0.4224947017191767
0.4081263793322989
0.3944691507786325
0.3892942434765757
0.3836975050025869
0.3798304824341858
0.3748626494768349
0.3709480345674985
0.3705998484619671
0.3698927638562598
0.3653603414296981
0.360982964806617
0.3565822678579643
0.3537432389113889
0.349282937276624
0.3453670441162804
0.343113226100374
0.3429275305165181
0.3401985581293335
0.3359710925498681
0.3335115859672499
0.3315615481659752
0.3300940868238856
0.3272064763419999
0.3245050310246831
0.3208919035146905
0.3182406000250732
0.31762308207526
0.3153475196030957
0.3136532453638631
0.3121993856357367
0.310109015245287
0.3088118539803822
0.3075806845353275
0.3063335986137181
0.3045032059758101
0.3033834703909016
0.302094622650416
0.3007015673266943
0.2993262782160758
0.2982042266794135
0.2965628684167073
0.2952799193403439
0.2947750513202039
0.2937015265619857
0.2912851459494453
0.2898012700762137
0.2891102106371498
0.2883696839178555
0.2872054735651445
0.2858284908399025
0.2849166391943289
0.2842972344239972
0.2837231361784309
0.2830848025692572
0.2826583582326718
0.281856236416845
0.2812374454725404
0.2809833302550488
0.2806762876143301
0.2800746377978503
0.2793953871521463
0.278884162859166
0.2784284230686089
0.2780347118729944
0.2777214833224315
0.2773232184572692
0.2771789914843152
0.2770021422792044
0.2767419627558678
0.2766105378513043
0.2765043848078876
0.2762887379136472
0.2760555652132242
0.2759467158687982
0.275820108098081
0.2755750044223815
0.2752817424989184
0.2749602647929567
0.2746593270493013
0.2743680224202925
0.2740255594956567
0.2737638839099772
0.2735123590497598
0.2731950372815878
0.2728964374745558
0.2727701375858226
0.2727400052152929
0.272539257120655
0.2724061426820409
0.2723428303800901
0.2722487619549905
0.2721544419595325
0.2720972842872355
0.2719487883454874
0.271737281274277
0.2714955612250564
0.2713900081906436
0.2712756099554113
0.2711822932109796
0.2710809825142153
0.2709582757284542
0.2708560327659432
0.2707084609658577
0.2706331489698128
0.2705861252966167
0.2705259603806789
0.2704962024344413
0.2704638758821425
0.2703690201730349
0.2702713990598404
0.2701487369278812
0.270095743340687
0.2700195806170773
0.2699722350660292
0.2699117025624669
0.2698000623900419
0.2696432860400313
0.2695761652277093
0.2695447388947413
0.2695059739019466
0.2694241497010602
0.2692976639637768
0.269164720493876
0.2691044125820957
0.2690705267935011
0.2689947916485209
0.2689303280312795
0.2688441684228016
0.2687692763153566
0.268672208834366
0.2686229066798692
0.2686007693208408
0.2685419218299336
0.268505125285202
0.2684530884933728
0.2684255259725383
0.2684058399580884
0.2683303743928016
0.2683083596134256
0.2682598599478612
0.2680761781021526
0.2679156982590383
0.2677975531284693
0.2677289930174553
0.2675068601177139
0.2673653728920261
0.2672736390203966
0.2671562881777301
0.2671092429616663
0.2670848628390163
0.266992115083359
0.2668901594673335
0.2668167873953363
0.2667523358037571
0.2665932902619454
0.2663480011550843
0.2662362854725214
0.2661961792965236
0.2660392171158115
0.2659823343276909
0.2659238051088956
0.2658422460412611
0.2657658919706442
0.2656912277472676
0.2656179047795363
0.2654076943728726
0.265167342405047
0.2651051055552474
0.265051986159632
0.2649994335288924
0.264928312484849
0.2648827802365336
0.2648271548727117
0.2647619355329339
0.2646989987978928
0.2646211585170637
0.26450125242634
0.2643737888196641
0.2640835176084538
0.263911516622342
0.2634961101819969
0.2632862611411404
0.2631617596095908
0.2630520017209372
0.2627032966616458
0.2625761953881964
0.2624685117216737
0.262371719058123
0.2623062953652182
0.2621384616764795
0.261990474178954
0.2619309180604688
0.2618497247439597
0.2618145740259939
0.2617620311993466
0.2617153578678371
0.2616937635225667
0.2616642898430001
0.2615404126784053
0.2614746017864655
0.2614611196187562
0.2614179021672218
0.26138743090927
0.2613654989891479
0.2612894089905662
0.2610964854249281
0.2608768077727724
0.2606728416633302
0.2602465967107581
0.2598207541299067
0.2594255356873679
0.2590571026226666
0.2587721104316858
0.258415298827545
0.2582185499252873
0.2581191989895142
0.2579732370903861
0.2578945435508266
0.2577956493134487
0.2576645732086069
0.2575964524833498
0.2574957674683357
0.2574316978033054
0.2573442319527113
0.257248963144144
0.2572018002153768
0.2571948725699503
0.2571188370230404
0.2570801783279181
0.2570342159615028
0.2568645022984848
0.2567723932118736
0.2567177738490558
0.2566066922987832
0.2565271501163376
0.2563878666028273
0.2562275411556132
0.2561875617695901
0.2561322870083759
0.2560747112833135
0.2560124921686937
0.2559766894948532
0.2559504789570758
0.2558669055529732
0.255818215104792
0.2557623685849704
0.2556904255879534
0.2556254405631153
0.2555714170867049
0.2555054753622246
0.2554014436681643
0.2553083796106694
0.2551980522581949
0.2551596671475546
0.2551362129674862
0.2550840077719027
0.2550301969373279
0.2549654751818065
0.2549155426973304
0.2548331785334532
0.254790069356231
0.2547641547741478
0.2547389207755846
0.2547179280824811
0.2546720781877239
0.2546037666196849
0.2545747085705636
0.2545476087284648
0.254523368253732
0.2544899969578734
0.2544275579386919
0.254385913849749
0.2543389611094181
0.2542367842919329
0.2541252867520879
0.2540137893154789
0.2539111610076664
0.2537787492791874
0.2537428484831344
0.2537096004213789
0.2536664039992648
0.2536196239983185
0.2535812573626028
0.2535404247444934
0.2534661844799315
0.2533481498503325
0.2532675551082676
0.2532286942222969
0.2531854960795927
0.2531622413726787
0.2531532313820755
0.2530842140312005
0.2530505440116539
0.2530048358534662
0.2529665920760244
0.2529321210380597
0.2528913996147297
0.2528463799364111
0.2528248802718938
0.2528189274660322
0.2528009888747909
0.2527843290640253
0.2527677349819247
0.2526568982818251
0.2526058011923131
0.252439307579469
0.2523009476550259
0.2522368327382352
0.2521639210970932
0.2521236451201437
0.2520856606467201
0.2520422185443094
0.2520080510748401
0.2519639824547167
0.2519296017253033
0.251897339996917
0.2518571889861055
0.2518117903573515
0.2517646742174187
0.2517219870775677
0.2516748838867567
0.251599887025334
0.2515318901480437
0.2514374812119787
0.2513220268669933
0.2512624843590022
0.2512099374988164
0.2511492620898306
0.2511228624438983
0.2510983159203667
0.2510604939794819
0.2510220501013919
0.2509971444239761
0.2509805639961352
0.2509679399723451
0.2509099252920475
0.2508561511025791
0.250799517032479
0.2507204343960166
0.2506453881061032
0.2506137220393894
0.2505773319133917
0.2505137104751152
0.2504293276761207
0.2503687773488438
0.2502929449837727
0.2502072188161891
0.2501620054471611
0.2501303052410474
0.250093361786035
0.2500655718912915
0.2500315959047565
0.2499950844958184
0.2499665007803621
0.2498987037207792
0.2498207757291643
0.2497723984753492
0.2497415013632853
0.2497091032040238
0.2496953323827547
0.2496656469660618
0.2495748399830522
0.249484580243339
0.2494310749671992
0.2493206330118584
