34.69032660656744
23.01944138905874
12.99864202422232
12.49494670648321
5.868647916834547
4.138285896554958
3.023451690168653
2.79090219101405
1.941525758255913
1.728933422712013
1.466310041352979
1.389261144060132
1.263468248270138
1.163309621453799
1.092240420408769
0.9936957277067859
0.9044484306542139
0.8725457611557044
0.8403267349579251
0.7984357397531795
0.7765179753067415
0.7666714097478549
0.7445375702429223
0.7296546256440253
0.7162939196407806
0.6971854403801684
0.6850154803233099
0.6785322115808184
0.6693855605671265
0.6499183031024514
0.6220405682833534
0.595505764665072
0.5904402574718517
0.5877896696687792
0.5838860866207531
0.5801918912211467
0.571103722179972
0.5458055412245394
0.514841777774586
0.4851601687959546
0.475244934553643
0.4678826116565249
0.4622032883605741
0.455384136279429
0.4495591733368968
0.4462148370265357
0.4389475890632157
0.4296658592380712
0.4224838874105539
0.4144927112165961
0.4048991630810426
0.4002446765902387
0.3973966227137131
0.3953759116086521
0.3930284518603246
0.3847591797030678
0.3804552704037687
0.3782148435807262
0.3693266053965703
0.3653851255651521
0.3645461812605074
0.3620917934702816
0.3604356106052257
0.3590890717414104
0.3571840048252792
0.3553434249511442
0.3537715530470285
0.3519779526076454
0.3509996809678277
0.3502607038457412
0.3474069002487717
0.3463032973203825
0.3452126166759784
0.3438031191534756
0.3425127162730293
0.3410707214772925
0.3394389670774423
0.3369296363525795
0.3339279435133172
0.3286523671495669
0.3211318047226522
0.3173279140282199
0.3164176773823077
0.3129205496405965
0.3124233314711363
0.31212164091203
0.3116020999288004
0.3101242543093581
0.308901512369115
0.3071502529977928
0.30546612038812
0.3041011096576402
0.3031031752627257
0.3010269417175606
0.2988442937761609
0.2980127665840736
0.2975127580486462
0.297243834906756
0.2962429236583857
0.2954475458317817
0.2949876050407383
0.2946366583345326
0.2931756477393553
0.291752789953343
0.2912862976808597
0.2907374438083353
0.2900717017212756
0.289406836463142
0.2884512856406249
0.2864718055173402
0.2821344357938468
0.2686974049732616
0.2595175066748163
0.2534072938931908
0.2381477042843086
0.2355971040729732
0.2338832434784303
0.2322261091272537
0.2306546085829903
0.228706667158966
0.2271703124653889
0.2253056881320137
0.2228424876046084
0.2222962817365161
0.2219557112896386
0.2211153074895908
0.2206013949380403
0.2200018274007608
0.2186578884983662
0.2174719941465416
0.2166688564272276
0.2159308077339071
0.2148569744202165
0.2142326244337165
0.2139158461353863
0.2131396165409103
0.2125789295038045
0.2117084275503424
0.209737241858602
0.2079980749832277
0.2052557425341717
0.2025039469012238
0.2021074467468824
0.2018422244744722
0.2015105742011937
0.2011442030145658
0.2007803338764759
0.1999466923819906
0.198886139949261
0.1978649798573594
0.1969288002797006
0.1964183421578327
0.1963200907616307
0.1958979699167789
0.1954647836795007
0.1951954038619431
0.1948101272347847
0.1945427002856075
0.1941396785500606
0.1938664924488627
0.1934692513335848
0.1927389014659194
0.1918979512740021
0.1886801666339915
0.187237115502723
0.1869944431854949
0.1840654999400621
0.1836076466240902
0.1833563310901381
0.1829928620031231
0.1826604895737702
0.1823109868383214
0.1819523084287814
0.1810660893588673
0.1782934071467032
0.1749426589326461
0.1736647358621816
0.1732802456900839
0.1727982145218998
0.1723373022195399
0.1719272881426828
0.1713482505600054
0.17109110880156
0.1708411970977101
0.1705814565161933
0.1697305312061779
0.1687908091119636
0.1679118032145656
0.1668051587639252
0.1659636748020622
0.1650762753011125
0.1641861051890736
0.1632231761028697
0.1627187285461328
0.1621040232294135
0.1614062698336078
0.1610348195156673
0.1609289708061898
0.160582593669738
0.1604066482685127
0.1601523519133745
0.1599400214245029
0.159689259692635
0.1593051286132617
0.1588127186976286
0.1574180706745093
0.1564076800391424
0.1556834480331514
0.152330736691582
0.1492912947061432
0.1475441670785783
0.1464607740908719
0.1459419222378525
0.1445188722661646
0.1440367985203324
0.143775088025808
0.1435040444299582
0.1426079548003849
0.1421717032906765
0.1418999583415843
0.1415212286324384
0.1412023748406461
0.1409227275810757
0.1405165548949313
0.1401283788245231
0.1399279407250578
0.1398677590749793
0.1396233039371346
0.1394505139503615
0.1393810923907978
0.1391058249986492
0.1384760887110053
0.1370862692373393
0.135532531114427
0.1337233693017709
0.133155047422956
0.1327230219459789
0.1320121698489451
0.1311606675083224
0.1309549977165631
0.1308263029999681
0.1307445426324196
0.1305541570229298
0.1302891045216951
0.1302324329132175
0.1298531865602764
0.1290581824652529
0.1281730563623961
0.127750637072155
0.1276041054831271
0.1270536704596995
0.1268267387461623
0.1266851596927417
0.1263479291844716
0.1259026477838443
0.1256593807693051
0.1254169715670178
0.1251536903292292
0.1249184783041881
0.1245657646891701
0.1244077905911356
0.124244860893552
0.1240868665158338
0.1239034241358179
0.1235623744182979
0.1232113828131794
0.1224602742155833
0.1215882297293472
0.1207667409586761
0.1197097421824363
0.1190578836108089
0.1187128831679865
0.117595743031669
0.117113122892099
0.1164012644797689
0.1162042952971036
0.1160217103956848
0.1157704264053817
0.1155578151793518
0.1152852683564479
0.1150521565721995
0.1148186566026207
0.1145514413012172
0.1142965934050118
0.1138912577628015
0.1133687495834841
0.1122762986392234
0.1114526263881575
0.110912242702419
0.1095423324247619
0.1088432264542998
0.1086489792894107
0.1072348633663546
0.1065983323920988
0.106384716621365
0.1061229835499205
0.1058867002015943
0.105607846025153
0.1052910342294199
0.1051186888702149
0.1050201030857263
0.1047272190367119
0.1045573008107223
0.1044918506216114
0.1042238687989559
0.1041455325422018
0.1040973625457709
0.1039606938530591
0.1035932446281486
0.1025117388384407
0.1020477466458149
0.1013878545984858
0.1009707991897164
0.1005933220126987
0.100103502948748
0.0996849991469326
0.0994453004921408
0.0991606893065472
0.09887958418255709
0.09874878277407288
0.09841974193216341
0.09801305225009552
0.09752922139753675
0.09729933502145925
0.09703997436177569
0.09691074062651341
0.09678781610188425
0.09666661720792914
0.09647304053305039
0.09635202645831673
0.09627452655854028
0.0962103475279952
0.09610613454689537
0.09599429149015953
0.09595972845180661
0.09591571679669113
0.09581520863982383
0.09560316856207611
0.0947761075219675
0.09401753393759332
0.09346895730049599
0.09317487100687522
0.09277956899745175
0.09263196260022348
0.09259361380028394
0.09244987769398907
0.09235058531356306
0.09223660605319955
0.09194625668122267
0.09175381203615575
0.09157465041546856
0.0914328468119126
0.09124555178719203
0.09107386907962274
0.09077212336632409
0.09062718055980741
0.09053637644854121
0.09046657666085864
0.09026288739333967
0.09017460522247416
0.09006884430533056
0.08995628413642497
0.08988545367543685
0.08984114712538216
0.08965565072529245
0.08951036502074056
0.08942191848245314
0.0891999928848219
0.08899015171288187
0.08884976522663385
0.0887930398052332
0.08861290349837034
0.08852264038281885
0.08846204869670871
0.0883890991710464
0.08817987430868467
0.08805590461773993
0.08797582225503225
0.087735345937676
0.08758735538893593
0.08752147935547952
0.08744002379858495
0.08736834888643535
0.08727484590420496
0.08720268943829651
0.08713010954839699
0.08693037884974801
0.08668097108205609
0.0865873750375464
0.08658068446525569
0.08643175656381513
0.08638205848460329
0.08632210692667877
0.08625948426114181
0.08618776716123591
0.0861226364788496
0.085982317504741
0.08557365723717938
0.08532654588978317
0.08517366216888327
0.08463412479541861
