9.779696084876354
7.615206289316165
3.677949435227473
2.632294291526027
2.22660159590241
2.018446070446324
1.890790079144574
1.801507390333269
1.658685049951706
1.507498962322383
1.373065335847036
1.181862625382494
1.111361648321411
1.103845540531732
1.018824370613004
0.9799160769260817
0.9699254352299624
0.9280870398445294
0.9069972192776316
0.8807200563974624
0.8238331755521581
0.7477518120767129
0.7040922522714391
0.6873776702475118
0.6643767251366237
0.6555935906669069
0.6477764036437558
0.6108632077382576
0.5998454834764667
0.5768990012027414
0.5554964540032888
0.5360664031313818
0.5115260592577608
0.4860840289487918
0.4749930036376152
0.4634494791578952
0.4561099225796518
0.4528974582037241
0.4418602581630494
0.4359734334041677
0.4305318689486889
0.4274550557365404
0.4210153558336209
0.4078947851596019
0.3943913126682861
0.3823972757587867
0.368022015794754
0.3618246667675102
0.352841929474675
0.349372460253187
0.3463709358830351
0.3419168617991868
0.338575088308734
0.3359897253582836
0.3327507133211989
0.3291931961281674
0.3253767674030424
0.3225423313713084
0.3211665829890506
0.3156019525080467
0.3143473476221676
0.313333729388146
0.3123787599554544
0.3088485928771402
0.3015588892148154
0.2977544888206149
0.2964063247336949
0.2912844492290783
0.2876401000347944
0.2852406396649027
0.2827654157006514
0.2800286900335828
0.278022702567157
0.277399849344463
0.2765815934450109
0.2758795344944989
0.2750510288299903
0.2741778208622326
0.2729370081922206
0.2713854473018
0.2698143000961316
0.2686581973883836
0.2678727694617951
0.2668849415633723
0.2657587826144932
0.265242189906113
0.2639940573943059
0.2620189521193193
0.2602664922165255
0.2594445078524004
0.2588651886272867
0.2576451019972249
0.256483178390592
0.2554625216131045
0.2549582961240788
0.2548853997629549
0.2539259636457684
0.2530666905684497
0.2528462127198599
0.25204789838453
0.250125424500557
0.2474484146618106
0.2435869229574638
0.2387777883856601
0.2332847424267539
0.232137710361766
0.2317041260356697
0.231463159060359
0.2313347895150199
0.2308600933306248
0.2304863196106385
0.230123920471951
0.2296198094690048
0.22864107257992
0.2276413980290747
0.2264319853447332
0.2250628417046915
0.2241733686259473
0.2239102960156061
0.2235372349475565
0.2231875913342157
0.2230352297044182
0.2224569653046834
0.2217793400786343
0.2211528807291123
0.2205521638891788
0.218632366889808
0.2134762482273702
0.2014376172647781
0.1964239062963196
0.1946449195691265
0.1925009495051084
0.1905458989292636
0.1881581426694174
0.1869325473029979
0.1866615235898743
0.185011097668549
0.1842433440828725
0.1837893585781588
0.1833059775325153
0.182018011403302
0.1812935010947224
0.1809062748924813
0.1807331600278503
0.1801717176888993
0.1795658781857075
0.1794285051364206
0.1790664866072487
0.1785847380165381
0.1781378383177765
0.1776459314660092
0.1774325983607558
0.1769947329524818
0.1764286543339985
0.1760023332675857
0.1757600690099128
0.1756080598559558
0.1752948112141552
0.1748126446940918
0.1743395398915448
0.174156587826635
0.1741359474547478
0.1738212820933883
0.1736875251834309
0.1735825208171886
0.1734010904358301
0.1729714403535579
0.1727323975154813
0.1725909668087133
0.1720310829427889
0.1716635290259279
0.1715775117114921
0.1714726108754631
0.171398723416868
0.1712923583142594
0.1710997282331352
0.1708264555151125
0.1707033433354069
0.1706276944909808
0.1704918901690689
0.1701255659654926
0.1697907634792888
0.1696038359221816
0.1688488922290953
0.1682872036658007
0.1676688124007376
0.1655600929219677
0.1635053842380144
0.1623843424017009
0.1621162008004234
0.1593487728148741
0.1585801226088175
0.1583740360182103
0.1581391001823508
0.1576508817143643
0.1572012006998413
0.1554678736538384
0.1544769978211057
0.1532201466531682
0.1526527757120908
0.1525223690690919
0.151324156086784
0.1510139245178707
0.1506818465400091
0.1502248641082689
0.1500898520105577
0.1499363329423309
0.1497845236259662
0.1495892606308946
0.1494809343031038
0.1494065311050372
0.1491546346509005
0.1490109561849161
0.1488122678554232
0.1486307968137964
0.1484884797680285
0.1482521927767785
0.1476813938981059
0.147048970056858
0.1467798321590436
0.1466820427260661
0.1465708264827848
0.1465134464354288
0.1463404759989903
0.1459552904670487
0.1457290968683312
0.1454229673210455
0.1452026473270425
0.1448943586470604
0.1446497818043206
0.1445030173224652
0.1442081029662131
0.1438781909317956
0.1435101320459959
0.1432779739392412
0.1431247097118878
0.1427974136108985
0.1426425768776991
0.1424989120562821
0.1423408747095853
0.1421473259074104
0.1419614173526806
0.1417682417463544
0.1416161492043114
0.1414121613072098
0.1412181119347954
0.1409902382301923
0.1408942801013278
0.1408130607345396
0.1407603537660285
0.1406383098151471
0.140394807489643
0.1401540545466136
0.1399339176726629
0.1397961622067926
0.1394944746131352
0.1387180820467302
0.1384474713735358
0.1380511454271262
0.1379893451550581
0.1379538456157691
0.1379233201325556
0.1378145129371485
0.1377788318630672
0.1377010143770341
0.1375236714789867
0.1373698496958617
0.1365551020670969
0.136182565648736
0.1356879553716537
0.1355214532443691
0.1354229716030697
0.1353146318391246
0.1351852992193588
0.1350729715912526
0.1349652494383285
0.1346757766429292
0.1344826431532632
0.1343080527803522
0.1338763280765802
0.1336035109886818
0.1332639612105329
0.132941587517155
0.132612907908348
0.1319309702859983
0.1313337753198296
0.1305746180109332
0.1301950671054632
0.1297275668683418
0.129578771575866
0.1294898251278145
0.1292502043786391
0.1291239151689647
0.1290639384575425
0.1288818976727186
0.1287305862814059
0.1286220598088433
0.1285560723983711
0.1283605383769389
0.1282453709907588
0.1282271315527586
0.1281594883078477
0.1280778941170271
0.1280420069082854
0.1279846448915372
0.1279420964055623
0.127779101992895
0.127611992785574
0.127548485193325
0.1274808885881363
0.1274007980133922
0.1273064903298909
0.1272203125587239
0.1271821395617406
0.1271299568528037
0.1270728197712151
0.1270229977390475
0.1269687062648696
0.1269265695030989
0.126640065658311
0.1255226615516196
0.1246199093442487
0.1232455744492057
0.1226182079326827
0.1223989532174408
0.1218861843759932
0.1216543368974699
0.1214622490436624
0.1213023607778579
0.1211990515610027
0.1210913905703211
0.1209635018065952
0.1209003133418134
0.1208898653410946
0.1207743807881258
0.1207270153150736
0.120664319197637
0.120603191597205
0.1205482698836396
0.1203592380945522
0.1201715830825489
0.1200270146870316
0.1198262522738878
0.1196538220518526
0.1195379159833574
0.1194736242775781
0.1192877310066211
0.1192045412791349
0.11909101071936
0.1190545331789571
0.1190190689180235
0.1189345936044344
0.1187284221820734
0.1184561033039828
0.1182879228663627
0.1181836617303421
0.1176489675001612
0.1169600395898254
0.116802699265056
0.116707156134214
0.1166317658061421
0.116571119766372
0.1164588985834074
0.1163173585779337
0.1162526471731793
0.116208640026214
0.1161620488993086
0.1161372769683566
0.1161006079615239
0.1160692622637468
0.1159904243757955
0.1157271742238714
0.1154328900451396
0.1149357218355369
0.1147038414425055
0.1140085679157143
0.1132357490920186
0.1129038094646734
0.1125468877002133
0.1122290898299873
0.1120539686363007
0.1118683355575808
0.1114084719000784
0.1111805635140435
0.1110600852979762
0.1110353523221216
0.1109156047829112
0.110828791202744
0.110799417848272
0.1107569385641414
0.1107134697465384
0.1106213623927801
0.1105052731504663
0.1103763300868896
0.1102956748683133
0.1102649527933355
0.1102254627286599
0.1101833976175159
0.1101427112281025
0.1100273827423669
0.109384583986561
