6.157041669052512
4.3000381409529
3.102807305684798
2.433728718456021
2.200809459822094
2.01606348699
1.909307091285714
1.741346209423762
1.689170162284
1.583647943120164
1.519521956442521
1.434118662024195
1.312515040233158
1.247358291425779
1.228876713460033
1.179998778153795
1.151486717746757
1.114774188153133
1.061588071591842
1.025274329770659
0.9591600145515013
0.926503794122189
0.9077029909482899
0.8929085944679348
0.8546274870121395
0.8399590463975436
0.8213609404400455
0.8029576368206697
0.7835399084295196
0.7430629876652407
0.7224020120350125
0.6882498694894129
0.6737026864915533
0.652143279125964
0.6396827989273376
0.6288270371078866
0.6105697538030668
0.600975036772993
0.59754638775252
0.5924093376687243
0.5881337452482166
0.5858457032377914
0.5757895535330777
0.5711340281390246
0.5689026028346249
0.5589000002685323
0.5574080925772831
0.5556627915692081
0.5449323805207651
0.5298139875140281
0.5220111172588635
0.5188767824999065
0.5150578456243921
0.5130306542669876
0.5119149250100645
0.5090070151035996
0.5069210446654193
0.5038256182024723
0.4931850146849964
0.4882987192846193
0.4784951464981484
0.4642853127884632
0.44956871630645
0.4477606826305535
0.4464036000255818
0.4457746892447593
0.4444151394344125
0.4425998565776463
0.4415027335647566
0.4397351341121791
0.435761769760244
0.431164907367008
0.4249931113292533
0.4238270055473427
0.4231672710235787
0.4221680867039423
0.4199256317350402
0.4171275653939824
0.4109586767546206
0.4069448932386015
0.4011468289753896
0.3980056579791278
0.3967335809842856
0.3948163736636386
0.3931765508061705
0.392461068212616
0.3910653912269349
0.3880704123501897
0.387492973340905
0.3866682133411376
0.3859211082599942
0.3850715496159366
0.3837792071819834
0.3802970627003425
0.3720968398096398
0.3651388836854534
0.3605713542702875
0.350363069757129
0.3443584694056536
0.3405670864059824
0.3321979342555667
0.3294614941126032
0.3281983891452829
0.3268790602723648
0.3252344700398065
0.3246587458414145
0.3238033695941364
0.3235804735025732
0.3229856664711514
0.3222652558068286
0.3205036804078213
0.318909227953322
0.317287681187928
0.3160714527478126
0.3150615662340226
0.3137903147658602
0.3129892495296775
0.3125194945152319
0.3115230827431976
0.310604710275728
0.3095137915227233
0.3081986322538516
0.3076760928567346
0.3070913432672298
0.306465262044717
0.3058323110544444
0.3052442362500461
0.3045749370661119
0.3026123735529535
0.301014499049174
0.2991502480035482
0.2969346163888701
0.2959254159703244
0.2953518073371623
0.2949700440751765
0.2933992110256893
0.2926707273503518
0.2922713589794217
0.2909815094832089
0.2901615060977871
0.2896729693665999
0.2884765837402887
0.2880705915279663
0.2875427663958469
0.2870582199824556
0.2859483280008372
0.2845647539029305
0.2835376731443635
0.2825342317927297
0.2810601532636798
0.2805410215993413
0.2803056068492268
0.2799561698615793
0.2797201558643598
0.279492443775451
0.2789951851816834
0.2778918245052996
0.2775883964402608
0.2769539742187785
0.2756585103477545
0.2737793921703972
0.272804073170105
0.2723623835780986
0.2717352744200647
0.2714632205110628
0.2711984126877195
0.2703918826562857
0.2697074888030404
0.2694271190783631
0.2691873570042174
0.268845873135958
0.2684441294116325
0.2683136842598868
0.2681422102861123
0.2678488082838091
0.267435117987427
0.2670426950007169
0.2669421038126285
0.2668031992489282
0.2666516162111059
0.2665631283640304
0.2664117868824658
0.2660655304701609
0.2656242037194881
0.2653853694960432
0.2652371512620605
0.2646115757150181
0.2644442128638918
0.2642958357776279
0.2640788583903046
0.2638265926801049
0.2636961865179565
0.2636163629893471
0.2635241894042911
0.2634124095535659
0.2632944437804126
0.2629790840436564
0.2604513820873837
0.2527012808977917
0.2466487429080431
0.2405577171152423
0.2368936548245541
0.2345516823859242
0.233626206650721
0.2309248110164095
0.2298414678534711
0.2293250550326969
0.2286112381021012
0.2281572355565789
0.2275863284104545
0.2270255102066703
0.2266000888935242
0.2261272262663677
0.2254836666763005
0.2251205025040163
0.2250147479377126
0.2247595370433744
0.2246111173691872
0.2245272998973351
0.2244816963522138
0.2242960608504934
0.2242393191728924
0.2241116082718173
0.2236037414446348
0.2223445015150265
0.2213217822067426
0.2200068534334201
0.2193682858240073
0.2191141393279815
0.2189760232568385
0.2186886266598063
0.2178159939327641
0.2176730546920199
0.2174736099360836
0.21738484568607
0.2172783078097115
0.217039234697136
0.2168340100308385
0.2166231853968992
0.2165005341183559
0.2163945280816623
0.2160546024800577
0.215858345745111
0.2155944978365262
0.2153963579595677
0.2152864664640478
0.215179088108541
0.2149577639300988
0.2147791760334574
0.2145999494014392
0.214439158258465
0.2143609330051708
0.2142690642173623
0.2141633698491035
0.2139816566970044
0.2138529741117508
0.2137097573225746
0.2135264858931334
0.213064205346595
0.2120378365350596
0.2111321649969267
0.2105344143091133
0.2096723327999291
0.209444868325512
0.2091625209056028
0.2089973025930992
0.2089407188383219
0.2088562075468841
0.2088109963822591
0.2087739642564111
0.2086492931494532
0.2085247943230561
0.2080772230552809
0.2078586999662426
0.2075689914058414
0.2072772723940553
0.2071871179805338
0.207141593034093
0.2069622594488124
0.206869710429408
0.2068455610921827
0.2067280273447056
0.2066840291107151
0.2066565902754922
0.2065409431591734
0.2064969115194805
0.2063840462719196
0.2061566242138363
0.2058170405735124
0.2056451212903654
0.2055939536034679
0.2054706582951074
0.2054093240125113
0.2053374817603399
0.2052656173266384
0.2051368703979659
0.2049967273426974
0.2048126364918628
0.2047551400667855
0.2046714458501675
0.2046376651628912
0.2046174882433286
0.204535821413276
0.2045086270039855
0.2044747507717223
0.2043739691426024
0.2037078461678913
0.2031688738746107
0.2024956151283995
0.2015295694823757
0.2005817750182314
0.2001512487954075
0.2000849228875527
0.1994236782998251
0.1992441444481969
0.1991766001608782
0.1990978090391626
0.1988885973091437
0.1988051693200945
0.1986874416589871
0.1986449635194315
0.1986308106179517
0.19850558888987
0.1984658001174195
0.1983703344461766
0.1982637406299028
0.1980308564852541
0.1979743073809091
0.197756526504873
0.1972461683109283
0.1966809948406298
0.1956329998512032
0.1948230770017457
0.1935452265105256
0.1924393156340082
0.1917294543662869
0.1912255312993207
0.1901321425998272
0.1896388784613216
0.1894418087644884
0.1892487275418555
0.1890258413911891
0.1889261977205228
0.1889073284591629
0.1887788489562625
0.1887348315714445
0.1886846686213126
0.1885969089837471
0.1883876349703369
0.1882544958649785
0.1881952147935659
0.1880777148155667
0.1877894922753528
0.1876368443280762
0.1875943729321475
0.1875382312779832
0.1875141296301105
0.187506918568182
0.1874323958565985
0.1874017109523419
0.1873060625078528
0.187058248060976
0.1866786408534718
0.1863441524563645
0.1861929419227648
0.1861824202976142
0.1860508536596448
0.1859836605569304
0.1859501436424741
0.1859114552580559
0.1858449055341337
0.1857780335525417
0.1856936937560709
0.1856072402833473
0.1855672655918827
0.1854643506316077
0.1853246625799191
0.1852060615950318
0.1851694486648625
0.1851361570315227
0.1850843041835826
0.1850058471537957
0.1848471612073584
0.1847024771083342
0.1841177755666362
0.1835888118813038
0.1833061913578495
0.183172026957607
0.1819222478398554
0.1815147642112722
0.1810009538387607
0.1807458831513682
0.1805361850635733
0.1802432823208488
0.1798731694413652
0.179841195601868
0.1798068360130844
0.1797831950502393
0.179757697427527
0.1797117563553035
0.1796453584201064
