22.65278663894063
16.69303975218449
11.72848337543386
10.39561753043055
8.821632416662036
5.973133565509203
3.975168103521304
3.709235244195589
3.055686574545095
2.142881285551146
2.016342500842623
1.740616893055361
1.39955529401115
1.272347544588323
1.111932528677844
1.017709873782333
0.9749697293281965
0.8999268484558809
0.8672112814120734
0.8503349277662589
0.7947548555017573
0.7428294436940951
0.6895871738456916
0.6228483105629277
0.5999928361688573
0.5769170608542902
0.5527416429007749
0.5352290808274147
0.5266016545156597
0.5137727331031827
0.5072868505057143
0.5032419200154035
0.4981690006012949
0.4955605996822665
0.4917878634592143
0.4879017555247092
0.4849724680040544
0.4742651262311461
0.4569634902831398
0.4361314610755325
0.4226311557511823
0.4152927357681038
0.4067090600434348
0.4040693297918783
0.4020342914368705
0.3981997262387686
0.395132668556969
0.3936732041158056
0.3917375868195137
0.3827906569737456
0.3766996032465556
0.3516803167118588
0.3488149369223238
0.3447761407795449
0.3429464474075244
0.3420383503709737
0.3388337521954937
0.3378036768950713
0.3365882447669698
0.3330089316886092
0.3291099860029281
0.3258424016527057
0.3236149841799051
0.3200625529488434
0.3168078821181057
0.3152403125204949
0.313916067351983
0.3085539719095873
0.3064331029540127
0.3056926223993701
0.3033105684100322
0.3005362279364275
0.2987520961572376
0.2974272354362566
0.2955563087279894
0.2947752257249545
0.2944367314901419
0.2934969384482726
0.290525772629822
0.2886867411093916
0.2878917070931832
0.2862863902646497
0.2849249230499695
0.2831615112467162
0.281057685806323
0.2802587184017839
0.2796165927233193
0.278601518037965
0.2769547723583294
0.2759017330797182
0.2737238513355304
0.2714753913729499
0.2683855703348392
0.2661595669705195
0.2645822211142878
0.2624253633446959
0.2590695505595229
0.2575555903595859
0.2570371907591534
0.2563762448386521
0.2560955081993413
0.2558127650511292
0.2550474727079255
0.2546534405242511
0.2546105994539987
0.2540886386836969
0.2537326184686781
0.2535228206490412
0.2518561371964431
0.2494946148058789
0.2471597366009711
0.2469596638665892
0.2467989699863389
0.2463629174980863
0.2450078130288491
0.2421522942238393
0.239683575979288
0.2320277805868687
0.2275486014980486
0.2258188578645254
0.2210402419979308
0.2191190635959653
0.2165504582838812
0.214272299318775
0.212316427432028
0.2099905899100879
0.2087998800159171
0.2081130259515716
0.2076774859042275
0.2071839106065183
0.2065393791125491
0.2064138856453391
0.2061288312686473
0.2048317887056285
0.2038850401827494
0.2030888230916175
0.2018549366419609
0.1999519756892228
0.1994036880307463
0.1978699305767127
0.1964217589746538
0.1930201343327886
0.1898902608732717
0.1860937793386868
0.1839794820409069
0.182960948299343
0.1794962360602817
0.1784591188456009
0.1777490023158546
0.176694962743544
0.1762390461144212
0.176086853078763
0.1755112133756107
0.1752602634083581
0.1749961258173758
0.1739388060829516
0.1733563650616055
0.1731692309591861
0.1724995880533728
0.1723107185502658
0.1721875335325422
0.1720370199973285
0.1713647353922156
0.171062841667784
0.1708640574773587
0.170408632234062
0.1697453454696518
0.1694537991456443
0.1693533381310928
0.1691027436879934
0.1690008943683127
0.1688593591000623
0.1687334109888897
0.1685989943521065
0.1682603642857311
0.1673599024721305
0.1660275219260487
0.165501174737062
0.1652487529401502
0.1648818071620005
0.1645934637048172
0.1643640538446989
0.1641006908380782
0.1638745338337238
0.1637124758291916
0.1636208404338032
0.1635229978267474
0.1630900019939695
0.1630257193052523
0.162978496814476
0.1628475785545177
0.1626644372202867
0.1625241931340266
0.1624740825793577
0.1622778121944904
0.1618447855417148
0.160416607073364
0.1571163573801997
0.1524879166794994
0.1493147846789946
0.147556898666752
0.1457179309495919
0.1442123375218684
0.1429852116320674
0.1418788711970911
0.1395551137868035
0.1376238104857845
0.1373265784483614
0.1370952366354209
0.1368807823378224
0.1365165175372406
0.1362834510424707
0.1361302754773117
0.1359611720090275
0.1358042727497339
0.1357141249686742
0.1356629023024132
0.1354807690054626
0.1353145308700185
0.1352332290809034
0.1349821924097459
0.1342893037074838
0.1335264434163526
0.1326343748298645
0.1315786144079283
0.1306437082611602
0.1300318774459577
0.1298976130403533
0.1297041968128745
0.1294964822957628
0.1294139741719706
0.1292337657767708
0.1291207800567905
0.1290241416054771
0.1287625795987828
0.1284454958502451
0.1280950784625088
0.1280042404266279
0.1278785785604829
0.1275431569289023
0.127163200777137
0.1263342203601036
0.1253447500087773
0.1242440131185467
0.1239181007838591
0.1237316664145101
0.1236451075957616
0.123459429894909
0.1233488287812358
0.1233060329656682
0.1231643691446499
0.1230867122097467
0.1230047136021463
0.1227309336426702
0.1224027757688572
0.1221946327788902
0.1220866498877374
0.1217455997177204
0.121504877460598
0.1213110768073381
0.1208960304275234
0.1206683144827678
0.1205756808306368
0.1201703989812825
0.1200575586709688
0.1200208092698446
0.1199089267205763
0.1195294920663289
0.119102492539585
0.1187896611625877
0.1186147274279247
0.1184002808158187
0.1182720530025219
0.118205466807801
0.1181098330805455
0.1180274285837658
0.1179841254723529
0.1178152282310737
0.1176663570928659
0.1174044767629493
0.117240634960379
0.1167500635866363
0.116257821043227
0.1157818298593511
0.1152309499315806
0.1145966770437691
0.1139716164052124
0.1137036634599641
0.1136675984881605
0.1130574504505194
0.1128466915342571
0.1127230441081547
0.1125613757226371
0.1122640960859475
0.1119262023416106
0.1116760253874032
0.1115373604914358
0.1114160065596966
0.111342452170522
0.1112451315477531
0.1112023109255452
0.1111391405373564
0.1110822062234796
0.1110303984158863
0.1106143478211877
0.1097268415112644
0.10868911036668
0.1081203986759198
0.1080373942026993
0.1077364184474491
0.1074997549212159
0.1073228083489727
0.1070199727482251
0.1066768895863473
0.1064774842745996
0.1063928221817602
0.1063145931101816
0.1062283669592438
0.1061113424730064
0.1059848598050184
0.1059031123535978
0.1057941382840564
0.1055920251453267
0.1052934414561858
0.1051751165328879
0.1051235794606009
0.1050558902699544
0.1049846705078863
0.1049226923152692
0.1047890722521004
0.1044774558329607
0.103628487247296
0.1025221749027585
0.1023133273639117
0.1018929914233472
0.1015443192422399
0.1009816150785523
0.1008225440069442
0.1006372218386121
0.1005434644246063
0.1004162406059322
0.1003641158025179
0.1003116621665726
0.1000788434190012
0.09999922196319946
0.09990015476867893
0.09983230349150525
0.09976558862427169
0.09965856422829336
0.09959476121776802
0.09956768188490429
0.09950469558052205
0.0994566743322025
0.09936674380266151
0.09927460356734875
0.09924133087959869
0.09922406629223145
0.09900413089705934
0.09879816356369037
0.09857319652793377
0.09801114278426999
0.09704342442372742
0.09620862296746056
0.09511576202639749
0.0926239419937241
0.091303161614175
0.09066242580340308
0.09001131951593241
0.08928519127564252
0.08749868995237482
0.08649474252644955
0.08418319364800274
0.08169420551084548
0.08025169500496292
0.07933597517261384
0.07880297259209762
0.07767722924897905
0.07719210238494359
0.07662529703099293
0.07623853964694087
0.07599079523530056
0.07536971229427217
0.07479470527765794
0.07461151510283916
0.07436863216251285
0.0742914996304067
0.0741029285879406
0.07387352261596679
0.07320243673929311
0.07287888623872997
0.07283904198427858
0.07217663820213242
0.07195642671206115
0.07181146636991401
0.07166982951094794
0.07146908663474054
0.07139430857291755
0.07138880316170187
0.07131337781211301
0.07127073540364594
0.0712394648256881
