7.490468666645531
5.35331058812141
3.551136428944559
2.891627965558657
2.774673506112264
2.254363437911761
2.11049165331417
1.94418635914981
1.812942033011508
1.695465473222393
1.575385066274064
1.511990733679486
1.444274923006997
1.38310294657419
1.311313362368725
1.239700269498842
1.199661761324917
1.174359931830697
1.092655746542324
1.066747507719326
1.027838176910661
0.9848178813079018
0.9721567279350537
0.9456398753332911
0.8946366726822207
0.8286086324728398
0.809183750712378
0.790791167786698
0.7712247452473789
0.7540765237830834
0.7405913759312867
0.729596242490647
0.7142789355958804
0.7045716689791036
0.691588313241535
0.6858148500637099
0.6796954430245855
0.6761392443792654
0.6735518152488116
0.6630029645272546
0.6594982669898148
0.6578796846684759
0.6525328300115141
0.635075923884389
0.6024137249173973
0.5779607245568466
0.5534662356147961
0.5288031634272076
0.5070962645696817
0.4933839625953092
0.4853087287188459
0.4831667555462026
0.4754186945867585
0.4725621545622079
0.4694425915178126
0.4656111154696104
0.4637016323734204
0.4586789770180904
0.4549035861712081
0.45093493570801
0.4473518347749331
0.4447053041869902
0.4421350777665188
0.4402120633226593
0.4371480577446835
0.4337495719381775
0.4324743724731603
0.4316890383824459
0.429277964862613
0.4236483198882398
0.4161407563363996
0.4132747583735877
0.4117629434864526
0.4097002964336177
0.4080875844478262
0.4071273255448646
0.4062287930867186
0.4037289106336028
0.4013199478172697
0.4001566730413409
0.3985585919854755
0.3974787395613431
0.3968867671242778
0.3955899764182377
0.3937100075517843
0.3922112208727097
0.3909349255373186
0.3890636816750698
0.3848649734225199
0.3827113392187442
0.3751657914604126
0.368789646705164
0.3602294046678883
0.3559638184900621
0.3540020394813265
0.3531705384921503
0.3523607956667192
0.3511373529678829
0.3507288278221836
0.3502990892683787
0.3497272405555411
0.349195353298878
0.3486239768376134
0.3470282004598076
0.3440645203546877
0.3407207540870124
0.3390360779113072
0.3375249410105929
0.3356735276947481
0.3341676392654679
0.3323724174497247
0.3310824790827809
0.330494865948289
0.3300479994334042
0.3298674828894039
0.3296862121666712
0.3294483150709173
0.3289806424646057
0.3278768717598768
0.3254116130669659
0.3233318187711671
0.321599023647478
0.3191271353883875
0.3177135629305817
0.3158461823606836
0.3149047438382852
0.3148415499719893
0.3141832438485034
0.3138400009345826
0.3131333712368082
0.3123752705993798
0.3121569245644782
0.3119161155140412
0.3116162035734707
0.3113312686031288
0.3098762825955846
0.3079749553620875
0.3063960563719797
0.3054639886693897
0.3049941899852718
0.3048382566879965
0.3041273348261271
0.3038011480187781
0.3035456248738176
0.303359479762223
0.3032361743000994
0.3030861012398852
0.3029188503616634
0.3026280290879659
0.3022709019017836
0.301392721310422
0.3003296309391725
0.2998223199034104
0.2995997216097611
0.2986804782039735
0.2979671415534519
0.2969795420271569
0.2963927863392745
0.2960175055957785
0.294231071960801
0.2920080868372052
0.2912966639878298
0.29077666414399
0.2904260959216182
0.29005182072228
0.2897208450331327
0.2893956335484545
0.2891822880670273
0.2889269465239416
0.2877721410700222
0.2866445663344122
0.2860664182954371
0.2853981884535396
0.2849107226436278
0.2840951606485876
0.2832302179640747
0.2830284714427481
0.2829470834445809
0.2827619355298642
0.2825162349191146
0.2822688778180009
0.2817491665052662
0.2812713132667535
0.2806871745461472
0.2789184527320573
0.2780983968673945
0.2776487799791935
0.2759335363756586
0.2743170284169532
0.2724446938877483
0.2721767236406319
0.2720154089205086
0.2717964668460469
0.2716653430917793
0.2715337333490179
0.2709791894910293
0.2703048638249608
0.2702497354043784
0.2700618855196514
0.2699047778674548
0.2697024499099505
0.2692234276241357
0.2682420114348854
0.26620714712711
0.2641896359972942
0.2617656522975195
0.2590650317729652
0.2578176845406767
0.2564655330319357
0.2551585999018331
0.254430953059936
0.2541458979366755
0.2530099328728573
0.252684391926231
0.2525442904130655
0.2522285624122065
0.2520750813557047
0.2518600853210172
0.2514683268086346
0.2511370549767852
0.2506317159392318
0.2503702128380863
0.2502436556193048
0.2498846600635366
0.249767589025517
0.2496746836937148
0.2494299131026302
0.2491310547578733
0.24894521146841
0.2488210667520182
0.2486751728202928
0.2486103326015583
0.2485322553724252
0.2484413087953285
0.2483500171148894
0.248084061306936
0.2474454855383528
0.2466590086590561
0.2453443236363758
0.2434410984492539
0.2427732079997862
0.2425041377859654
0.2423253801084753
0.2421052006800249
0.2419439619253591
0.2418102079039622
0.2415901991231273
0.2414476282001618
0.2413612688943886
0.2412766552814799
0.2411978748750116
0.2410909430556217
0.2409086602388578
0.2407618884122244
0.2404697112900131
0.2401678790063977
0.2400975685779008
0.2400258673882757
0.2398535532953096
0.2396651010555292
0.2394860579163494
0.2393014825235062
0.2381068448803731
0.2341687469330511
0.2299322119918284
0.2277792642060786
0.2259145707811729
0.2228593997629509
0.2202896931062738
0.2184796816164211
0.2179306257846111
0.2171139499715504
0.2163974999175552
0.2161244465785657
0.215787241675892
0.2155499720042859
0.2152199839723028
0.2150766634238578
0.2149211461710314
0.2147578166385028
0.2142212920178898
0.2138591486066902
0.2137479560323231
0.2135871576918105
0.2135174026945963
0.2134442394728371
0.2132000956569272
0.2130697748221236
0.2129822067413694
0.2129109733355925
0.212818715830257
0.2127216126432519
0.2125677877710276
0.2123694036980673
0.2122802860747325
0.2122139795413549
0.2121894999307834
0.212094708176909
0.2120238131687423
0.211973873265755
0.2117925377975345
0.2111603490819182
0.2103431191834446
0.2100418368414544
0.2098804712234556
0.2094629131160734
0.2089993594315355
0.2087269125611241
0.2086288790570929
0.2083031672277623
0.2082023300472997
0.2080966725499957
0.2079693821313426
0.2079064306814996
0.2078638640190765
0.2078121891479079
0.2077184869180596
0.2076390861943116
0.2076011175213611
0.2075966120013555
0.2075546263184034
0.2075005989534928
0.2074789818336159
0.2074620866453708
0.2073115780613331
0.2072250040953126
0.2071313618501825
0.2070067448531259
0.2069240993551698
0.2068673758033106
0.2067493751845164
0.2065451290793102
0.2065002467626384
0.2064339058000408
0.2064065061783177
0.2063717670203013
0.2063363487424397
0.2062478609461993
0.2060110883080022
0.2050198882955859
0.2034985738230517
0.202961520561029
0.2018785901047297
0.2011556567374644
0.200276417024151
0.1989684883909194
0.1980877070106858
0.1979640648523776
0.1978401207453072
0.197805200662269
0.1977282315973353
0.1976151865056093
0.197518381593229
0.1974797958754514
0.1974217719442392
0.1973809843436145
0.1973345659524786
0.197292661369795
0.1971821617544028
0.196879815154527
0.1965321014639114
0.1964338214092662
0.1963187884057276
0.1962851989998677
0.1962542827570782
0.1962046303378034
0.1961736759614921
0.1961379159683657
0.1960961629185801
0.1960576635778074
0.1960188115958516
0.1958980589087404
0.1954539730788698
0.195135177525504
0.1948263765540917
0.194424540892862
0.19403976494255
0.1939365723554597
0.1938551105288615
0.1937500959478599
0.1935960933615396
0.1935396842184497
0.193515089755064
0.1934515860723117
0.1933555444365611
0.193293295615971
0.1932116226662404
0.1931432727935971
0.1931140572006785
0.1930406949956204
0.192937608130651
0.1928685036852421
0.1928131816569793
0.1927161204145267
0.1926192848561347
0.1925957364934507
0.192580010052031
0.192534868941868
0.1924269214420723
0.1921544687710752
0.1917562200513387
