20.65491597990638
14.09749999379217
10.36877187178673
7.054353151840659
5.566772478973946
3.841017220709623
3.080422994819033
2.728404594306495
1.972378036910373
1.65445649274423
1.54401011634216
1.452363444247525
1.327472630819633
1.215611101464295
1.075930022006408
1.017242917863914
0.9674396949926655
0.8859697589736991
0.8448914659053267
0.838807286795169
0.8189290639071148
0.8099184473375489
0.7802134457921308
0.7435402980848198
0.7241753574559689
0.7181722778387011
0.6970778183611303
0.6873667671786131
0.6830589349480019
0.6559031125190814
0.6379231069529639
0.622941608617319
0.6007484418410214
0.5750213322722977
0.5640960464947561
0.5580760392894981
0.5440609532949731
0.5388085023044263
0.5352464046413761
0.5296997064014428
0.5220304743844232
0.5192485484163576
0.5182436234134827
0.5156042567501461
0.5139720005503657
0.5079902394420798
0.4924928697471894
0.4704399134478687
0.4612419256824701
0.457991074970618
0.4545303094899688
0.4498024930247866
0.4487957714752402
0.446445639066905
0.4429128500716464
0.4403348884151379
0.438763454561332
0.4365205550477042
0.4346294288956321
0.4326774355410795
0.4293992823209709
0.4226416347203816
0.4147832678203995
0.3991720282482972
0.389499684032396
0.3808909513441543
0.3721511763511678
0.3592982509953576
0.3538218573694596
0.352364335155687
0.3510412099551385
0.3479141696875138
0.3438145857012979
0.3407020252387915
0.3398051091089385
0.3372090801034357
0.3344234538796446
0.3282597967623442
0.3227293081550363
0.3159339506448843
0.3006906380911694
0.2902180926489515
0.2790902987588131
0.2683560537254931
0.2647357140703802
0.2597885970775761
0.2576244068369515
0.2573694071013469
0.2557160450637105
0.2548074541253567
0.2543277040741821
0.2523909210128138
0.2516424580105023
0.2515654428978818
0.2497378048688997
0.2494126462165278
0.2489702638023241
0.2485686298722798
0.2475479110936578
0.2452966334136871
0.2428030836916271
0.2413400367444493
0.2410098230185219
0.2395473741003999
0.2388886808647195
0.2384596056459856
0.2379125628587666
0.23699600077672
0.2365205144141587
0.2363269923754007
0.2358042313436778
0.2352355228579098
0.2341305447987471
0.2329289600333393
0.2316708210672427
0.2308398905927066
0.230215327385157
0.2286889619108655
0.227956326284996
0.227110265456342
0.224537008669772
0.223283523093714
0.2230791862053451
0.2208361071806702
0.2201042293817845
0.2197364154336229
0.2192165975002236
0.2189703463740507
0.2188661556673247
0.2184520912414627
0.2182653366599177
0.218110878032103
0.2174902692478363
0.216648435546635
0.2163838867046197
0.2162597960172144
0.2160746023146245
0.2159552650118258
0.2156134471782739
0.2145240305902907
0.2108745495392358
0.208393683405206
0.2056020963157862
0.1952273985100271
0.1923016529114913
0.1900540643690419
0.1861585261825482
0.1838063939438246
0.1830677700708709
0.1822385205952319
0.1817714886566737
0.1815790922700171
0.1809165370045609
0.1805937062594077
0.1805500090660683
0.180111895438707
0.1798311779307935
0.1788202862890048
0.1777822094626413
0.1772618655502129
0.1772103579921201
0.1766625909237665
0.176455486010334
0.1763489494833513
0.1758901842663431
0.1756968065566069
0.1755389563560568
0.1752672939808707
0.1749838296037264
0.1748979213084939
0.1748059605529206
0.1742795596137542
0.1730742019595857
0.1725409343070652
0.1718053640302668
0.1711363906005029
0.1709078810733695
0.1705927807975168
0.1703916376649537
0.1702087426858827
0.1699371106860303
0.1696539859475145
0.1695551899422677
0.1694212370246653
0.1693117544402831
0.1691764240385336
0.1690604945205793
0.168639699341081
0.1676680551894811
0.1663708395930172
0.1652756053007721
0.1649829615604173
0.1646871087448585
0.1638913394704281
0.16354176400304
0.1632486897866314
0.1630078302852331
0.16263539992726
0.1621061159616421
0.1619307936977185
0.1617124132617037
0.161493538362224
0.1612339475467959
0.1611191555065916
0.1610974442388974
0.1609334789464332
0.1608383593859176
0.1607057970377434
0.1605050864952903
0.1600633636793419
0.1585252211975399
0.1550380605843309
0.1529650419263275
0.1505812637756969
0.1482239282870998
0.1423027354257956
0.1398969943270274
0.1376044434083256
0.1361686239092577
0.1349666267753127
0.133335643850711
0.1323461056872249
0.1319374223020849
0.131441249133378
0.1311306887610635
0.1309032409617269
0.1304298800451201
0.1299065602629496
0.1297340112531792
0.1292843432686577
0.1287143010749676
0.1281059191231479
0.1278579471841949
0.1277138815983135
0.1275855175241218
0.1267856298219349
0.1263736173127281
0.1261383814414201
0.1259556554288541
0.125456852780946
0.1251517076580673
0.1250422265834452
0.1248880913001915
0.124779187296495
0.124685207084817
0.124376513925323
0.1239383047034382
0.1236676267558255
0.1235502143285081
0.1233888146564266
0.1233276603946818
0.1233115743668762
0.1232416084513834
0.123186331550751
0.12305443402687
0.1227394577457615
0.1225632676333836
0.1224863434195531
0.122202531362776
0.1220491038831178
0.1218422104725011
0.1216540649278043
0.1214813614222436
0.1213746709980216
0.1213286678170497
0.1212366317147865
0.1211140059093591
0.1210044171762349
0.1207861801423715
0.1207028545294199
0.1205799275325294
0.1203649972168763
0.1199669215529138
0.1194074707327929
0.1192037466835917
0.1191182039503252
0.1190342835260901
0.1189177723673288
0.1188854165429761
0.1188525915651594
0.1188046261904955
0.1187060035003792
0.1185629492953951
0.1184413871338335
0.1183534542143947
0.1183022519262028
0.1181301198150572
0.1177923383384171
0.1173537709822317
0.1164473198553537
0.1153404335143773
0.1146193174906633
0.1142131819389148
0.113727481610515
0.1135440152618747
0.1135118917185731
0.1133989588706927
0.1131556348293907
0.1129452801136718
0.1126533242175867
0.1122596338069222
0.1119533282070194
0.1115861522487545
0.1114621504961951
0.1113401957408244
0.1112123324403232
0.1110807127505651
0.1109922198951727
0.1108392549073218
0.1105882510091938
0.1104755778684572
0.1103441867548739
0.1101817946384454
0.1101386243472053
0.1100737075339153
0.110010348947978
0.1099838599947535
0.1099697036619101
0.1099095178347912
0.1098761996256507
0.1098559620301183
0.1097683683371987
0.1096864554915856
0.1093061886510294
0.1088194320730012
0.1075064602791983
0.1066427201682936
0.1061285690869198
0.104925482295292
0.1042255654119099
0.1038078394420921
0.1036599600190939
0.1031387441348226
0.1029298637474869
0.1028350600446634
0.1027457610025943
0.1023590954532259
0.1022651418233913
0.1022217104642457
0.1020946817358117
0.1019448423752494
0.1017966509192332
0.1016381488900264
0.1013472658649362
0.1011514075880083
0.100845466890007
0.1004274364778964
0.0999970868749087
0.09982975440504062
0.09969641614153035
0.09962292805325924
0.09953499213247116
0.09932840443236797
0.09919453974900405
0.09906498439160316
0.09895749703327059
0.09883469507775179
0.09875400419090845
0.09866559303891
0.09861968022276921
0.09856096125681844
0.0984926486273317
0.09844026497089776
0.09837515183985855
0.09831069829189421
0.09825868596130917
0.09815881486382329
0.09791422054755926
0.09754468951929211
0.09718350573385359
0.09705470946107882
0.09704114442260639
0.09692484598783256
0.09689399657537236
0.09684791013040236
0.09682846025297168
0.09678366222572549
0.09672224083837996
0.09654683128420148
0.09635758116895662
0.09618849944944896
0.09587004902267261
0.09546451117179648
0.09395703531354628
0.09321268742747781
0.09313848764931337
0.09273909799593025
0.09254387596935974
0.09247859555264731
0.09223099429685672
0.09215998541537405
0.09201265013769802
0.09185071584674465
0.0916906066411944
0.09160713190300394
0.0914845263185587
0.09143346836003581
0.09138783568013266
0.09133364735266837
0.09126306916610843
0.09121479819487906
