14.47997148446836
10.03267819549738
6.202095754212278
4.367761998440704
3.910821668228006
2.269760859433823
1.88097641522775
1.626490431975993
1.495534421628781
1.312513806058026
1.169059850895064
1.077722208997355
0.9873499500463643
0.8861176967324216
0.8481984214987581
0.8020870371620133
0.7661904023132182
0.7244823054283198
0.6819918117176603
0.6463575110676146
0.6122952181475687
0.5765566618693881
0.5444981774802102
0.5292297821027527
0.5115548737259653
0.4966647967447528
0.4825581500154764
0.4631426683305519
0.4542936363158569
0.4495858821016553
0.4470929989150667
0.4390744511105955
0.4329565033067743
0.430967757082186
0.4284582808673063
0.4269434959095407
0.4250248821327994
0.4230303973747123
0.4204058015063715
0.4192092191528856
0.4166678355765877
0.4054498363715869
0.3980054296766111
0.3933313007248364
0.3868772111094466
0.3830811948858967
0.381886654487762
0.3803887454415448
0.3797282951948326
0.3787712929316789
0.3777784597697429
0.3769611514542855
0.3690858263338011
0.3454102128066007
0.3372351815629773
0.3320764953959544
0.3253190585932451
0.3161917484554974
0.3106364081328956
0.3090447446237574
0.3068480204580537
0.3033232191883118
0.3017006409127093
0.2971637010271695
0.2911186473503203
0.2900521039196768
0.2894210227215722
0.2889003069375264
0.2881484861041609
0.2875717681621902
0.2872601095437056
0.2870129174467084
0.2860909403696421
0.2855709591718577
0.2852862443109501
0.284270322091871
0.282541797005836
0.2805734110854151
0.2766024898987843
0.273902715162008
0.2712518664310625
0.269954811065068
0.2682148827423689
0.2677226373986372
0.2673789141935698
0.267134798732194
0.2660376383507031
0.2649369018381579
0.2635862264665209
0.2629104523621471
0.2625493236361667
0.2615087849144543
0.2603093834008755
0.2590426950607146
0.2576623231781107
0.256514720609831
0.2557427129147398
0.2550523239850492
0.2527856849361391
0.2458757986451058
0.2415987629243109
0.2384200859770868
0.2358912994517895
0.2336938000496552
0.2311700634869282
0.2307034879743089
0.2303918993872919
0.2299271866803295
0.2296276877747897
0.2293216194648994
0.2281454391687993
0.2267847603613884
0.2265524377056013
0.2263138480029475
0.2255145418777947
0.2246214186083312
0.2238726505747602
0.2229780842969122
0.2221464211569063
0.2216145969438168
0.2214184655395948
0.2208715668758053
0.2203979687239605
0.2200570258234878
0.2193605737206721
0.2186677191812866
0.2183925038584422
0.2183771615700011
0.2180492477116081
0.2178688776169748
0.2176005112063316
0.2174167710183786
0.2169596197482588
0.2163953550229053
0.2154656193523719
0.2146217541869465
0.2122341800646184
0.2088935872464437
0.2050808644315235
0.2043572360516851
0.2041495387088912
0.2037158429231454
0.2035059283007682
0.2033486713491872
0.2030898277652691
0.2028710754165683
0.2025764990289117
0.2024953041761378
0.2022010674534042
0.2018500581158869
0.2016229983818671
0.2013286838316162
0.2009832129784127
0.2006854141941979
0.2006078634411495
0.2004357590309943
0.2000140299979699
0.1994639600660281
0.1991176218898817
0.1989741977673684
0.1985180458736122
0.1980947543776197
0.197681792019306
0.1963457717579341
0.1957021919786398
0.1938861684486808
0.1914481070682653
0.1890557426075985
0.1873046850762475
0.1864653537791052
0.1843984055966555
0.1832180174389227
0.182691997962495
0.1819447080711667
0.1816652836471465
0.1815346801081483
0.1811478652733659
0.1807364793104465
0.1805205880133405
0.180406894753708
0.1799526879757685
0.1796450760490891
0.1793689497197548
0.1791932408882755
0.1791310056873597
0.1789821518070296
0.1784460546233733
0.1774971068173893
0.1770027025779287
0.1763135213876784
0.1757159405790747
0.1754501461816338
0.1748997752194075
0.174740862883149
0.1745758585327707
0.1744050496476754
0.1742385683914754
0.1737769202262397
0.1731445751696684
0.1728529462362351
0.1727273138388715
0.1715492462036901
0.1705151186319198
0.1697769944703724
0.1690729744482291
0.1680328528969084
0.1670256201324823
0.1666236360779735
0.1663989371264165
0.1663563538317951
0.1661938055356683
0.1660334300620937
0.1658613373492977
0.165776396603336
0.1657337995342091
0.1654284486158465
0.1650141298303825
0.1647658231452694
0.1645182151341511
0.1637749866647067
0.1630876460240654
0.1628425538293492
0.1621273242917235
0.1613292983071895
0.1607508828240535
0.1599652332693287
0.1582514225610701
0.1564695418931008
0.1544582853322637
0.1527702315208192
0.1506694594694971
0.1497346222384665
0.1496109598170957
0.1479071042372578
0.1471740114024914
0.1463196705090896
0.1462307518370437
0.1460595573736613
0.1456789364349378
0.1453077549684612
0.1450709075380299
0.1444964423486655
0.1441826623064179
0.1438691341935344
0.1435416661521301
0.1430791423044502
0.1428131355047253
0.1426586743604783
0.1424657960756443
0.1419378921994948
0.1417456001178807
0.1415037480964838
0.1413757894414595
0.1413360123407072
0.1411753369025978
0.1411117108854252
0.1410984098160173
0.1410152112664253
0.1409575924631631
0.1408939966802269
0.1406809661058724
0.140410204651777
0.1402306161096955
0.1400938090116836
0.139889884065396
0.1398094479297105
0.1397943398669665
0.1397466821638827
0.1397166136374052
0.1396072713761169
0.1389984899178322
0.1375720707938132
0.1363130608629232
0.1345870283165433
0.1342437902426707
0.1339053852201353
0.1335234160188274
0.1333122938491925
0.1331421654929956
0.1329193829465785
0.132829458347048
0.1326486143046161
0.1324081774505745
0.1321983122904213
0.1321070210457275
0.131837807183902
0.1317065069692759
0.1316420339854951
0.1313522662901063
0.1312341666561145
0.1311446703335682
0.1310911626199353
0.1310292634827027
0.1309682562459996
0.1309111823303781
0.1307855374402421
0.1304278641313753
0.1299979996796155
0.1294442316683319
0.1286318779592133
0.1282246605133245
0.1277851768327918
0.1272959942895726
0.1270065427197007
0.1268628104634474
0.1264348685701063
0.1262028899095251
0.1260841919001538
0.1259694653558834
0.1258058204844655
0.1257396867535063
0.1255764636491936
0.1254500429774823
0.1252807356007199
0.1251064158873137
0.124912550633869
0.1248074677926234
0.1247490120672943
0.1247066658536537
0.1245922368971996
0.124477494807802
0.1243352221698816
0.1242986394304303
0.1242591072539041
0.1241358390750986
0.123706418651848
0.1228435373790407
0.1223010989463846
0.1198996502844287
0.1181336950611218
0.1168928430119439
0.1160978042629387
0.1157677292228184
0.1153048914927352
0.1148915426424012
0.1146290688680086
0.1144499894119171
0.1142216757806931
0.1141010417601172
0.1140459849206974
0.1139205688106655
0.1138134155203458
0.1136409326759651
0.1134956311828589
0.1134518454863984
0.1133511510137905
0.1132147516955768
0.1131475963576101
0.1131245499613149
0.1130242163333875
0.1129906011314406
0.1129621955918782
0.112884972876801
0.1126748599838301
0.1124247903557522
0.1122100973730189
0.1120264607234719
0.1117260919047406
0.1115713232596247
0.1115128029225311
0.1114697570126274
0.1114540394179779
0.1114324588919302
0.1114100903845966
0.1113592871483432
0.1111599984942511
0.1110058138849013
0.1108414350246692
0.110374280208382
0.109066211816626
0.1084032033228735
0.1081907634910519
0.1074029071808908
0.1070222446861664
0.1068480805322486
0.1066044267538044
0.1065057887050957
0.1063390303097264
0.1060885490961138
0.1059291735351189
0.105872938267073
0.1057397159663944
0.1054135164093893
0.1050743208608027
0.1047727615052254
0.1046404839654044
0.1045235425859538
0.1044236468379593
0.1041327348647285
0.103950256051727
0.1037279157617823
0.1034770178851678
0.1034153157080504
0.1032511061933866
0.1031759156681733
0.1031682973681186
0.1030702232010991
0.103026311277319
0.102976769848279
0.1029239649493045
0.1028628863866739
