18.43360972714106
12.6655267184252
8.181222539151545
6.000071936273334
3.848004535428926
2.738145537711895
2.112936010844988
1.820496514876323
1.723871809589044
1.45985123947389
1.253359343283604
1.099977619366667
0.9454001770812435
0.8603113818158288
0.8162924514765776
0.7623973878067568
0.7056831128466765
0.6553380381027269
0.5927540869471167
0.5671306552208412
0.5334856231391941
0.5240681312343992
0.5109182659000073
0.4971557539157753
0.4903071926860573
0.4863721918226074
0.4576587976911475
0.4338482690710581
0.4172860961339889
0.3934924325088802
0.3885636576557724
0.3857459029176681
0.3838683113104882
0.3773827354539178
0.3744000738449718
0.367519312790956
0.3519667736058165
0.3342141099589855
0.3250257876862305
0.314868148468667
0.3073145104821772
0.3020608169323034
0.2949975424649792
0.2917412573712551
0.2899296025128517
0.289479878637901
0.2878391054456572
0.2862019776772377
0.2854815875016832
0.2837693757164486
0.2822052959609093
0.2813849954184306
0.2807644384854383
0.27929872826978
0.2753853799991961
0.2700760212596097
0.2667192010320608
0.2651378381823281
0.2635854358586089
0.2627569930225921
0.2624676083284289
0.2613175519400451
0.2606286494989672
0.2602600809771292
0.2589405296767355
0.2575231319515975
0.2546378967659892
0.2513902912533538
0.242902036335276
0.2359133762987516
0.2312422572808466
0.2262947216791431
0.2233028616618982
0.2191378521658538
0.216415845989897
0.2142390759783425
0.2080737250332903
0.2049421152105285
0.2030350142822092
0.2025508580546524
0.2009289514139045
0.200358273334936
0.1997809844461496
0.1990057177296015
0.1981998604938365
0.197828252107733
0.1973765994187104
0.1968228073968405
0.1963608317892393
0.1961670734748908
0.1961356919246814
0.1956833547403174
0.1953236857991174
0.195133624066902
0.1930560796782467
0.1863351932474782
0.1832969158601877
0.1807642130685822
0.1768408487480315
0.1749957730567869
0.1742360155936019
0.1737634943423949
0.1733035555031788
0.1722976270940992
0.1716891927082589
0.1715511894406235
0.1710644570199412
0.1708139483969114
0.1707481644942236
0.1705130575468981
0.1702551370254541
0.1700276631499825
0.1680234832140532
0.1656362088877823
0.164869897936392
0.1645377691745498
0.1640669956202585
0.1636918736054434
0.1634290087414435
0.1632579060165447
0.1623399409107695
0.1613977262768437
0.1605628319963669
0.1600101376865691
0.1588420641253891
0.1569386881906805
0.1559763074497809
0.1558533094691952
0.1550015937980536
0.1543213459781929
0.1540448975098598
0.1537706574286765
0.1530421982875411
0.1523239891014834
0.1517049157243869
0.151297311364321
0.150949531610504
0.1505293001709839
0.149732981609464
0.14898055866219
0.148489912413838
0.1481863632191872
0.1478601800870567
0.1475349063469257
0.1473385697623313
0.1472606757411209
0.1470745827710103
0.1469152994377647
0.1468135209106161
0.146618309194122
0.1463432572817274
0.1461466470420014
0.1459650844407457
0.1458693345596678
0.1457620442567191
0.1455175476158186
0.1451902312474492
0.1450596367010075
0.1448809259029798
0.1447689147040612
0.1446025131093084
0.1441629692268522
0.1437134012412054
0.1421700183565459
0.1405931040756034
0.1393625822220001
0.1379454115131234
0.1328581708885007
0.1320202064375535
0.1313258920785355
0.13060430222789
0.1297573302166535
0.1289396480428982
0.1281654077260257
0.1277169873002147
0.1271439996400746
0.1268108299333444
0.1266716316781657
0.1262148482391554
0.1260313739192734
0.1258086483845476
0.1257219564969498
0.1255420329684294
0.1253070439297107
0.1250721960048433
0.1248255523313901
0.1247391644149689
0.124549640578114
0.1240292668782222
0.1232954565972133
0.1227076212926039
0.1222058693691624
0.122008760237328
0.1217584682741532
0.1214806727947751
0.1213556313874274
0.1212148801732816
0.1210763995298808
0.1208970568473557
0.1207763714662602
0.1206586535207483
0.1204725127878431
0.1203430180781131
0.1202280636474949
0.1201560922165527
0.1199719185151104
0.1195375537401951
0.1190629977072187
0.1179103745549536
0.1130371355164822
0.1109151994171741
0.1097233870147793
0.1083580063191908
0.1077531554002432
0.1074523715367082
0.107272911658096
0.1065696514632916
0.1063178886280207
0.1061990240327791
0.1060854358066934
0.1058387566219528
0.1055120979390316
0.1052202509936605
0.1049635542772851
0.1047210510210026
0.1044589469112247
0.1041059144482859
0.1039324317763424
0.1038262155169918
0.1037006209034248
0.1036353083728038
0.1036056353331282
0.1035239780354456
0.1034724166577724
0.1033477540215095
0.1029746022764956
0.1024413715822862
0.1021485698978142
0.1019783234351756
0.1018127911159365
0.1017268155864925
0.1016510955177812
0.1015296213226853
0.1014128401911876
0.1013730096908715
0.1012837064388184
0.1011681838083286
0.100917171316707
0.1005707202749804
0.1002562511582545
0.1001055833051021
0.1000871921387015
0.09997255105674273
0.09987984267430369
0.09985564229981672
0.09975104071074158
0.09966796850531758
0.09956334982985081
0.09949410705126734
0.09942518509950754
0.09917576502471505
0.09887095165362403
0.09874276580514278
0.09864723262584534
0.09848463326398231
0.09820700493182401
0.0979340647890416
0.0975836834563233
0.09720325078274446
0.09705878234545567
0.09697622071238957
0.09678983645608912
0.09654556383227307
0.09606119876317135
0.09556868130829756
0.09491695673936953
0.09375521067061969
0.09303518274966564
0.09238817391685111
0.09001922444441911
0.08689383465121929
0.08539988140647602
0.08498118669639625
0.08473405094359578
0.0844754952984863
0.08425139017286971
0.08406232527559543
0.08371756326007486
0.08353112349839154
0.08344262838471461
0.08333625658758047
0.08328091712515162
0.08326026150482989
0.08317840647609337
0.08313790103416781
0.08308943276941073
0.08295144107643754
0.08263356453027459
0.08218550322250641
0.08173231877084594
0.08159945674317039
0.08153002503146486
0.08140495697290057
0.08104341916574392
0.08086398295596083
0.08074652182444825
0.08061912040559867
0.08042598180864159
0.08030928113424836
0.08027380367801462
0.08017542537194387
0.08013005365784058
0.08007769266378714
0.0800176636600219
0.07987924206829718
0.07972197975395492
0.07933439935980506
0.07898820388932735
0.0781409612871334
0.0770474381956439
0.07617274469818755
0.07566874411321051
0.07500132649676132
0.07448127536782911
0.07417740361706006
0.07385643977287178
0.07345357449611957
0.07314285778716387
0.07300543047294185
0.07251656036239702
0.07207741655684237
0.07170572619146064
0.07131190793401258
0.07085238242089953
0.07038021249614165
0.07011592965915128
0.06982770331849533
0.06944482148552929
0.06930490095116713
0.06928301342384684
0.06908218475582975
0.06901712056505055
0.06894338696522735
0.06884777957297517
0.06876671656404437
0.06869225541144217
0.06854170843584784
0.06823265766541678
0.06806119536075173
0.06796527598318439
0.06784609889424568
0.06771732732731672
0.06757623544716647
0.06745184811173943
0.06722002002090047
0.06713651553561494
0.06703466922508942
0.06698224009942362
0.06696576389046235
0.06689537978433922
0.06686577328324822
0.06685179541208941
0.06680634587274351
0.06678110486223844
0.06672008106163499
0.06663752272181322
0.06641000674872043
0.06615152081281558
0.06584446867636853
0.06575036813623127
0.06564217930391647
0.06554968553261777
0.06543927220999408
0.06537322031299876
0.06533332956626441
0.06519260405453119
0.06513886646841108
0.06508667105670177
0.06500647121990499
0.06495833058171289
0.06492899554032101
0.06489955948918857
0.06485907282062653
0.06483243855075708
0.06479379946010749
0.06473141227287964
0.06466993848307898
0.06457936586645069
0.06451058655789121
0.06447801433832381
0.06443084500972662
0.06438596349103012
0.06435644529560998
0.06432458799845002
0.06421324431267682
0.06400490320140641
0.06369092536257472
0.06324864912695299
0.06300726148714354
0.06271427855244424
0.06077371263461875
