34.22201704958304
19.84907589180757
16.44226842142463
12.40763319503951
5.675966945833666
4.010646562265402
3.790939407537525
2.247915724512516
1.731332704188349
1.472530340259724
1.277166880180346
1.127058911659874
1.045673001121959
0.9698669432629564
0.8930396994939113
0.8316463550998856
0.7794928556990799
0.7323369560577963
0.6818607978468166
0.6560988299387512
0.6223113812704117
0.608541399217574
0.602764271126108
0.5760066328766605
0.5681772252479489
0.5637319742336406
0.5592298868306166
0.5398446793560531
0.5353308862125933
0.5309563272084198
0.5119893607175959
0.4945082227014922
0.4755845700558939
0.4627238158551768
0.4550385174917451
0.4348193951839219
0.420351114582124
0.4153438028021089
0.411910913765821
0.4102858772561639
0.4079582770550325
0.4055588222528348
0.4035713346732642
0.3983950723964258
0.3918779586659982
0.3709956185678807
0.3673190730903179
0.3632574776786258
0.3591430746192858
0.3550462824539702
0.3503328867257596
0.3461881663317555
0.3421575308751957
0.3301072888905304
0.3181668856481399
0.3057534848101591
0.2938668231878022
0.2851443889887763
0.2820614540379273
0.2752118213473963
0.2709722883708082
0.2677132117751007
0.2628783524170046
0.260411082923863
0.2595423590218699
0.2584241659173631
0.2576083535347067
0.2548044229060411
0.2516301596208822
0.2500262095665697
0.2485485988328664
0.246281669206416
0.2447637182751932
0.2437616174798985
0.2428116065699467
0.2417842080623158
0.2404540495703993
0.2392510753189926
0.2387257179940016
0.2386350180208094
0.2366899876300003
0.2354239783651243
0.2345917684809045
0.2323700805567763
0.2309985464925889
0.2303609844229873
0.2294359334400235
0.2287671134778333
0.2280470619997516
0.2254841567831039
0.2226578708871844
0.2212664439791482
0.2211483394045615
0.2195858940969528
0.2191388020050658
0.2189862322594487
0.2185062750462295
0.2165724739121448
0.2146158716466887
0.2132594161325422
0.2121825264090506
0.2083206768275661
0.1993340045107372
0.193736228291093
0.1894210365116651
0.184956411104698
0.1787686186103387
0.1760412302050037
0.1745731252910313
0.1739259181131432
0.1730211867035042
0.1724598154826208
0.1720080312374098
0.1706238093763725
0.1693835745653369
0.1686740369668503
0.1679952884164481
0.1671284773994249
0.1665925152560027
0.1662906009234596
0.1659667199231981
0.1656284055562854
0.1652540082712554
0.1645276553868955
0.1639834811702066
0.1633406486878714
0.1628569000885035
0.162620230933143
0.1621130965782801
0.1616706406190737
0.161021428717299
0.1604043233952362
0.1601678305937076
0.1598610396499558
0.1595436148437699
0.1592495674373673
0.1590005223072
0.1582195771324745
0.1572031153765807
0.1563621753054523
0.1559557443187059
0.1555252939339159
0.1549765749103401
0.1544380796083507
0.1541458411723386
0.1541033486839195
0.1539027745423324
0.1537266798115509
0.1536229690619554
0.1534438260390207
0.1532627558888724
0.1530708127549975
0.1529449157128777
0.1520961214602769
0.1509337062301788
0.1482841863372473
0.1465821234047896
0.1448826234862568
0.142499783775457
0.1407062491656534
0.1402871530544793
0.1397776911626576
0.1392850266485753
0.1389607258627655
0.1388161389114343
0.138502053074159
0.1381131199136044
0.1379561860997108
0.1377384326254718
0.1375388150874833
0.1372071186280647
0.1367341497242453
0.1362976231425571
0.1361200719070438
0.1360877834601351
0.1359408643775162
0.1358202790632813
0.1357214307363051
0.1353366192132972
0.1349185265254386
0.1345656376606219
0.1342076426364578
0.1339009794933843
0.1327257536363623
0.1316780606632676
0.1305470223151284
0.1299878455552901
0.1298300535611157
0.1282372021953989
0.1277420183289983
0.1274915214741439
0.1271666319297853
0.1268657750221323
0.1265868841400589
0.1262579048857204
0.125276801295866
0.1242186355982096
0.1231436724260919
0.1221511424506478
0.1206086749670768
0.1195805855347445
0.1159825967393245
0.1130321760045374
0.1122798677333364
0.1112999101550113
0.1105976490772538
0.1103174251373908
0.1099597630548663
0.1096489998539963
0.1094633971804299
0.1087986874144071
0.1080741087550529
0.1076519833893297
0.1075207761610439
0.1071955667833096
0.1070204514628002
0.1069891650924434
0.1068537872449202
0.1067614535700123
0.106703473969784
0.1066398948722183
0.106448486705458
0.1062085288867168
0.1061829102692293
0.105966089030826
0.1056147748939573
0.1053151384459517
0.1052002763822486
0.1050800361052547
0.1049454987415194
0.1047989559597308
0.1046504675932262
0.1044824066588818
0.1043161722450429
0.1039907209780927
0.103585115882451
0.1029271491890585
0.1020002239801267
0.101504270163304
0.1013662016617734
0.1008537948971119
0.1007841393282091
0.1007031229563387
0.1006357961531392
0.1004637409868365
0.1002535027440484
0.100089829207083
0.09998786529893079
0.099789235553381
0.09940819898066322
0.09913596682940441
0.0989817102749346
0.09881253740088523
0.09839178827429002
0.09819740439666315
0.09801541457605527
0.09779659477606595
0.09754923880792982
0.09733596486119689
0.09709780882755746
0.09682518066030944
0.09661138850393365
0.09635755248950351
0.09617890418482998
0.09597603863088519
0.09569401643177178
0.09559962443085472
0.09556831102370128
0.09549419051768973
0.09533121520416121
0.09499041695541194
0.09398442610921091
0.09281616763105428
0.09068828191430524
0.08874393528951691
0.08700865366187355
0.08536050503146583
0.08292805020684291
0.08162518554953936
0.08058398358314248
0.07981927660532696
0.07890843747392269
0.07816457959535679
0.07775120731555288
0.0774080995574901
0.07625224977836474
0.07571882971660833
0.07543565883824546
0.07532340854223478
0.07490114309981535
0.07459209147453025
0.07449016546060788
0.07439118485643295
0.07424743013461907
0.07418559842102911
0.07398958296292672
0.07354928087325974
0.07278929211112528
0.0722507711033689
0.07212682855324304
0.07200663333541261
0.07193193300472052
0.07172683970935734
0.07147993669270916
0.07119110870765973
0.07102451953909418
0.07093471391457838
0.0706634318015105
0.07039187264011769
0.07024293374552568
0.07008462702051942
0.06990859498217833
0.06974467608039964
0.06959764402097769
0.06940106465094439
0.06918268975783437
0.06911946012702262
0.0690857129499402
0.06905798849288744
0.0689729713516523
0.0688805842578618
0.06883983198435324
0.0687522316051426
0.06853805361532159
0.06809736887645397
0.06747168815322155
0.06707511381994127
0.06681617254500503
0.06663985206557115
0.0665539783100314
0.06642631065064773
0.06638387473488222
0.06634999917351897
0.06620002282136865
0.06611702119058172
0.0660689952075625
0.0659560881155396
0.06589136729359389
0.06580949757863876
0.06574591815337981
0.06566716116444304
0.065568514469714
0.06554145163561644
0.0655120269134041
0.06543180002685563
0.06532265410368433
0.06522467356779134
0.06501921241436306
0.06476765785328895
0.0645107131943447
0.06427884639334458
0.06406696393523102
0.06387561103999635
0.06360086615631289
0.06337598069322871
0.06322709213462013
0.06310665023682013
0.06294301977762978
0.06278429160028828
0.06273645055901204
0.06268476566012317
0.06265831357031323
0.06262306702769094
0.06259074310093825
0.06255889515832516
0.06247043369581587
0.06218083131438677
0.0615742948045381
0.06094417364797346
0.06009511300190875
0.05950409977876905
0.05913861741318097
0.05879112368287808
0.05828877616640996
0.05795394547329438
0.05780665672304145
0.05772679352891091
0.05765799518337843
0.05750854360548392
0.05738207019598863
0.05729085642907977
0.05720196013203194
0.05711708214993641
0.0570084383832558
0.056818792028372
0.05671119183821818
0.05657162549911555
0.05644313445900418
0.05638113016616961
0.05636626054358444
0.05622568119552063
0.05616007654382293
0.05615020625093675
0.05604700219386041
0.0560054398892
0.05598079484466371
0.05594607305706344
0.0558857782374494
0.05580317242472543
0.05574779899967246
0.05567090861818914
