28.22593377723258
17.58898301810582
13.04719675554417
8.585081692717104
5.099015479008139
4.597098719913878
4.11590890723498
2.416397617987389
2.22760948971725
2.045412099224896
1.697934466234028
1.591397478487892
1.543037108844906
1.343978304347753
1.260522971670967
1.205279325491062
1.014498001395772
0.9305301383026868
0.9070333313259984
0.8753877396974321
0.8475856837005186
0.8237000396403069
0.7939607932061477
0.7613918423570494
0.7464917325438946
0.7445205925157206
0.7246292538619971
0.7105678587940264
0.6981103799132967
0.6557327556267408
0.599260281009288
0.5807150766337345
0.5743137928684612
0.5668669885000532
0.5582640464921352
0.5518126686828334
0.5429841137884347
0.5344495378277329
0.5300312171183097
0.5278857761876677
0.5207484713323103
0.5163054417422063
0.5133512371388944
0.5041445214025245
0.4991986249298276
0.4919099997796146
0.4897041935593882
0.4866314454911664
0.4840168429021457
0.4808819176947473
0.4724595278035033
0.4550657205097811
0.4202061378095402
0.3693732245677777
0.3526402756111436
0.3491385735551225
0.3469849327444319
0.3455397938116915
0.3424825815574203
0.3399973903890951
0.3390412017523831
0.3353533835275442
0.3319068913790997
0.3243648536169592
0.3197020044627623
0.3168290824653444
0.3080327930137948
0.2981621029560403
0.2952884992135932
0.2916066586766316
0.289060954910857
0.2871561265117846
0.2845814157028872
0.2836014640695708
0.2826106833362261
0.2801101138752106
0.2788364850791036
0.2762127815466326
0.2726127033528921
0.2709083454896179
0.2698900665463674
0.2693973807116086
0.2682931705949914
0.2674962173782452
0.2671708739549807
0.2658808009437326
0.2653757334918128
0.2653674703809567
0.2646033989066156
0.264030713445345
0.2636118406453687
0.2619195933765442
0.261179725847923
0.2611108094804721
0.2602458572929159
0.2598966483572449
0.2596117630982312
0.2589477128612105
0.2583963622608004
0.2574550639413413
0.255423890050161
0.2542925531130683
0.2527619645645254
0.2515715757818438
0.2503670668877392
0.2496100412146149
0.2482884036065019
0.2454068331978678
0.2439294593787404
0.243037655853891
0.2394711874075861
0.2386262501839174
0.2383495158618203
0.2380382440387654
0.2353957595741553
0.2253974266544099
0.2158541671216157
0.2119847060740397
0.2119431834574746
0.2062157857062236
0.2045163663367698
0.2037824968496509
0.2033237025980056
0.2021507754733355
0.2016957352772493
0.2010095637965416
0.2007272570773621
0.2003712298635532
0.2000099985532612
0.1996687133311998
0.198997270101523
0.1979880983645917
0.1973169577377644
0.1965884285637234
0.1959565317801598
0.1954784196806298
0.1950688180791721
0.1945947295973629
0.1942131401559292
0.1937428186995097
0.1933448421067421
0.1931114975283721
0.1928171147176321
0.191171763785176
0.1898379415382885
0.1894004195693416
0.1875758710841301
0.1861681303881734
0.185244235095718
0.1845007673097317
0.1794875456616153
0.1739343252624657
0.1734762608975089
0.1732398592963864
0.1731862707325216
0.1729530457236363
0.172757716024638
0.1726263800990397
0.1722877528005219
0.1718788515944866
0.1714838275563869
0.1712850984689709
0.1709946417489529
0.1707107405399454
0.1705887318900692
0.170414745577431
0.1703280410664052
0.1702083213637062
0.1700441915390108
0.1698868465240269
0.1696338748285575
0.167190616676646
0.1570774979964243
0.1525525436735783
0.149109220934506
0.1466205062737472
0.1430750366512456
0.1428046261802522
0.1424369040662184
0.1422959720522435
0.1420881296963298
0.1420154113419136
0.1417524943417019
0.1411185915854546
0.1402916990907741
0.1397434974365347
0.1395344751815574
0.1390952909325872
0.1384980606632852
0.1381463702544745
0.1379970792009154
0.1374125335789492
0.1371999072400727
0.13708566236012
0.1369148311390656
0.1368456440485609
0.136800195779702
0.1367069658584901
0.1366083731243173
0.1364791581086167
0.1362269802048454
0.1358680707686757
0.1355545346634488
0.1353964424275252
0.1353716190739099
0.135261791532587
0.1351697822923041
0.1351211964064732
0.1347613412652923
0.1332209287796727
0.1315667116926633
0.1306455419323845
0.1304929295175882
0.1298929448102925
0.129599395929575
0.1295288433205578
0.1294301217658559
0.1293304191168647
0.1292369825361807
0.128928130981843
0.1286707539276924
0.1283712924056286
0.1281748776838365
0.127908806591493
0.1274057758159406
0.127058477390932
0.125965027340911
0.1244020613228561
0.1242363124160836
0.1240007511346294
0.1237507095880229
0.1235665033823001
0.1233210582203454
0.1232702907234737
0.1230967139812932
0.1226052499778915
0.1219823154941316
0.1217436215250606
0.121419755136545
0.1211696521791503
0.1209877260231147
0.1208528700303704
0.1204966032071649
0.1202798244310038
0.1201326338115728
0.1200122984141931
0.1198505745842478
0.1197867661501516
0.1197152378055361
0.119440518781786
0.119251558180786
0.1189983531507217
0.1182137127534802
0.1176893182566782
0.1173210126311093
0.1153188167397703
0.1133515507849036
0.1123736491235519
0.1119714997284754
0.1113925710934148
0.1112132642234526
0.1111262295327219
0.1109335417006873
0.1103943028708387
0.1100555594407293
0.1098537754051
0.1093855510071199
0.1089581580644984
0.1085537364272953
0.1082746285746137
0.1078564652414431
0.1076238085077633
0.1074486705133079
0.1073349964463711
0.1072380732963706
0.1070692693772249
0.1069377482118946
0.1068650720005681
0.1068356258810087
0.1067060895183328
0.1066117404679894
0.1065769242355411
0.1055451544857079
0.1046409729202487
0.1037158436856666
0.10259431704955
0.1020537426233821
0.101902086927608
0.1012478592938575
0.1008687534051076
0.1006436168922716
0.1001340470441364
0.09937368312486537
0.09914050666771872
0.098975334457164
0.09869883895312645
0.09842407593127282
0.09829315335401506
0.09814980942982499
0.09804681698648406
0.09791305302142167
0.0975497768486674
0.09735907988119441
0.09722179291541379
0.09684495470510933
0.09670915053353867
0.09663456681730236
0.09654209563887377
0.09643243807496409
0.09635873668209968
0.09619681626533814
0.09598206378263596
0.09581062570601478
0.09566293918956931
0.09556688703001243
0.09543534908056246
0.09531625050047124
0.0952448074247101
0.09520248931640134
0.09507729050855392
0.09490900911416987
0.09482730295947837
0.09480833441304894
0.09472480718995116
0.09468975476053054
0.09464042827101632
0.09456978592086496
0.09434744033031744
0.09366118506143011
0.09275288842450571
0.09209199512624555
0.09147338410562413
0.09110088761699874
0.09092218053158549
0.09041959838222866
0.09021115007360464
0.09001632626086495
0.08958879432511954
0.08920698099740322
0.08898102735130214
0.08836495139275648
0.0877284254491998
0.08749535415560909
0.08745213013068691
0.08735652868167171
0.08732781620558663
0.08721017018607602
0.08709200653791681
0.08701147933720331
0.08693241323689015
0.08667371517884323
0.08599337474144318
0.08549002200243874
0.08478545748280839
0.08330004319885134
0.08239034619887979
0.08157107534343788
0.0795166445216571
0.07639429183528477
0.07575276801055893
0.07535575304117768
0.07502580264206529
0.07467548489394872
0.07415317070892741
0.07379090945264979
0.07359155220146751
0.07348921188435532
0.07344298443853321
0.07324728320414066
0.07319132174581205
0.0731546587349218
0.07307391426341442
0.07289128145523223
0.07280354047098556
0.07276328006988464
0.07242379627384471
0.07230030140161839
0.07220242784412718
0.07211429841374091
0.07192947345355621
0.07179960017342991
0.07174068119290913
0.07169043729276221
0.07155290171637385
0.07101336444014644
0.07061852162533175
0.07025327623039186
0.06968439218726727
0.06933883163711808
0.06921129583594002
0.06914752567439296
0.0690622796469972
0.06897951956893411
0.06883474357696918
0.06866902807622605
0.06849266472161523
0.06842492899562566
0.06835177471538871
0.06825099102019706
0.0681802404045687
0.06811215495048695
