24.76915120177935
18.42275009140473
13.29535446894723
10.69390977835462
7.737287747835823
4.486564241156016
3.181695157419146
2.890639079680602
2.293778078344498
1.989546566140861
1.803723658669293
1.535958214045416
1.46355807223388
1.413537884724259
1.303109917754474
1.188907207757425
1.150794279172456
1.132425869313522
0.9601043585776443
0.8714708922541325
0.7740481310427297
0.7020501594413161
0.6686585442131793
0.6482323815759218
0.6195294783390087
0.6077646817866164
0.590127291001256
0.5843548283462661
0.5682585924617317
0.5501965972033463
0.5343986585746979
0.5286012480817827
0.5139395577123568
0.5044613718349855
0.4961005472503083
0.4854803205628256
0.4720793884518154
0.4665044487679448
0.4601489004776292
0.453603160216591
0.4463939891926552
0.4411090823376868
0.4365467259102284
0.429179333668049
0.4235149495682599
0.4213487334881898
0.4194616534774509
0.41721254379398
0.4140101018336877
0.4114928095073292
0.4102250365529483
0.4085105141042052
0.4068061352877266
0.4051456625163519
0.4036241998537239
0.4004369732645096
0.3924036891134779
0.3600059017445861
0.3481324859750535
0.3416515235595368
0.339285655368967
0.3307259325205753
0.3275645134470195
0.3254434805753161
0.3249910042457672
0.3222478188164963
0.3211742146852492
0.3199098613174378
0.3187816405892053
0.3162484932421394
0.3150407359465515
0.3133777691282467
0.3126779046192399
0.3126367385573836
0.3117656972994567
0.3114480789394153
0.3102234147764847
0.3095433362409036
0.30901421367161
0.3072278502521868
0.3066446806661701
0.3061714258917688
0.3054125330744469
0.3032350042868162
0.3021033969810497
0.3005529380772675
0.2964998895452892
0.291852080303655
0.2904254582148056
0.2893226000056238
0.2859655912690607
0.2816856036669552
0.278125438675482
0.2776918178013126
0.2770598973728816
0.2764594393322716
0.2762404372587794
0.2759497792673658
0.2756461556548075
0.2753788412358215
0.2750552420402387
0.2742260160696168
0.2715176988338788
0.2687581893503669
0.2668655603742824
0.2656436245142821
0.2631187207662652
0.2598879166625395
0.2585878100297067
0.2579050408353261
0.2573727274889371
0.2564074920335899
0.2554446361537932
0.255360516395457
0.2552520201252591
0.2546761962896512
0.2535163602784286
0.2520821290899428
0.2512820369991453
0.2512007710154986
0.2507651093386397
0.2504072285901232
0.2502244309007836
0.249014371834041
0.2482720323703014
0.2478533337360452
0.2477353833255166
0.2473139894892076
0.2469286890132215
0.246507020432708
0.2455683861377168
0.2451257541995195
0.2447659680335217
0.2445354574223113
0.2437915864275061
0.2434949383250815
0.2426621463743798
0.241807634022798
0.2396220218469958
0.2379677601306964
0.2355134033611199
0.2324621838101396
0.2308030161539187
0.2297332851891668
0.2284515976280315
0.2277992364192009
0.2271560253627554
0.2263209478163816
0.2259130947534744
0.2258079032112488
0.2254741111901821
0.2252879861014377
0.2251658137476854
0.2246194748598128
0.2243252649144759
0.2241343509073248
0.2239064253996017
0.2237565387539559
0.2236787193372587
0.2235716407147636
0.2234755133390944
0.2233721185950098
0.222900437519966
0.2215558189489019
0.2187097989973924
0.214400340712025
0.2132325016020402
0.2122774631090003
0.211712105244433
0.2109571395469153
0.2108292901252215
0.2106551212517604
0.2105146542239956
0.2103257292947222
0.2101396414382617
0.2098719856095733
0.2090384514788562
0.2080513400370957
0.2076664960273156
0.2074071262522027
0.2070397842222576
0.2060861068538353
0.2048859191337775
0.2043140899330572
0.2040308023226093
0.2036958519050888
0.2033674320429002
0.2030752318743233
0.2024726507779789
0.2016322450205282
0.2007586396221582
0.2006788100231854
0.2005898489388556
0.2004813283060443
0.2002465487673669
0.2000380612053073
0.1998780305568897
0.1996180436551967
0.1991283792360237
0.1985072841216766
0.1979435804376956
0.1973686598001593
0.1966793117786835
0.1961985166246962
0.1958753907013007
0.1946944412228656
0.1937542741319553
0.1928260019655987
0.190724840320456
0.1879939961211932
0.1871969894572159
0.1861441025440914
0.1852627463061038
0.1845050316984698
0.1835922758629444
0.1829746463566216
0.1826814399683846
0.1823491283591751
0.1822032044250748
0.1821105925529563
0.1817745718554478
0.1816582364861055
0.1814977837870574
0.1813442532450031
0.1812283106524109
0.1810581089902632
0.1809119656810042
0.1808483414521982
0.1808409875460906
0.18070439123888
0.1806374370064009
0.180595309187894
0.1801080078010865
0.1795572503772526
0.1787720767659564
0.1783071397383703
0.1772121821259521
0.1746067101958296
0.1729917073915634
0.1708286896509401
0.1701164141633223
0.1698603925581378
0.1696994132342929
0.1695412487881154
0.1693060554710072
0.1692001958532868
0.1691481962077846
0.1689289146865192
0.1687867527551396
0.1686517160528262
0.1682093889545743
0.167698896543604
0.1672879028476945
0.1669511670517275
0.1664032109795549
0.1659799650510065
0.1656639073189171
0.1652668846894688
0.163854504606795
0.1632713576577242
0.1626147199283719
0.1622633227541868
0.1617788124131683
0.1615507121670713
0.1614269307036948
0.1610105937874034
0.1604593496348164
0.1602251781577672
0.1602165161122939
0.1599788896303372
0.1599214798139298
0.1598448362272045
0.1597615987903947
0.1596771867583129
0.159461606385902
0.1589259679618599
0.157523394787898
0.1563334299475068
0.1555917778183989
0.1551548057608633
0.154863610610066
0.1541149957346369
0.1536940618626985
0.1533844491420986
0.1529176913311773
0.1524972132564417
0.152363116398775
0.1522940204410691
0.1522376338199574
0.1520188651532361
0.1519296058973973
0.1518728194718136
0.1517993018067591
0.1515640106995343
0.1513677175404163
0.1508067779435689
0.1502435521434178
0.1496775868841717
0.1495702163140929
0.1494280646070613
0.1492826952474391
0.1491526179141842
0.1489117968205243
0.1485827331449805
0.1482564069464272
0.1481445607023302
0.1480805928661057
0.1479940874712904
0.1479005100065117
0.1478374483227399
0.1477436432885076
0.1475717227703826
0.1474404901749993
0.1471844593486554
0.1469641998110393
0.146915427151794
0.1468852813652374
0.1467654609965513
0.1466389367569539
0.146559200321901
0.1465101197179317
0.1463633225389994
0.1460687371256241
0.1458365482925254
0.1454820305134584
0.145054687897258
0.1448871254283127
0.1448177515949065
0.1447795409771634
0.1444959263122941
0.1443246628260884
0.1442457272954463
0.1440124108322281
0.1433255279261714
0.1424727762436842
0.1419378643919199
0.141638775392447
0.1408240147474529
0.1400972658736283
0.1395581529808561
0.1390272388763365
0.1383415854044066
0.1381077492225142
0.1379636268607204
0.1378335689604696
0.1377414764988684
0.1376576038810705
0.1375617517715104
0.137282456249192
0.1371302405587246
0.1369120782945428
0.1368592708674657
0.1367537237489356
0.1366999346557471
0.1366456549522335
0.1365964510512318
0.1364858537081106
0.136390290295696
0.1363168625630038
0.136220851191913
0.1359000789725841
0.1357435949791694
0.1357164142768122
0.1354217989662528
0.1353885134636112
0.1353465706120468
0.1352775738565544
0.1351968865811174
0.1351188397072322
0.1350421398553172
0.1348601805166341
0.1346677787747529
0.1344170416800202
0.1342506719935269
0.1340464509997651
0.1339689344876627
0.133920606237367
0.1338803703527612
0.1338264508662586
0.1336789512146823
0.1334973924648075
0.1334021306827988
0.1333494019189463
0.1331480100099724
0.1331036515015357
0.1330775809424011
0.1329883741937005
0.1328971529050743
0.1327969300056984
0.1326882311207481
0.1325922182087374
0.1325018954999621
0.1319710830439528
0.1314596221712107
0.1307035951331355
0.1298835508810945
0.1294379837560737
0.1290958548692199
0.1286864189513917
0.1285020940839501
0.1283806776957736
