22.92900695353906
16.92719262492898
11.50266765563438
6.909029981020578
4.850746604587036
3.609143222028948
2.851431209995549
2.299868395741429
1.625618972774854
1.526602611127634
1.267647537523017
1.078854203606544
0.9911474384254024
0.9034350611957653
0.861750231487557
0.8067078279180431
0.7846965047860651
0.7514891534148599
0.7355643927652493
0.729570471994874
0.7097669591155822
0.7011983556918606
0.6985913269572444
0.675663703280591
0.6638446574687514
0.6401154359718253
0.5666770589010353
0.5244938726083465
0.5033600655602087
0.4911478758585263
0.4739742431319827
0.4673336081147274
0.462965907495398
0.4579322866317799
0.445848972906317
0.4376043081253596
0.4289407358646027
0.4204882385834483
0.4139274824507553
0.4032274493628979
0.3971640855244806
0.3936102344975896
0.389060578885887
0.3872602327953784
0.3828817322155245
0.3740842827908625
0.3645744936403648
0.3616043629819147
0.3592313208361685
0.3550852809099452
0.3522775740452883
0.3507499172348444
0.3485380664669416
0.3475834939100086
0.3451182125455241
0.3419222234307977
0.340445129980156
0.3400425274918771
0.338565573599647
0.3378552952209712
0.3373143203223287
0.3342309252114347
0.3312298273763834
0.330165753462176
0.3295678489844571
0.3287024535969428
0.3273766489833807
0.3253792111902064
0.323799886633629
0.3223798719682855
0.320969080534574
0.3180451359546688
0.3053584564789021
0.3010678052580839
0.2986234631817556
0.2963577887960702
0.2903254151486268
0.2888588570601019
0.2879661134104297
0.2871963831972277
0.286319582618961
0.2850587229577016
0.2840833697898019
0.2829835163043045
0.2821962899366172
0.2811495495713413
0.2793123601909009
0.27712711239263
0.2722028002325491
0.2681106454156399
0.2608669485802362
0.2554965030567046
0.2530833473218934
0.2517293876513776
0.2513433354576416
0.2508314839729895
0.2503892886791629
0.2493498446167631
0.248005043290054
0.2449672836951312
0.242482236278864
0.2389081403743583
0.2349838350844896
0.2337654235482072
0.2329077843372628
0.2321674313833799
0.2311165048834246
0.230746869843379
0.2305354633005065
0.2304531210310875
0.2301929458546577
0.2298671970629698
0.2295644968058899
0.2284941907526659
0.2274935480099037
0.2244888296205255
0.2192910923058445
0.2175367589541763
0.2156207334253767
0.2135060244427141
0.2113359324870255
0.2089682799510605
0.203767905924225
0.1999362165579414
0.1967830260869457
0.1957669453978972
0.1944069664420519
0.1930993988105691
0.1917353792197695
0.1896545517721875
0.1885682167348913
0.1879893544685188
0.1878905804809803
0.1871428894579607
0.1869947762637288
0.186377980318927
0.186190587331959
0.1859171537417058
0.1855121558931095
0.1851804119951996
0.1843063749352004
0.1831619568496544
0.1828104308828097
0.1825829635677239
0.1820528053212707
0.1815057741357385
0.1809860011171913
0.1794108103277794
0.1784979415716489
0.1771217068661598
0.1759881168361615
0.174993427383959
0.1738973090819602
0.1734148190891174
0.1732766715342069
0.1719872342173393
0.1717137945822052
0.1713895011115404
0.1710351367719506
0.1707874674973369
0.1704658142588956
0.1700907987835382
0.1699149561204811
0.1698054402875978
0.1696684350282797
0.1694519831329997
0.1688952650409092
0.1678229449531001
0.166389545864161
0.1657828795282473
0.165647095226768
0.1641580129317905
0.1639846025085726
0.1637309552912872
0.163574008389942
0.1634208392626901
0.1631582265001907
0.1630656248490298
0.1630047013426227
0.1625907133848576
0.1620161316089179
0.1615881515878445
0.1612379691045356
0.1607590035147212
0.1601718529008108
0.1599813741301549
0.1598801592433844
0.1598625757663177
0.1597148567001906
0.159576607774181
0.1592741859213948
0.1582519399396828
0.1569705136707725
0.1559257728981955
0.1550324521544486
0.1543141264051008
0.1532952852500581
0.1503652565250264
0.1477078745696244
0.1451656021178391
0.1427342124338466
0.1395089404886959
0.1368800272961772
0.1356175039087527
0.1343934752338342
0.1335853771198269
0.1328696252319362
0.1320223196784843
0.1316111091551685
0.1314983629301442
0.1307485179139205
0.1305895085223543
0.1304556865537803
0.1302898179695599
0.1300585050668419
0.129936253951227
0.1298520535353679
0.1297464684298816
0.1296768166548064
0.1295991754967638
0.1294719226040201
0.1293685910297952
0.1293177997625068
0.1293018699783623
0.1291961139255887
0.1290526948700194
0.1290125039323467
0.1288477134532125
0.1286879845390966
0.1285346555418575
0.1282443003938922
0.1278197765371195
0.1272042500319069
0.1265849059202778
0.1261022428104319
0.1256268202958137
0.1248361372191555
0.1245138340161586
0.1244287247927814
0.1243849044105936
0.1243613853136631
0.1242653742537747
0.1241977194607527
0.1241308741467993
0.1240256105632344
0.1239456306332155
0.1237424518470362
0.1235206494585608
0.1229165651862639
0.121594908414177
0.1200001558491324
0.1185477199031846
0.1179176999047843
0.1172428984999587
0.1166110713569345
0.1158949069857607
0.1150298746327963
0.1146384521986231
0.1143858430475172
0.114066936342418
0.1137057437875938
0.1135230246256299
0.1134778734578467
0.1132866274951403
0.1131827751058814
0.1131300541576077
0.1129455225112673
0.1124607228445175
0.1118966792105983
0.1114330102242575
0.1112829014636938
0.1111897121125584
0.110978274096151
0.1108275654432881
0.110611976061268
0.1101481395087598
0.1099526393775769
0.1096916277986856
0.1094801433843485
0.1092540913093271
0.108995721965449
0.1088654857755878
0.1088154426403001
0.1086446773730662
0.1085718517537811
0.1085243018738179
0.1084185817396943
0.1081099470462134
0.1077682554735992
0.1075720250272168
0.1073626013581518
0.1066074312343503
0.1064676644196486
0.1063182837413238
0.1061247425778478
0.1060426557989197
0.105948722338479
0.1058280569717922
0.1057629371208747
0.1057250672946379
0.1056323224749706
0.1055246530584363
0.1054707862640251
0.1053447232930819
0.1051821833511699
0.10500422369255
0.1049649872961513
0.1049250246632552
0.1048104943854337
0.1045150731808576
0.1041217695082779
0.103435780883148
0.1029566462077852
0.1022822040750108
0.1004807382362516
0.09956382793833987
0.09846829369004816
0.09794414227801224
0.09751816103689308
0.09686667433626503
0.09643885692892498
0.09617939030436326
0.09591479288610788
0.09576951647502213
0.09562922201741617
0.09533878949177305
0.09493164544410805
0.09477826110560388
0.09468602717788384
0.09465654296101189
0.09457912704454639
0.09454199618583409
0.09452751902063505
0.09443961428606608
0.09439041174241956
0.09436638994621011
0.09426608483799881
0.09421230631609001
0.09418835062650399
0.09413593303266556
0.09409740773182215
0.09397963950357924
0.09352831437608891
0.09288432754631776
0.09271884963876843
0.09263585362767832
0.09259686607134458
0.0925097950762508
0.09240424016059585
0.09227888800348766
0.09221943893104739
0.09217018457342203
0.09210482902510474
0.0920683827657304
0.09203478667157329
0.09199033972543322
0.09196329795936903
0.09193122398157326
0.09185677814518163
0.09175125560922939
0.09172444585036622
0.09169020827978454
0.09165774324305186
0.09157513951542101
0.09121564577383955
0.09061493065306317
0.08989419535133854
0.08923337865751031
0.08866981038655398
0.08848920333303034
0.08793468508935667
0.0875352189863504
0.08710048108098041
0.08632736259420425
0.08593102051640553
0.08581694891871029
0.08566366194749715
0.08559753525672867
0.08553245338995681
0.08543706373511728
0.0854105847983119
0.08537744811551157
0.08531711207219876
0.08517293793840296
0.0849882269764719
0.08490233643805872
0.0848771640543068
0.08478736291858485
0.08475356286793603
0.08473055020489481
0.0846866588320816
0.08460420941993134
0.08456421689945849
0.08447694255172693
0.08434335799337915
0.08422539639421565
0.08416914187124135
0.08413208265020902
0.08399944083496748
0.08390669219870553
0.08375761308276176
