33.71109952116792
15.09358043720315
14.43225014122693
9.471869130964546
3.637260944093434
2.968939264463535
2.653613698380723
2.501210806197603
2.079355127459276
1.687313130340478
1.417605571230621
1.263870660123005
1.165852186060565
1.078238699311693
1.022394365004837
0.9724727932880062
0.9176253341113587
0.8921602280509767
0.8675155312199962
0.8368056784035637
0.8215041887081214
0.8002738323844669
0.7839211319300904
0.7521056621428565
0.7213858841951194
0.67991913048729
0.6495464810389825
0.6298336319108305
0.6189842763485685
0.6065022763395832
0.5922965696172683
0.5825395153322535
0.5716483549547235
0.556357104365074
0.5472237168979608
0.5449005865587141
0.5419084559067271
0.5388419030646732
0.5320906224001074
0.523169348031033
0.5154792367914752
0.5073715646159885
0.5032130141948581
0.5001335511463476
0.4975131893830168
0.4795712537700104
0.4653395568767462
0.4612301890203543
0.4588556786872382
0.4556530294525898
0.4529265898257065
0.4501560163776895
0.4469912599124409
0.4442901887135567
0.4350613458613648
0.4314342355871333
0.430692832388369
0.42236414486451
0.4195409416059357
0.4166913177626858
0.4160056258650121
0.4131912053716333
0.4105082755073374
0.4081331808469632
0.405155469535257
0.4038395101354778
0.4023401182414018
0.4016289087979554
0.4013061935929086
0.4000175792546036
0.3994143415090579
0.3991070460975952
0.3987914090185757
0.3975285660186289
0.3969637944800746
0.3963971211260695
0.395043692276549
0.3935494698464161
0.383637079264342
0.3796547322075781
0.3564951906603162
0.3401660621804031
0.3249793310357831
0.3205676927812946
0.3162261902393512
0.3146774721332645
0.3109088289323567
0.3072138112926296
0.3025115809612298
0.300955192922204
0.2976942312366854
0.2968135103647501
0.2950841622642165
0.294058058994838
0.2928882140315296
0.291392068928188
0.2907408931714996
0.2899488589433184
0.2894932735199324
0.289201899028839
0.2882951890502973
0.2879242832257631
0.2874324062116782
0.287209622836939
0.2871377890149662
0.286316442633766
0.2859761917389519
0.2852914850803814
0.2826441102464048
0.2805012720685164
0.2774616118533363
0.2765522189025615
0.2762113835901633
0.2760227025990743
0.2752438720383585
0.2750492697913897
0.2744976961296988
0.2738504854304222
0.2730629071403061
0.2727355988422491
0.2726893219786934
0.2721602682096813
0.2719628383196391
0.2717217585180687
0.2714772391963003
0.2712529935829757
0.2703842056992268
0.2688735659708148
0.266869233495705
0.2632332247554704
0.2585653257269422
0.2555785776364259
0.2534278892167007
0.2418083833431446
0.2381398397320516
0.2368416182997939
0.235671924175923
0.234422031745712
0.2327635759556847
0.2323386718028611
0.231801585977972
0.2316245133568094
0.2312120446661592
0.2303441125830906
0.2292476502050929
0.2285521618164358
0.2281907039847962
0.2273838996111572
0.2271139138260304
0.2267219193141008
0.2266082719099793
0.2263612015740697
0.2258276709974187
0.2251140499541223
0.2247656668702068
0.2246297877869986
0.2242270406034029
0.2239999150507573
0.2238564180014791
0.2237085660024641
0.2233389733004487
0.2231270800628825
0.2229355672825407
0.2226850901176559
0.2221324861166062
0.2214142613945484
0.2201680509049483
0.2186126708851093
0.216752288205647
0.2160623897061337
0.2156117758582615
0.2153979720000843
0.2148734356409785
0.214591675277772
0.2144473208491986
0.2142660805612118
0.2140659051299298
0.2139266128866176
0.2138020342854676
0.2135952220458099
0.2134009515578471
0.2132524367417784
0.2131641328057694
0.2125534395137488
0.210407114490651
0.2065750596843076
0.2016272832831952
0.1999104928831646
0.1985926479261045
0.1979120770182667
0.1971453352162429
0.1966939002082695
0.1964506678429651
0.1958464069585938
0.1951729373112495
0.1947766284050076
0.1945478002287533
0.1943344836233435
0.1937045405804345
0.1932105613088555
0.1928114349433797
0.1924160854908969
0.1920701120352178
0.1914815438599706
0.191147712825102
0.1908425339724532
0.190507233421733
0.1900962352381038
0.1896578690575056
0.1895100504389582
0.1893301880675052
0.1891477635706983
0.1889994716133001
0.1887899708411073
0.1887069491597608
0.1886803026068775
0.1885715266318304
0.1885230470592036
0.1884088940816669
0.1869577646883946
0.1862862960441499
0.185544660052079
0.1848253464146964
0.1841560037598524
0.1837144917046119
0.1831679719117145
0.1825432021730039
0.1824762266593676
0.18228012139553
0.1820430701800042
0.1817886208170371
0.1815065514953288
0.1812567966412476
0.1811031154979169
0.1810393063248664
0.1808239056065889
0.1805531473396413
0.1804462481628249
0.1803777275850591
0.1803235083254348
0.180242491182989
0.1800561763281112
0.1800126332144691
0.1799219849221528
0.179627997179806
0.1787872714170454
0.1770996311602144
0.1733547962392746
0.1716069577122771
0.1692798454225986
0.1672461300436508
0.1659522692387229
0.165490935900401
0.1648847527980589
0.1642173609951103
0.1638543106266368
0.1633833512367222
0.1627781877493733
0.1625011837823668
0.1623760630598588
0.1622022045557915
0.1620446064614216
0.1618718167677186
0.1615285160282287
0.1610949870250306
0.1604512051180141
0.1600664151292318
0.1598457377171314
0.159790620572781
0.1596097622323176
0.1594850275414315
0.1593579160429991
0.1589823605132228
0.1588335427677721
0.1584706796679519
0.1583786327269084
0.1582473102857364
0.1581890628080885
0.1581133220282089
0.1579016749675326
0.1572876470214135
0.1566508406798734
0.1559839007003506
0.1552869781797741
0.1549583899582669
0.1545183425103265
0.1541084659873491
0.1536701507345936
0.153506934089214
0.153317028121169
0.1531280026860964
0.152932102276574
0.1527368060718745
0.1525207471880354
0.1524120167293242
0.1523631618903726
0.1520407152031922
0.1519316034211035
0.1517944647769376
0.1516963687356996
0.1515903758913928
0.1514453304218224
0.1513359190485142
0.1512849128092552
0.1511463651979685
0.1510562492389301
0.150947231477842
0.1505162795956546
0.1501648295391552
0.1498468715186005
0.1495077748351694
0.1490414361643353
0.1489422301883788
0.1488333664342344
0.1487461726604701
0.1486895861390361
0.1485935437501555
0.1483334417283576
0.1480650127824914
0.1478895585195319
0.147815358950819
0.1476508156304524
0.1474298420671272
0.1473541777997217
0.1472458201992163
0.1471520024455894
0.147048281218468
0.146861882514315
0.1467684469135478
0.1465697077832331
0.1465060001701559
0.146426029349081
0.146256283219869
0.1460606877140274
0.1458196873627902
0.1457089511398111
0.1455763463939774
0.1454962373632399
0.1454520633992872
0.1452937933608919
0.145251267303924
0.1451636875009674
0.1449643038321889
0.144655559490123
0.1443577278264873
0.1440936965139173
0.1439568517361267
0.1438153579344181
0.1435004748058173
0.1424058546276903
0.1416540946142456
0.1414313485003706
0.140828253870642
0.1402930679001907
0.1394547689047581
0.1392304605593227
0.1390540487771406
0.1389568132655482
0.1388208900834997
0.1387640173692609
0.1387417375475143
0.138657249568859
0.1386149192618501
0.1385729264276056
0.1385147285979946
0.1384509115476854
0.1384015166057872
0.1383399438561083
0.1383094105756611
0.1382726623345508
0.1381669023109863
0.1380779544843906
0.1379551252356131
0.1378594038716324
0.1378040810833391
0.137717958012869
0.1374198733538034
0.1372759035325583
0.1369711300100334
0.1368357953340061
0.1363221846990874
0.1361431012765348
0.1359447466779616
0.1357947413145598
0.1355864565702821
0.1354363087941615
0.1353534664735473
0.1352871319052191
0.1352362195238048
0.1351794151900346
0.1351500762842562
0.1351333729775789
0.1350614689675119
0.1350367145020975
0.1350241176826863
0.1348745077190949
0.1346338441237533
0.1339495659405201
0.1320836886636707
0.1300486436807451
0.1286133911294036
