12.88966512258768
8.025167974103191
5.772549021161954
3.214936386511199
2.260737876030693
2.160630716494479
1.879399311802431
1.770371329136489
1.567434990936161
1.384159341969516
1.273776870028115
1.138137674689924
1.068330590646145
0.9946134168609433
0.9448889556761145
0.9109411864583401
0.8657322090712551
0.8452388870095846
0.8257495298781985
0.7808069748246982
0.7518917959416079
0.7160827648728331
0.6542516238390282
0.6277213015260859
0.6136328072742879
0.6096053917614321
0.5938968007459565
0.5837377044630431
0.5783204334268918
0.5605509769443432
0.5383610406689181
0.5265420053436167
0.524505795849792
0.5110184287208288
0.5062586924193597
0.4963656877331835
0.4815522307919747
0.4731434966117187
0.4697145780260794
0.4615401435631961
0.4560729500518
0.4508404899343192
0.4297648973028768
0.4177361967308766
0.4099382499866889
0.3986347272867672
0.3950221259556907
0.3928029452618814
0.3895584644815265
0.3846240663034223
0.3813099086090911
0.3796809787720138
0.3775898784333608
0.375821753367914
0.3723586973353987
0.3624644596894924
0.3505715848069899
0.3388324171242618
0.327949449801422
0.323684059230447
0.3177570599985873
0.3139104880226443
0.3108284272032448
0.3081474403604836
0.3053049891596209
0.3035500106800526
0.302466376308985
0.3008901957021425
0.2998644592903242
0.2987631249561431
0.2973546995259299
0.2965036015011521
0.295809195757133
0.2948089314011246
0.2942338115811721
0.293952008578891
0.2931167146287324
0.2906709995860791
0.2733947325282358
0.2646407959544866
0.2611147832884292
0.2570711508196325
0.2535896451694922
0.2501784931741493
0.2470235655280903
0.2449627785996237
0.2422319715791317
0.2397189141636971
0.2371898722150677
0.2350907539738632
0.2340125003578732
0.2328291751763951
0.2314492645690971
0.2304838329816037
0.2295087304769895
0.2285072574149644
0.2279272478560178
0.2271823886343857
0.2268403298362413
0.22641216789811
0.2261482211511668
0.2259270220278879
0.2256227953067658
0.2254844233782715
0.2254108608065137
0.2251865656436908
0.2250148083603286
0.2247269880554772
0.2241690019131177
0.2236175834266727
0.2230450529033602
0.2222609744989172
0.2219564806103108
0.2218538881492811
0.2214527663452616
0.2205866014223675
0.2194434876441849
0.2172935758786094
0.2155695574461987
0.2139228261731681
0.2110135088229986
0.2097173209300832
0.2096581168467813
0.2091104967090605
0.2089901313433393
0.2085553931119567
0.2080567547361669
0.2078663428553907
0.2076296921745358
0.2071811651224147
0.206854191343857
0.2063586382338879
0.205456421942902
0.2050106663854401
0.2048734812623996
0.203573899181365
0.2031940872175479
0.2027202580642937
0.2018710630689589
0.2015192546944103
0.2009969849620571
0.2006473115256364
0.200493099981011
0.2003426676184731
0.2002142117523633
0.1999911251860055
0.1998744660355393
0.1997150630073022
0.1995454009489704
0.1994109555719163
0.1991992546485758
0.1989911990359082
0.1988957081850573
0.1988314445979439
0.1986348332093281
0.1984401814129924
0.198276646577486
0.1980173672590322
0.1977595681154779
0.1975991358710601
0.1975182673817307
0.1974135863164865
0.1973157835708515
0.1972407138329439
0.1970703032021327
0.1968248857673579
0.1964491414556571
0.1962441004000814
0.1959827384909625
0.1957958603748334
0.1956779109960401
0.195376071463389
0.1948697158945141
0.1946235047672832
0.1945272668419958
0.1942632865439229
0.1939636249155786
0.1931584741921662
0.1922923422978058
0.1912133399476239
0.1902173477658676
0.1899933141741592
0.1897379442543894
0.1889239930588168
0.1873687667914875
0.1863685930744938
0.1831947673810474
0.1788799386417024
0.1770512637156032
0.1764815633284347
0.1758231101453649
0.1755582946393688
0.1752870536915408
0.1750026337934433
0.1747752250778435
0.1745702102207049
0.1738539069799128
0.173017665244179
0.1726444814015392
0.1726051504107259
0.17214415825588
0.1719903136854354
0.1718822097013503
0.1718082554885622
0.1715389271293018
0.1714092388895094
0.1712877120772892
0.1710967074905025
0.170835598706621
0.1706678244901866
0.1705485423811431
0.1703999370746558
0.1702560479657727
0.170138757438215
0.1700449724853095
0.1699327247638541
0.1698233088447572
0.1697119569294126
0.1693764095466974
0.1681835399212917
0.1663108599841567
0.1660494511675802
0.1641162264741133
0.1633938552318682
0.1627906437535082
0.1617277181033424
0.161106189059958
0.1608048954835157
0.1605625587345993
0.1604350533454533
0.1602642716892193
0.1601844350085604
0.1600800374693365
0.1598409811659681
0.1595276806954265
0.1593018550217619
0.159219220015745
0.1591045096762819
0.1590606514414257
0.1590471551907547
0.1589857191578057
0.1589373921527145
0.1589120422431284
0.1586270356304949
0.1580525277221829
0.1575113897325165
0.1568683872440846
0.1564999670456024
0.1560929216541633
0.1555418004016928
0.1552988404822941
0.1552540203152173
0.1548573051619599
0.1546507819482197
0.1545775061084111
0.1540950692414237
0.154014473231718
0.1539368491135944
0.1538311161815368
0.1537380721995472
0.1536624543863073
0.1534735038448346
0.1530559607922401
0.1524720627152445
0.1523038090141089
0.1522521025873591
0.1521753295909767
0.1521318701345447
0.1520777273512209
0.1519593123615976
0.151851977181571
0.151687162443329
0.151586978351002
0.1515131104604353
0.1513440004232785
0.151195411312587
0.1511599583163592
0.1511127461763433
0.1510398513366686
0.1509602777987122
0.1506228404260874
0.1504630017883828
0.1503654594687391
0.1501380197613865
0.1495717381902738
0.1493461288971437
0.1492343633658042
0.1489329475664289
0.1486482689621301
0.1482430329686755
0.147879400141857
0.1477674803345338
0.1476224289474317
0.1474818569606987
0.1474129020933987
0.147319546833101
0.1472446724756343
0.1471888573942865
0.1471008898040675
0.1469264083267122
0.1467572476211548
0.1465607625609268
0.1463566477500152
0.1461508503493711
0.1459845253192806
0.1457565272105051
0.145309616521089
0.1450692407405467
0.1447257763649563
0.144565485390158
0.144538704817322
0.1444218039156886
0.1443804841215816
0.1442789534912464
0.1441522115219698
0.1440542246023405
0.1439801746714123
0.1438706251460314
0.1437354588644845
0.1436503733155909
0.1436012648851893
0.1435633164285209
0.143536448456775
0.1434650711474517
0.1434232332911884
0.1432713327701172
0.1431050013989672
0.142967756375727
0.142798972966659
0.142630208022967
0.1425154630007159
0.1424528326505039
0.1422996281045927
0.1421058276787553
0.1420323946227461
0.1419982697858772
0.1419229312639811
0.1418321133736843
0.1417320009523827
0.1416557325466107
0.1415012208859166
0.1412504592977585
0.1406233044201015
0.1403693646276966
0.1403610763108555
0.1400908369226056
0.1399564013885457
0.1399408107816961
0.1398779075898727
0.1398557415449044
0.1398266582937975
0.1397644341934585
0.1395671082465049
0.1393223827280131
0.139080190280169
0.1390256569640395
0.1389807106343049
0.1389000887225496
0.1388210167070168
0.1387862919916442
0.1387756288590005
0.1387398795296319
0.1387024928948621
0.1386621804497833
0.1384143659910294
0.1376588101511847
0.1360604514409412
0.1352648943445023
0.1345633590852602
0.1338248033062392
0.132719489062254
0.1323062366514739
0.1321568763778118
0.1308030611284781
0.1298985360767065
0.1290481362452052
0.1272199187563147
0.1262547099491038
0.126091980809925
0.1258726962630848
0.1257351388176219
0.1255397949645026
0.1253103704464227
0.1252120054879892
0.1250788004230166
0.1248248940375327
0.1245235761017336
0.1242604307153874
0.1241266008916195
0.1239534327594033
0.1238279276499929
0.1237500203858399
0.1235659847615291
0.1234068459117127
0.1233537712203281
0.123304987573557
0.1232377193515331
0.1231612506924944
0.1231124963197331
0.1230769861393836
0.1230083991636367
