16.78889808147176
10.49268340948528
6.308876410890447
3.844714368033352
2.873764400896785
2.125033705194154
1.896114303412323
1.777874570639911
1.704285952707354
1.451243774370536
1.34385021707354
1.234753818589565
1.117293868205445
1.017508573106172
0.9352452838951734
0.8407433026424952
0.8147312724256425
0.7867404496976278
0.7666436157635256
0.7414880831004491
0.7346422669579623
0.709477050321775
0.6830454073472828
0.6385070538415486
0.6099611323019382
0.5838511104249006
0.5679656603172593
0.5486047965281551
0.5399701201490049
0.5306608811198494
0.520120491486085
0.5102358968253635
0.5042508177703657
0.5017176166429635
0.4866407301590897
0.4746338182523246
0.4671351938381171
0.4513589394585762
0.4418033538315683
0.4373387337750943
0.4241007400456108
0.4163904271147279
0.4137445203089441
0.4104275590940411
0.4069662037278688
0.4038391493363646
0.4000784472561987
0.3914834429058325
0.3833324689536494
0.3653657287494793
0.3563943737299214
0.3492189363873652
0.3434963152991262
0.3365858127158671
0.3309674703645584
0.3274379342944229
0.3224171736545066
0.3188877419953276
0.3165835579282545
0.3140766663686615
0.3117271445567268
0.309741764417439
0.3068495034090594
0.3052542754376012
0.3036798591574043
0.302918266611556
0.3020150451970671
0.3009604782420189
0.3004083370011837
0.3002148643795225
0.2986457833672389
0.2951416934218937
0.2932015155728432
0.2910009836709595
0.2819284344581082
0.2766485666340615
0.2754348694931461
0.2741570815300391
0.2725895539675294
0.2711784428417711
0.269774234479675
0.2685626270296746
0.2674299636754475
0.265830774393749
0.2650269203071973
0.2646352035925106
0.2635823162828237
0.2622310120900957
0.2611289190031166
0.2598116184155677
0.2588197706079502
0.2582638775115305
0.2571897244213069
0.2545882024702387
0.2532988620754807
0.2521369934968084
0.2515607291950678
0.2500532162234723
0.2483735497216816
0.2462545932084978
0.2455404845421784
0.2447171563195081
0.2442558974903276
0.2437731037680376
0.243277978936789
0.2421172416627557
0.2415032240945236
0.2395950968578803
0.2386478852161408
0.2373271993331291
0.2364731038388326
0.2356226126588888
0.2337133756240205
0.2320849913488987
0.2311915793105453
0.2305786600408586
0.2303963591087894
0.2298209848310954
0.2296474248977651
0.2292030867904899
0.2285661464136174
0.2283390846076471
0.2282070967615773
0.228009443984801
0.2277259265335024
0.2273788897914027
0.2266544452624121
0.2251889787894042
0.2237945093493712
0.2196477851847404
0.2162061573978076
0.2121102033446308
0.2076045265248131
0.2053331128213277
0.203876145418644
0.2027475319919043
0.201383841651969
0.1998400824715113
0.1993710442255364
0.198703748712578
0.1984582389195189
0.1982749807274358
0.1979534322457786
0.1976729759965672
0.1975120265940516
0.1973266337883903
0.1968025967823113
0.1963173447179249
0.1957622283896082
0.1946911886680258
0.1942656600237357
0.1936455579200169
0.1934836557341037
0.1934020677263317
0.1933638326498003
0.1932231684760918
0.1931026573810991
0.1930403644299951
0.1926569683141992
0.1918144436695928
0.1913491354989247
0.191088968775669
0.1909026428204134
0.1904629315204142
0.1899677332686483
0.1897308478720097
0.1896114254461121
0.189092530434808
0.1889563453923111
0.1888812993514939
0.1886724536743704
0.188363850410473
0.1880536805633782
0.187761008178636
0.1876014115588659
0.1875863314197741
0.187413125387068
0.1871537135573503
0.1871125964939927
0.1870271607683675
0.1869098757882451
0.186799542715484
0.1867270089051581
0.1866722499714164
0.1865481680929059
0.1864256493638885
0.1863174572483481
0.1862612592017606
0.1861906535906997
0.1861189055072939
0.1859134973545308
0.1855603067187853
0.1848163086398689
0.1821248639460973
0.1762445360011948
0.1715371512492037
0.1686609271607649
0.1668968139294467
0.1661000104436012
0.165093694266306
0.1643398137238736
0.1634017731459896
0.1627439868487549
0.1618498521948793
0.1608612654553507
0.160637033281467
0.1604477953375159
0.1601967026990609
0.159939373869281
0.1598041153338374
0.1596992240246546
0.1593420923578936
0.1591738604117071
0.1591251179091427
0.1589148422871446
0.1587648779157168
0.1586734378826729
0.1584689214448235
0.1571648959907597
0.1558615493179179
0.1556260167304584
0.1554031265639278
0.1551650310280581
0.1550156513083839
0.1545936317931733
0.1541469308678645
0.1537408402987346
0.1532430362096762
0.1530226456390617
0.1527329863104833
0.152656522635077
0.1525727289479963
0.1523282299085391
0.1518417714623225
0.1515892540769516
0.1512364191617074
0.1511013335259669
0.1509297109968268
0.150860373150173
0.1508457192529352
0.1507512891902593
0.1507052400420578
0.1505145581909844
0.1504498526200105
0.150353495249868
0.150264152381451
0.1502253666129175
0.1501762386091861
0.1501247794773878
0.150041350438412
0.1499525671114172
0.1497336843611612
0.1496003086070774
0.1494708983337123
0.1490971952223068
0.1486463750141882
0.1485570299149843
0.1484424669286762
0.1483351179649951
0.1482771224041145
0.1481500959993867
0.1480831404722509
0.1480428275368122
0.1479862642653308
0.1477323649472711
0.1476171743164464
0.1475169824266362
0.1472052937647594
0.1468675807817966
0.1463801190001616
0.14632852438231
0.1462703976460566
0.1461987999824127
0.1461414618121809
0.146088825355987
0.1460271607376787
0.1459996498383014
0.145978785915026
0.1459151343498053
0.145894394446701
0.1458411192303498
0.145679184823991
0.1454635790654403
0.1450045290061869
0.1446181404632579
0.1431736746464784
0.1420138173999679
0.1406189147434316
0.1396881464232257
0.1391184633054282
0.1383916379945812
0.1380922041250826
0.1379970528217002
0.1377035819360479
0.1374393996217892
0.1372325405571954
0.1369887421174822
0.1368549732589705
0.1367173472286643
0.1366269571316471
0.136561265436754
0.1364100897821517
0.1362864001170606
0.1362141222548334
0.1361892420676546
0.1361045892588752
0.136023613622997
0.1359783257168551
0.1359433686308136
0.1358911056926695
0.1357914435966636
0.1356649014639726
0.1356541292581347
0.135638879995699
0.1355990507218581
0.1354700127832543
0.1352240974703609
0.1349554329920885
0.1343745396049269
0.1337190327837886
0.1329111721467851
0.1323506788307144
0.1320832316762765
0.1319106269277005
0.1318669391079587
0.1317707998295715
0.1317352658292077
0.1316561975093865
0.1315827968036508
0.1315043553936211
0.1314032406321665
0.131222204157575
0.131124249201329
0.1309969646997041
0.1308553896551677
0.1307880858820476
0.1307699147828092
0.1307116470101155
0.1306625015849693
0.130633178202413
0.1305722738270311
0.1303658409884583
0.1301498469182807
0.1299174984485455
0.1295457329542325
0.1293762410364263
0.1291356800994667
0.1289197712428756
0.1288481774625695
0.128797110971714
0.1287708855398666
0.1287033237599709
0.12860280642548
0.1285644755075737
0.1285391760439524
0.1285272969554637
0.1284867844524051
0.128463162764205
0.1284560933490605
0.1284319066864398
0.1283904252228856
0.1283702688746666
0.128223097892532
0.1276082436676474
0.1269301917828228
0.1266471368130722
0.1265060199730662
0.1264165723385617
0.1263264728068688
0.1262760208527474
0.1262278899132654
0.1260970216086171
0.1259565958648571
0.1257977274178451
0.1257495084785378
0.1257177671076756
0.1256702277489185
0.1256525281216382
0.1256309937672135
0.1256091060562224
0.1255838297876959
0.1255328029123434
0.1253889493672068
0.1247807889171534
0.1244429560626387
0.1243734437693352
0.1241165262597359
0.1240412908368062
0.1240005707706927
0.12397052074498
0.1238533153393318
0.1237989945531341
0.1237936855745136
0.1237587895447347
0.1237355738069112
0.1237183332330961
0.1236674647590006
0.1235915560894947
0.1235358159445358
0.1235240766597473
0.1233911967169318
