7.313340342005264
3.680226996957538
2.642730919275729
2.378476716264589
2.356448699193821
2.122061094641695
2.030289913933341
1.963373885817949
1.78109840992645
1.717959258887181
1.617206689787305
1.537630683257532
1.447965056121163
1.397200178813624
1.374758115362323
1.300440018135236
1.269721734352482
1.235820352186246
1.196791014418577
1.175879691312783
1.165256231938649
1.139459734292497
1.121233280745265
1.113847487948253
1.099307974254567
1.091486929367753
1.081749795932205
1.072483830272133
1.055240082624871
1.030488445814478
1.010974335530821
0.9900776591323661
0.9839285181190437
0.956480799982186
0.8956448557009963
0.8573066144697682
0.8139712157077006
0.7945001126920513
0.7833452356150645
0.7691242832123302
0.7611642051726054
0.7578797737612492
0.7494790892585724
0.7462963286037863
0.7435611974562263
0.7391511552068685
0.7367981506497752
0.7351641286546006
0.7327511478382006
0.7316016199103794
0.7303237600902409
0.7236704309222803
0.7167611269208719
0.7149141769873285
0.7103682763151155
0.6940857222321243
0.68237153413888
0.6694766044272646
0.6616633617495495
0.6550940514273408
0.6517750996216897
0.646866765121289
0.6454355054467253
0.6444437905888647
0.6437366567904265
0.6409372503470331
0.6396862042855923
0.639446080684926
0.6373445241421859
0.6357770782629077
0.6343718716641858
0.6309704977887235
0.6269339663407975
0.6244199785339997
0.6227056785282382
0.6178747293716189
0.6156660480783944
0.6145344483555877
0.6108941030531378
0.6063014972560481
0.6018795626233393
0.600766303665388
0.5993013313462993
0.5960299874907941
0.5912282404282113
0.5881149907241994
0.5864227571187478
0.5847398725224479
0.5795006083897555
0.5775308792308745
0.5764048731067998
0.5731027081442009
0.566078239012859
0.5477721153859376
0.5374242218042222
0.5282455318931055
0.5237421710107532
0.5207776499616891
0.5169255137580507
0.5136270262899841
0.5117892516474165
0.5100718577786579
0.5076199744224497
0.50706005193808
0.5064132547409573
0.5059343881832934
0.5054371192912677
0.5040438830768673
0.5032823087530092
0.502447088419435
0.5020804317755294
0.5005981238310039
0.4999574865212615
0.4990768549146153
0.4984259895222379
0.4974918919916314
0.4970033542480954
0.4967933502640105
0.4948203305546123
0.4891889703809458
0.4834021717957038
0.4801949638843136
0.4685549362178074
0.4644786636642151
0.461669178135974
0.457742558198158
0.4566247606394638
0.4538133989407262
0.4525325180721765
0.4510981838969674
0.450663649576341
0.4496224276004924
0.4484060557008849
0.4477521429972051
0.4460256751971251
0.4449708739424919
0.4435643635056519
0.4432829149560398
0.4429179546364259
0.4426309133151688
0.4420322916248035
0.4414784810206702
0.4408927770794606
0.4393221023568624
0.4380277371679445
0.4369735779577886
0.4356183553284357
0.434462431739048
0.4339956725579748
0.4334260560501192
0.4332478861295128
0.4330238562894282
0.4328874514425541
0.4327868993101349
0.4323444009403365
0.4322429407194165
0.4319924976852967
0.4318545578955027
0.4316281951656221
0.4306415390696057
0.4299432736878333
0.4297279325355573
0.4296654118384083
0.4295794515032261
0.429496366060792
0.4294331085694989
0.4291888113784669
0.4289270785678477
0.4286541832154047
0.4285394289042516
0.4284661539274558
0.4283995579530981
0.4282448926532722
0.4276767246651256
0.4275991802889768
0.4274873696794888
0.4274448830352077
0.4273528466430982
0.4270928869337144
0.4267783209273209
0.4259593770744312
0.4247611057266264
0.424235778071051
0.4236355025352103
0.4231264373724887
0.4225923510910177
0.4223432905460188
0.4221940018785146
0.4220616260323139
0.4219704755717094
0.4215908046311677
0.4215564387937425
0.4214384449867183
0.4212995088850873
0.4210686991733358
0.4208967056514457
0.4202912243918048
0.4183926232265472
0.4172291638662879
0.4127297149280437
0.4085369640040291
0.4042093645445621
0.3993679275753783
0.3978596473542821
0.3975125990660109
0.3963643489530504
0.3958176662824798
0.3954963507376703
0.3950386172415353
0.3949417022106526
0.394674487651661
0.3943335219953608
0.393991244518575
0.3937674732990706
0.3936906796117849
0.3934375334286069
0.3933167392212137
0.3931934313985914
0.3927373759900041
0.3925351954491858
0.3922332484583712
0.3921078729715823
0.3920663833694468
0.3918859457895146
0.3918573257600725
0.3916607994408888
0.391563372244453
0.3914287917104087
0.3913175258948687
0.3911793061052159
0.3910513131746862
0.3909105305898817
0.3908504395195433
0.3908462419919413
0.390694529186738
0.390658333185314
0.3906383259461654
0.3905723395208462
0.3903776433547465
0.3895901535622308
0.3892252229268568
0.3891618694487577
0.3880157405907412
0.3866493929696431
0.3857417583946657
0.3849726520131241
0.3833260164027607
0.3821163027377215
0.3818227177331893
0.3816488931727537
0.3815197458817505
0.3814257674162893
0.3812414095662479
0.3807245954432256
0.3804144515971464
0.3802770930689723
0.3797279583762485
0.3794772698895016
0.3794354733980125
0.3791652062905888
0.3790778900865882
0.3790197673747971
0.3789270499292714
0.3786799106155424
0.3785172374062031
0.3783867315676933
0.3780540473932238
0.3771495076542363
0.376746290050691
0.3754639799737388
0.3748818033408812
0.3740162747005188
0.3739172070428024
0.3736766442513381
0.3736039540650677
0.3735226786634857
0.3734143903184297
0.3733854328696828
0.3732747884228049
0.3732440462944004
0.3731440512199614
0.3730918735961696
0.3729412946722105
0.3728057646860805
0.3724473563378882
0.372227798760309
0.3719613629272404
0.3718905159382763
0.3718553530993415
0.3717621555266938
0.3716815040025122
0.3713331131389934
0.3711559102684275
0.3710589702416627
0.3704509783076378
0.3695942459553442
0.3687423647611411
0.3684643498113461
0.3682704404036862
0.3678893555117546
0.3675406929161465
0.3673620956292373
0.3672752964600993
0.3671676807226171
0.3670956721070127
0.3670154516031192
0.3668442169771284
0.3667906917558186
0.3666279537859624
0.3665288262122824
0.366422248091911
0.3662749800037846
0.3662492798797248
0.3661869341142844
0.3661259465024251
0.365779350411327
0.365483502246752
0.3647398196811463
0.3639073939148992
0.3637137970241388
0.3631762125639291
0.3630748618328337
0.3628465356362846
0.3627191410085876
0.3626176189055499
0.3624838578803774
0.3624050766385144
0.3623037451771828
0.3622803261674479
0.3622271602693177
0.3621182009553713
0.3620628410651029
0.3620301767561499
0.3619276242340471
0.3617906384974692
0.361714888581822
0.3616816975701407
0.3615979248349582
0.3615772006322355
0.3614111772126399
0.3613140877759824
0.3612195867245355
0.3610280090512057
0.3608752141787326
0.3606985219115288
0.3606026714080609
0.3605036676921197
0.3604066705545154
0.3602908526372346
0.3602381812172787
0.3601207422678606
0.3599428218430287
0.3595854108755022
0.3594084530967213
0.3588474223786365
0.3580895276418982
0.3577888831721755
0.3574618520413531
0.3571087756889594
0.3566702670254194
0.3566449992601013
0.3565853986820177
0.3565576767615654
0.3564545736379773
0.3564110101152667
0.3564064303157442
0.3563175986299618
0.3562102655977794
0.3561684308390988
0.3561298755295373
0.3559734321039282
0.3558505308729877
0.3556995800361442
0.3556429785987174
0.3556059242426742
0.3555968306345854
0.3555627922894176
0.3555379533069508
0.3555110525789007
0.3554781408720501
0.355404306026779
0.3553647171747658
0.3553271240885243
0.3550755808526909
0.3547703524205204
0.3547488264472974
0.3547334277602526
0.3547208952609939
0.35461151065501
0.3545538877763702
0.3543673234871684
0.3541612612716808
0.3540556942895196
0.3540368063618831
0.3537951522983668
0.353706969055092
0.3536338555352324
0.3535880862746527
0.3535369762791535
0.353457197987035
0.3534004737082501
