6.554575744982034
4.485019676297295
2.719520371287535
2.288091655358959
2.058430330179634
1.955833672021307
1.876211742743678
1.816766821850275
1.729932963534753
1.663731600262848
1.62546743422302
1.593448253894166
1.526548018281918
1.446246915330095
1.392904085371684
1.363233946207821
1.295812301425571
1.238272620933787
1.220180976228739
1.189587316941315
1.172215242773694
1.167017457645696
1.127112869675051
1.088999114808164
1.051354841908423
0.9626812450863366
0.9018371715009793
0.8711059708864271
0.8428886236415468
0.8278505217280921
0.8138561135509785
0.7918935270685505
0.7769211499579036
0.7686750931977941
0.7471118566917827
0.7189209863374123
0.7094163050089918
0.701253960312195
0.6864489918393637
0.6745353343853712
0.6686858365681402
0.6621609866394705
0.6496453320845187
0.6344147018209703
0.6043597611891072
0.5763280794635366
0.5401363459818367
0.5224328377200561
0.5146721188103385
0.5063772419088135
0.5022114463360092
0.4972526508831988
0.4887809923610753
0.4835195207686359
0.4758559676834939
0.4661855006480324
0.4579161913001922
0.4486416630636468
0.4449173402049419
0.440274436058064
0.436534725226466
0.4329756128276641
0.4284961512723944
0.4254599406411771
0.4234420311419951
0.4207486843459852
0.419925037305142
0.4192495046806569
0.4180658812669983
0.4169614502834005
0.4160904758873385
0.4150676517964889
0.412271687137141
0.4095371979201851
0.4025061624408816
0.3845317418392913
0.3744387491168067
0.3713802508937995
0.3680104590783408
0.3615351779556409
0.3531999586116892
0.3496827803728625
0.3474235580174736
0.3447786453881442
0.3426056655531084
0.3408867424592218
0.3383792105118598
0.3354507343587013
0.3346622092972864
0.3340876121469061
0.3336559124804936
0.332494105070394
0.3316691482429734
0.3310585656400388
0.3307498854023279
0.3297309148032033
0.3292365025362516
0.3286881618255606
0.3272220992637766
0.3230206811761867
0.3186366552286229
0.3140857319988443
0.308926034773059
0.3065973393258596
0.3064181747587335
0.304081146567089
0.3031294949248464
0.302742425631586
0.3018940167108527
0.3007985610611668
0.2999010608560839
0.2990054771275507
0.2984701559046563
0.2977922962814604
0.2970161773064317
0.2969013463232952
0.2966165983791101
0.2956848015917253
0.2947373396537996
0.2942772773112476
0.2936258419854975
0.2921156904171067
0.2902577467374966
0.2884612964430611
0.2868455860016397
0.2857510355690469
0.2847779307296732
0.2809381383954969
0.2784690983743897
0.2765833432429816
0.2745716260767482
0.270951468757504
0.2696361953344408
0.2689622894818537
0.2686204927306098
0.2677886765775424
0.2671444267989029
0.2667761056016451
0.2663051908703771
0.2660712754570837
0.2659431804533988
0.2656147359217653
0.2654734284223854
0.2652875482324902
0.2651254376975927
0.2649473482218443
0.2644172103551736
0.2632419273858121
0.2618374756618302
0.2592669603522687
0.2581770658089168
0.2573338016670083
0.2550254906234145
0.2523174819840783
0.2511840452816254
0.250260225286504
0.2496672836374958
0.2490969734534134
0.2487074922567171
0.2484571454964759
0.2481137623059783
0.2478443697734262
0.247567184621228
0.2472552703153714
0.2466576426970358
0.2458935499971864
0.245528723868193
0.2454417430283394
0.2451542106132473
0.2450428683865112
0.2449041147178709
0.2441629456115228
0.2434715054786052
0.2426469355039827
0.241803350900158
0.241422471255964
0.2412730049421565
0.2400544872345255
0.2395522210503885
0.2391731675062021
0.2388809160130197
0.2382809584576408
0.2378811603776402
0.2376934290905132
0.2372857195866075
0.2371140740706691
0.2369341574965113
0.2367076428894119
0.236548924138725
0.2363895685907906
0.2362156253007741
0.2357404867563789
0.2351476645331414
0.2346143849663196
0.2343595444775073
0.2340351808627906
0.2337712588235614
0.2336563121857834
0.2334137550535643
0.2331996166474434
0.2328789513083842
0.232589886848382
0.2324263698437818
0.2323308262951468
0.2322564182766508
0.2320411420233721
0.2317470816133674
0.2316429058822679
0.2315879927125982
0.2315273005026603
0.2311785808393232
0.2307849072677276
0.2293526172376966
0.2286773778626552
0.2286342375052286
0.2273473596877161
0.2269284977240683
0.2266729428415236
0.2263093733908459
0.2250590975874303
0.2243212226624521
0.224114912680774
0.2233313879202185
0.223048512536232
0.2229441685747061
0.2228284989269887
0.222568707336558
0.2224717874279497
0.2223813828302096
0.2221779075153126
0.2218916231045973
0.2216578579134957
0.2214535604645078
0.2209558670000887
0.2203973565142348
0.2201626883514127
0.2198578203537261
0.2195385030561159
0.2193162423348159
0.2191067332431403
0.2188353081314839
0.2185648477982224
0.2185045840072067
0.2183807239393039
0.2182328709461757
0.2181525952590925
0.2181010333087716
0.217974571860108
0.2178589083059976
0.2177939464683375
0.2177121416958424
0.2175623698638478
0.2173835109409579
0.2170037768189015
0.2160657339294891
0.2147543579543471
0.2142728396587334
0.2141645611523471
0.2137216860636802
0.2134913985866279
0.213360635322443
0.2132188561828714
0.2130943792035581
0.2130328279981907
0.2128944934167717
0.2127702462934213
0.2126433127404176
0.2121738088691692
0.2117192399472844
0.21117972484659
0.2106054428575365
0.2101721581908248
0.2099198866870887
0.2095023541706593
0.2084872257511917
0.2081368386837164
0.2077145908171636
0.207310001852338
0.2070467218026746
0.2068802678938974
0.2066469710563073
0.2065193154757367
0.2064295466442728
0.2063565458048967
0.20630255290214
0.2062432809604817
0.2062089689308826
0.2061777038272665
0.2060833699728832
0.2059684677365345
0.2059195388703632
0.2058642016573705
0.2057412390060861
0.2055921452403673
0.2054409973087685
0.2053789013727137
0.2053012895436614
0.2052138953706747
0.2051600650758803
0.2051271823901277
0.2049850007481715
0.2049272024289497
0.204876192529475
0.2047518708112002
0.2045063644830493
0.2034235976682866
0.2028739016386689
0.2027190147865445
0.2016202351879777
0.2009409790368855
0.2006738309495836
0.2002846801700972
0.2002108045161015
0.2001774835516243
0.2001301145549377
0.2000801942711501
0.200039579677694
0.1999123372632678
0.1995661940461031
0.1989542587583139
0.1982896019393181
0.1980876662813749
0.1979530943199993
0.1976873188292499
0.1972438827889985
0.1969522759281697
0.1967642442856678
0.196650745602266
0.1964175029402548
0.1963131115435359
0.1962496827257508
0.1961868853554196
0.1959533697145597
0.195858211767351
0.1958099543002815
0.1956842436323797
0.1954187694765361
0.1950928605255628
0.1949805029403339
0.1949296303670329
0.1948872550031142
0.1947497554566293
0.1946377572560972
0.194531385196675
0.1943465444489903
0.1942658126183371
0.1942413123931304
0.1941785967416767
0.1941112362178155
0.1940159828531567
0.1939831281828823
0.1939358505052869
0.1939135863473417
0.1938941968335075
0.1938134324333829
0.1937927973358677
0.1937483294491954
0.1935704395865906
0.1933826147328219
0.193247159999055
0.19317246430365
0.1930951073789795
0.1928135253735393
0.1925537201453176
0.1924880421625426
0.1924265600336582
0.1922616508527434
0.1920252440041556
0.1917651679499409
0.1915668679941828
0.1913668856039329
0.1912083653860242
0.1910354109196833
0.1909156750413326
0.1908451487693419
0.1907488758200238
0.1907326402270505
0.1906864707672774
0.1906159469557307
0.190568928521066
0.1905079481311639
0.1904467022653685
0.1904016114316045
0.1903503175785215
0.1902784159976425
0.1902374349023804
0.1902186018997518
0.1901925419514293
0.1901798371494313
0.1901664698414
0.1901081076894682
0.1900313457972319
0.1900146214441545
0.1899921528558668
0.1899687089608338
0.1899472886208074
0.1897681408778476
0.189143705169811
0.1871926515266806
0.1852601264346179
0.1821021502387228
