11.11903967313675
7.234904835395145
3.975491718413835
2.382051215272444
2.216052781523139
1.826578021563463
1.626716276767032
1.431197130544283
1.27476292915929
1.149150713514008
1.078394590640261
0.9855104778394865
0.9474932985599075
0.9286021338357046
0.8496136844573249
0.8269734063876012
0.8020503980772626
0.770563785453765
0.750937134650924
0.726737830990129
0.6979953330131289
0.6737526935792398
0.6626534403216612
0.6523057690574237
0.60929467531709
0.5761814218281092
0.5611947874275653
0.5408148543357588
0.5356125292831097
0.5306939897142134
0.5254915122998842
0.509209133458805
0.497824014119523
0.4787624443988773
0.4619167451244603
0.4507929514140097
0.4447920959773864
0.4354602885412541
0.4304676591065718
0.4285449635642119
0.4256972913630037
0.4235101061984986
0.4196416610432944
0.4111059721687467
0.4034950213246077
0.3996412050699483
0.3905379804535966
0.3782479231337242
0.373642079773808
0.3715580632042708
0.3688269473829882
0.3659186685181134
0.3647926690411776
0.3632023340873535
0.3616661604114501
0.3605195751872908
0.3588659199058767
0.3577441377434055
0.3562400579173608
0.3555521951588692
0.3545438213101376
0.3537203956612734
0.3527325152109283
0.350381432240274
0.3318658880779469
0.312849929762802
0.2969358139365578
0.2939538811526891
0.2881607223544972
0.2851985540886561
0.2815769143858958
0.2797005724482213
0.277162861134237
0.2760394818052266
0.2749923992665868
0.2724262510340596
0.2705583161822049
0.2683644427177779
0.2668295697217776
0.2655930613318458
0.263974385281259
0.2632652094399672
0.2627051131821735
0.2622458829448488
0.2606332906876467
0.258944882104271
0.256875462166
0.2555797637822734
0.2546858497842823
0.2519998073643105
0.2504862277416517
0.2499958928910435
0.2483850627211731
0.2475199726730922
0.247399874061968
0.2469289442820829
0.2466602381538426
0.246376698863195
0.2457146720218706
0.2447176748797345
0.243614574216418
0.2428872305555433
0.2424872717522163
0.2420660098432291
0.2415536641171579
0.2407119961304897
0.2395678393158635
0.2384410011806069
0.2381681209655846
0.2378407872298473
0.2375262378180008
0.2372318034912049
0.236322989938392
0.2352191641381712
0.2343148222343057
0.233104022053678
0.2325818899975668
0.2319002075291069
0.2316604283948391
0.2313815587820396
0.2310595975225579
0.2307855221943801
0.2297405784031395
0.2292830779527586
0.2288513896015513
0.2275895586104571
0.2244754220663251
0.2202389562078157
0.2180784630859365
0.2179026949190774
0.2147581339314287
0.2130708800866576
0.2120662620142225
0.210796742309788
0.2098041940141424
0.2092924477328074
0.2089134411200638
0.2073803240303378
0.2069609036129605
0.2067024181636281
0.2064001780443548
0.2060553601448752
0.2058407735812092
0.2056769028064847
0.2045762657921603
0.2041940664328866
0.2039850308301634
0.2035491938358824
0.2031697906341848
0.2028454300556811
0.2026558113746091
0.2019670067319099
0.2012744628153932
0.2006537454624752
0.1998240590391892
0.1996476559904391
0.1994382502250401
0.1992018186238527
0.1990654308165058
0.198951549092741
0.1985919378295729
0.1982499838774263
0.1977722496014254
0.1974527102183886
0.1971843872313563
0.1967588110948042
0.1965016998670108
0.1963936654742611
0.1961483773186678
0.1959859165385002
0.1957914521956359
0.1956181011502973
0.1945788506162063
0.193904871533175
0.1923403204752435
0.1881300681060792
0.1835725080381171
0.1784804300968749
0.1760355462934247
0.1745254360675574
0.1733972573680606
0.171780149314921
0.1706757067151517
0.1699936357444305
0.1691488997869735
0.168467046972779
0.1680427504419453
0.167463622943822
0.167062048999248
0.1669043593185584
0.1665734050492094
0.1661611348865023
0.1658871692961011
0.1655013689815672
0.1650226802663699
0.1648355908992244
0.164770462777614
0.1646810394047964
0.1645092619487332
0.1639653909157699
0.1633121042417977
0.1626003472070372
0.1623751662614988
0.1622204093444029
0.1620110859952663
0.1617462286782077
0.1615073109301375
0.1613588080664912
0.1611698653415378
0.1609702223166861
0.1607804373106614
0.1605952510442395
0.1602021873015325
0.1597067258097352
0.1587172548910841
0.1582214490806201
0.1575193467590849
0.1572224476196668
0.157153129711265
0.1570739289070539
0.1568870827272288
0.156621081715325
0.1564052349706186
0.1561864780907017
0.155973228863734
0.1557149311265056
0.15560059514677
0.1555244727804239
0.1552909455931865
0.1552334136683119
0.1551068017278798
0.1550018257947975
0.1547539988535333
0.1544107140134313
0.1541610231324035
0.1539625986848196
0.1536611171702609
0.1534223648987648
0.1532878581297406
0.1531661808506799
0.1531010821342813
0.1530129561363434
0.1528830382572962
0.152757662804877
0.1527171387202732
0.1526241982926483
0.1525103790236437
0.1523654292584868
0.1521619038449669
0.1518866149162711
0.1517631224161272
0.1517296693653838
0.1516253495737762
0.1515865505020071
0.1514472996894901
0.1512924722605485
0.1511357656174589
0.1506595018726244
0.1494923840324829
0.1483920722361453
0.1454987849659593
0.1412716283500442
0.1397693043967919
0.1386535568136374
0.1380757825888535
0.1377824022157572
0.1377239340377268
0.1374551152263196
0.137264718965471
0.1368729992110088
0.136375447407503
0.1361925720486539
0.1360805289719296
0.135852697480155
0.1353805036391588
0.1350302794757221
0.1347517245680196
0.1345682594744812
0.1343213603059353
0.1342356395435742
0.1340591576068531
0.1338126498242578
0.1337063687864666
0.1336757607854464
0.1334830716453594
0.133411336580341
0.1333144536297632
0.1332117698512126
0.1331377950312654
0.1330345210411439
0.1328775113181497
0.1327249335498289
0.132398580603852
0.1319390121690758
0.1315598251026683
0.1313808855290818
0.1313685973933316
0.1310450814813392
0.1308783632040681
0.1307830657379535
0.1307507922342566
0.1306167683165996
0.1305422338235508
0.1305114501018062
0.1304699989170253
0.1304286303587922
0.1303896153115208
0.1301573182846153
0.1297975926067872
0.1294637657613006
0.1292790512550472
0.1292058319207663
0.1291615485711468
0.1291502240008326
0.1291133124928201
0.1290671631053358
0.1289326267646024
0.1285602410446545
0.128199720405997
0.1278635394061728
0.1275555793915862
0.1271896606496455
0.1267074251937514
0.1265185678913077
0.1263319393912702
0.1258589470373021
0.1255816940526514
0.1253982753561202
0.1252815510441655
0.1250228802743767
0.1248865316651029
0.1247884352961847
0.1246561504658832
0.1244770187696551
0.124345338482103
0.1242891969289332
0.1242278367906119
0.1240371340563991
0.1238829176032458
0.1236475827587977
0.1234116212170737
0.1233171257509831
0.123307331415658
0.1231867402757512
0.1231358096529271
0.1230686935644903
0.1230377491048497
0.1230240814297853
0.1229069030470406
0.1228065667233744
0.1227033798506817
0.1223085616176851
0.1220836024139454
0.1218254191977011
0.1216479563056563
0.1215130876695307
0.1213138535530096
0.1212391296783627
0.121206948055931
0.121084673326216
0.1209669274568686
0.1208296680460463
0.1207898817350968
0.1207314326966931
0.1206727134952916
0.1206520101693896
0.1206439436997463
0.1205886682849071
0.1205598194772899
0.1204608721609545
0.1203459595453236
0.1201676879238396
0.1199346875429245
0.1192319980179868
0.1187653414758503
0.118436485653125
0.1175460042249897
0.1168241987683665
0.1160832842303918
0.1154674314488019
0.1143451697845543
0.1135444763331903
0.1132879613002124
0.1131709864315007
0.1130981489748216
0.1129924571173962
0.1129147566977185
0.1127597899201104
0.1125637451544712
0.1124525935839709
0.1124154696762658
0.1123050250969859
0.1122378558137538
0.1121640292516774
0.1120794500131228
0.1119929070578074
0.1118960270705479
0.111830185641113
0.1117391332968685
0.1114493002060628
0.1114336674995705
