10.71161323470551
6.593504879420639
4.754123207849037
2.564588875867089
2.220385099548972
2.033170480621569
1.795226408819311
1.626146081192595
1.540033436195
1.50168277702677
1.367386001526378
1.277021511903555
1.208758788314327
1.153955385269873
1.106338969174298
1.040330422653512
0.9946368544132841
0.9660547488748652
0.9287004422245106
0.9104721214977123
0.901269293301073
0.8756097844262761
0.8619644392291741
0.8461768866348393
0.8269984786205524
0.8089012357360931
0.7928530454853815
0.7560861830575909
0.7243885386534429
0.6895884784363516
0.6715282134727649
0.6626082593289897
0.6531189098394947
0.6466002698642334
0.6419210318342339
0.6304181554465011
0.6209031937378996
0.6137562892399284
0.6076628106752536
0.5994803215876213
0.5952670687198037
0.5928812191046888
0.5897927342496945
0.5876506050641166
0.5822248447930622
0.5700801099551749
0.5409830887684459
0.5199036268663695
0.4981592842498856
0.4868442332791098
0.4767647200143012
0.4648354511608718
0.4577744638363176
0.4554018645694624
0.4488623994993071
0.4467845239337808
0.4457009760255649
0.4448448552879126
0.4416268945806901
0.4402227295930097
0.439470356618487
0.4366523574135073
0.429943237542824
0.4219992953958602
0.4170969836863047
0.4142523724626915
0.410229366850461
0.4085905565910132
0.4077343540937009
0.4047787586947017
0.4037759689543489
0.4014081233016848
0.3983526397205163
0.3967641440172425
0.3955822601915049
0.3945632130526617
0.3912603365373517
0.387889749262842
0.3843513043349267
0.3773666595250557
0.37045472540416
0.3633903080177183
0.3541998465950451
0.3507357564832361
0.3489257239875039
0.347220337950696
0.346166417585647
0.3453425449801734
0.3434657091599522
0.341956710079847
0.3406967268636173
0.3393232927506102
0.3387851082979293
0.338136852043333
0.3373424268850904
0.3367741216804253
0.3360894811412293
0.3355009563676754
0.3347899448372858
0.3344670226584072
0.3343798750348781
0.3332197062984118
0.333102217776701
0.3326881645140172
0.3297354643917135
0.3229922957859646
0.307239126104254
0.2981621412247876
0.2938854756921528
0.2895706781880071
0.2839698105408406
0.2809308133423303
0.2798617226742664
0.2784267719695971
0.2776106668567207
0.2770077523680052
0.2766561971455882
0.2764596461345616
0.2760331041962198
0.2754465269772624
0.2748829369636928
0.2740201503554543
0.272815712557726
0.2718204226222303
0.2713338404300024
0.2710544356038027
0.2698978469415033
0.2689611095612818
0.2679736879636001
0.2668186164090102
0.2664562226515136
0.2660374204601509
0.2656974560076291
0.2653054608510454
0.2649237129863605
0.2646994482403064
0.2645215061772698
0.2638064873243602
0.2635932471540232
0.2635003517744771
0.2633026186427415
0.2625911427133467
0.2617526751932911
0.2609262504465043
0.2601382325314385
0.2588976612284445
0.2581187000453974
0.2573220199886832
0.2562424420939271
0.2558860869436144
0.2554502815421311
0.2551379278396728
0.2549168155861543
0.2547471096031358
0.2546495797172955
0.254357174122879
0.2540068387515573
0.2535919687904732
0.2534071343948987
0.2529155448310478
0.2511422053091841
0.2496911811310107
0.2486960326322206
0.2470329272071432
0.2442227898216053
0.2428113042785175
0.2420434217514901
0.2413806696041857
0.2406420786137125
0.240246035961198
0.2400405007267454
0.2393262152406999
0.2389892040602507
0.2387853854423048
0.2386085875206364
0.238495455558957
0.2383761811339667
0.2380308243601559
0.2376535825080701
0.2372892626566096
0.2370638664524158
0.2367282982811513
0.2364502601582442
0.2361834687939463
0.235845744312023
0.2357360117383204
0.2356613285995488
0.2355179322970751
0.2353569983640033
0.2352602268335966
0.2352219929630469
0.2350630479768026
0.2348914958074053
0.2346476308788187
0.2343307312349498
0.2332928248029
0.232833293215261
0.2324278866100729
0.2320991476406835
0.2316881034391955
0.2310394190776315
0.230829192855811
0.2307304716938683
0.2306332789963847
0.2303625966403072
0.2294422068740583
0.2264764858620681
0.2235048184004778
0.2151742780992378
0.2124574494500914
0.2110880525616922
0.2099213958261287
0.2090828701617965
0.208270245248449
0.2077235855836402
0.2073776122839921
0.2068945404889102
0.2067195480035842
0.2065106951730924
0.206277792152334
0.2060269669323955
0.205831781651145
0.2054104953885557
0.2050835399888092
0.2046747790388031
0.2044238536028445
0.204292452879296
0.2041377604051027
0.2040305555022895
0.2038405833090699
0.2036542278299404
0.2036061047870241
0.2035500908430462
0.2034147572928345
0.2032336127937565
0.2031030208445622
0.2029311674791534
0.2028601742547546
0.202823594879401
0.2026726414230176
0.2025558527375232
0.2024007817986814
0.2023058902765425
0.2022166013094162
0.2020659824312402
0.2019405458205155
0.2019020559497648
0.2015574558012532
0.2012085910330813
0.2009567459614794
0.2005175561945064
0.1998255415088452
0.1989595533723174
0.1985073210353362
0.1982978779297166
0.1977325900864406
0.1975855441738835
0.1975020461436881
0.1974032965974747
0.197289433422944
0.197240018736474
0.1971745127760622
0.1970003521688239
0.1967842742956535
0.1963932943127136
0.1961853742588516
0.1953167598762522
0.1950139306786812
0.1948406342974101
0.1946443622758394
0.1945548232062645
0.1943344903155929
0.1941950647786815
0.1941014853103416
0.1940257614654869
0.1938171465039054
0.1936397147386759
0.1935978097796371
0.1935360026204581
0.193489036664515
0.1934026094620949
0.1932743600244121
0.1931854562597334
0.1931502780738433
0.1930738859183013
0.1927815700167239
0.192499256806837
0.1920113023422005
0.1913631454065689
0.1893828185959333
0.1886936639960404
0.1880514067768032
0.1852568581917605
0.1827408018678364
0.182174304320968
0.181846114119902
0.1816047027798171
0.1813719412331754
0.1809884558243863
0.1808246605598584
0.1807387953828898
0.1806404804445227
0.1805470523678896
0.1803166659659633
0.1799748383223247
0.1798345360616637
0.1797453543125562
0.1796627173396868
0.1794711800625315
0.1794036224961377
0.1793037133043727
0.1792323023161303
0.1791339978668034
0.1790434937927069
0.1790126331045361
0.1789355052806351
0.1788350369883183
0.1787543556169712
0.1786753930005497
0.1785728414839759
0.1783674538380186
0.1782267492433051
0.1777766752541819
0.1761312603450845
0.1750473372553563
0.1745383205758632
0.1733119676543948
0.1726708133577616
0.1723253096981091
0.172010602630227
0.1718768123272288
0.1716886825121468
0.1716418454635306
0.1716151107659999
0.1716005444285661
0.171553379977899
0.171495995755969
0.1714478270454367
0.1713000872126347
0.1710219162825113
0.1699538597624296
0.1694779465273749
0.1694221609764365
0.1688609221569558
0.1687165092809743
0.1685027612756493
0.1683639062121736
0.1681917310098026
0.1678108410564301
0.167584650906178
0.1674385674678804
0.1673512018749117
0.1672460373834679
0.1671956128853526
0.1671680489515585
0.1670653727742535
0.1670141248476204
0.1669812079319699
0.1668546763124418
0.1667202597421876
0.1666513035375811
0.1666288718366614
0.1664538556045955
0.166323304836838
0.166235151964864
0.1661074460990829
0.1660497289551879
0.1660141201360884
0.1659059591989034
0.1657498411058993
0.165692745566708
0.1656558987092397
0.1656098715789791
0.1655551795232519
0.1655053486332259
0.1654624168287155
0.1652198474990846
0.1649124031308345
0.1641631058306663
0.1633528018070087
0.1629323021013005
0.1624128785281893
0.1621648618621095
0.1621195287409087
0.1616894973511621
0.1615987928018233
0.1615108132242991
0.1614163541777914
0.1613256367608316
0.1612036219921603
0.1611677579757568
0.1611481776171276
0.1611283663990229
0.1609811244403459
0.1608838547165073
0.1608506614214236
0.1607741169912709
0.160739148351612
0.1606151574783811
0.1604828892842591
0.1603698910072095
