30.90286767720374
19.55781847274958
13.39785370576222
9.866449412255786
6.855211752888086
4.947138226531244
3.713878048515481
2.553437927927789
1.833457341759291
1.485294753696718
1.165126534183423
1.069821876210172
0.9793522195151628
0.8675356200315549
0.7824799553230662
0.7287695810731518
0.6911508874883791
0.6443929199518811
0.6296001039885735
0.5999825969214894
0.556302709877294
0.5395456481502763
0.5227267089793498
0.5140741865322643
0.5051265153307685
0.4796927521186163
0.4658514483936046
0.4584979657320706
0.4352720062541588
0.4267061781905827
0.419556994127364
0.4123351114413107
0.4019309135957006
0.3923905783308271
0.3842097956472353
0.3778296397937255
0.3668864821915709
0.3491483955480963
0.3388861800647279
0.3304342461117571
0.3238992272778362
0.3134582668164091
0.3009755151227119
0.2947578749148591
0.293316493328465
0.2884271762805832
0.2864088624018529
0.2851262685306482
0.2822370746452775
0.280418161051363
0.278557024244787
0.2720166743793028
0.2688862217845592
0.2685640421608992
0.2656614219083436
0.2639675483557326
0.26356754781055
0.2609354579865825
0.2600559904079474
0.2580781724338538
0.2490303266620154
0.2417694483823364
0.236214471420952
0.2331172213806555
0.2260379356247958
0.2168987455736011
0.2141133730981537
0.2128808152814096
0.2120633917720072
0.2102850870779948
0.2055603996444053
0.202366926571319
0.1997340232351939
0.193488205573533
0.1910267851803865
0.1881978377809178
0.1857526525445953
0.1829260418717659
0.1810066098521785
0.179933343516326
0.1784087212611517
0.1778385198481828
0.1773266241255183
0.1761454217119712
0.1755540510143733
0.174900916418389
0.1740583583452066
0.1732630547236446
0.1726212784773991
0.1711298807504751
0.1693205268407421
0.1674312930210087
0.1665129503211457
0.1662539501349155
0.1651258567650611
0.1645956582754367
0.1643996257778568
0.1641162823568864
0.1636922535481508
0.162833492645247
0.1593516428000862
0.1555743444122957
0.1541806643328807
0.1532542433603215
0.1523237854805667
0.1505147405753479
0.1490581584946237
0.1484003403723448
0.1477479317463503
0.1474404446717266
0.1467740347148881
0.1458073298871681
0.1449086364977656
0.1443921132264755
0.1440841850726835
0.1431084117568638
0.1420564086362965
0.1415047045571747
0.1407538497905713
0.140101182717749
0.1395140168356592
0.1388900464425878
0.1375450230762157
0.1356314657165207
0.1343433362936414
0.1335164206854675
0.1328627962635346
0.1323038605020288
0.1314409997130427
0.1302262518824228
0.1299888250507933
0.1296490031119873
0.1295276663181984
0.1294344259535246
0.128814371208939
0.1285501682555058
0.1277724277909061
0.1266328973427036
0.1259016025301652
0.1254910447333078
0.1250091359545051
0.123188069883387
0.121652846912353
0.12054422042142
0.1186449772297923
0.11616668990762
0.1155161835185738
0.1151396994026258
0.1150785517067652
0.1148161049863711
0.1146284187964473
0.1144812699787932
0.1138381598336703
0.1130997200729921
0.1116665733797534
0.1109186090706603
0.1086519348400755
0.1063933598456552
0.1031167898354311
0.1017543856616071
0.1009650620134445
0.1005245882096388
0.09999053983577477
0.09956126955892115
0.09897733960525203
0.0985401077052895
0.09810852736500812
0.09764174497577588
0.09719897198027495
0.09654930516698623
0.09633713640420391
0.09621942245118373
0.09611968266285899
0.09578226086320306
0.09559037983391382
0.09539460323280445
0.09512620707726982
0.09489834139654105
0.09466890418052143
0.09426134319918206
0.0936942673989357
0.09256076176603405
0.09186834079871879
0.09085090860460433
0.0905557251649682
0.09035154866159281
0.09013205601481511
0.08984441223164726
0.08965005221479316
0.0894365751273228
0.0891784477012067
0.08888304892885183
0.08872309825738206
0.08858316695777425
0.08828631991682595
0.08799118685054959
0.0878941342488536
0.0878385090874038
0.08769450365661142
0.08757392733166532
0.08749121073306938
0.08716028562848985
0.0868084961955766
0.08657318564526549
0.0862889404243245
0.08553771451955225
0.08444141464618721
0.0839499739327266
0.0839009488743848
0.08334530568655318
0.08318114030874248
0.08309317581210343
0.08300702890318104
0.08275503632765258
0.08260776639136462
0.08255318112964793
0.08233859736941519
0.08219842100450293
0.08215026226224839
0.08194667667525032
0.08178027899647146
0.08158254944583526
0.08107964157095901
0.08050139647187861
0.08006277921373274
0.07980481101659477
0.07930825037833836
0.07785715239107142
0.07730691575297044
0.07676677872014161
0.07605437829225391
0.07544134256664031
0.07511798463895671
0.07479860452191188
0.07439510388138895
0.07402140007589804
0.07355943467345588
0.07341271666213092
0.07330482313715526
0.07309204265496193
0.07288655166143475
0.07280179642811085
0.07279073525396647
0.07270389414162177
0.07263081455316295
0.07258155734763354
0.07233930518652165
0.07189154781506313
0.0713398915492843
0.07088332460371047
0.07042188855577859
0.07006467909522958
0.06945379943421377
0.06893634021134348
0.06883872515459054
0.06877419855871141
0.06868196212444125
0.06853261409073962
0.06842099881299714
0.06833733717518625
0.0682727192632076
0.06814863995250187
0.06795391250718176
0.06783531750220854
0.0677707982112398
0.06768450464837693
0.06764534787638969
0.06758591079160504
0.06739054544566778
0.06718880465926556
0.06668528443737479
0.06551047182731415
0.06350069143424579
0.06128323443459133
0.06042117597420264
0.05983053820625957
0.05954727458618251
0.05926351036471595
0.05910014414032325
0.05889048514259172
0.05873002022579842
0.05855212466237122
0.05840548181228159
0.05825113843214248
0.05807120237484045
0.0578485547918663
0.05773628189908001
0.05765882346905451
0.05744799329091449
0.05727686423603635
0.05715855349224326
0.05698143061368171
0.05690856783828208
0.05686500215787149
0.05684473377035879
0.05675839318354876
0.05666946686165875
0.05661298895555796
0.05652796644991887
0.05629722523067655
0.05606009983441221
0.0559308289872311
0.05574777811738726
0.05559640810872906
0.05545304713646568
0.05508544116398899
0.05420367467575016
0.05297505169871579
0.0517624878272724
0.05133914217752204
0.05102338088986894
0.05073375984113634
0.05032571611281891
0.05008739849058912
0.04997831120939515
0.04968825606879197
0.04951017933075785
0.04940837116090602
0.04930990904520128
0.0491770621950515
0.04911839530373423
0.0490803927401012
0.04897104874752554
0.04890444803268551
0.04885673442679368
0.04872230412984983
0.04865342115312077
0.04859214053727184
0.04850582341573782
0.04840750009534736
0.04834136135556643
0.04830920678869315
0.04819954530060639
0.04804924438464921
0.04797415259939067
0.04787403521867295
0.04782312828483309
0.04780626935386915
0.04772545413615828
0.04769001040414338
0.04767539895825489
0.04762596672797235
0.04756723574925822
0.0474882386963855
0.04743706653177852
0.04741542568678319
0.04723372442628836
0.04680505734051075
0.04630885355685953
0.04581969346711153
0.04544893998426203
0.04520187536564886
0.04482871093106041
0.04463786660689474
0.04457458999096465
0.04449874093133144
0.04446186980298551
0.04444915895243227
0.04439253579700304
0.04435326067821838
0.04433093045813181
0.04428240532341745
0.04413960687759103
0.04406209961437082
0.04397538389107285
0.0438089107331722
0.04360106776422432
0.04343877401658714
0.04331084432746112
0.04316178210745838
0.04293240794718649
0.04282509714984559
0.04277716836592816
0.04272138956000613
0.04265759199332022
0.04260725722378549
0.04253665422207242
0.04246986694717449
0.04240755070344795
0.04234264939846508
0.04218439202692886
0.04167787887688837
0.04101475909853521
0.0405076120926439
0.04024708630862951
0.03993650392102989
0.03958347562814785
0.03943637702540365
0.03929113809351254
0.03920349355302469
0.03913389251562473
0.03892449046236442
0.03883145636294137
0.03875587876380814
0.03867508668105021
0.03855928131607918
0.03845501554434656
0.03836204258440386
0.03830944172346878
0.03828118016362653
0.03817275992706025
