32.12450176640991
21.38651466029796
15.04698109201058
10.83398488114647
5.302446603111704
3.407965115325116
2.200668727329856
1.707496180873947
1.463458412393074
1.174323055569276
1.047966438897084
0.9408841757027775
0.8579347269794244
0.7938904537975828
0.7230016007600032
0.6878951547259168
0.6646495226084363
0.6475235093255773
0.6217437782179607
0.605169762826937
0.5916497487478938
0.5770921219313877
0.5532161998843677
0.5329265159651505
0.5097210729749678
0.5000290825006223
0.4862347131945629
0.4725219664700826
0.4637014157287762
0.4546493637456444
0.4433492936580947
0.4322565101611552
0.4229125550222696
0.4150407138599998
0.4001250787709725
0.3882768727788414
0.3823322002748231
0.3776202225715862
0.3740361070576206
0.3643976264065515
0.3522864779488219
0.342580591364609
0.3326192627013049
0.3198721233241373
0.31611095597289
0.3133956997767483
0.3111269837528517
0.3044232379948536
0.2984432023821498
0.2901311642155342
0.280628274094036
0.2790910418140966
0.2774790200951701
0.2760023872848079
0.2729473035435476
0.2688465447244173
0.2650553045486309
0.2603858143462854
0.25851268061653
0.2562328368095008
0.2545334747309366
0.2535239314890714
0.2516071709059947
0.2488160916434896
0.2476145336604512
0.2468936939258282
0.2458670395449739
0.2449452553884686
0.2439965463686763
0.2410627472625598
0.2343505850798759
0.2287159318679957
0.2236820681145521
0.2149685902074149
0.2109274897637291
0.2080225655592976
0.200968949637736
0.1987357755344988
0.1973066411865742
0.1961212897722416
0.1949053394630101
0.194124946674087
0.1933050964718036
0.1923262729228196
0.1912000143235651
0.1906083914906723
0.1902888324456281
0.1892853026971406
0.1886190023778743
0.1882411880895438
0.1869513484525765
0.1863227179243159
0.1856293208982189
0.1838010196124868
0.1819642403170966
0.1758588023234508
0.170379023231298
0.1665665349147977
0.1619020931230092
0.1550838991568431
0.1521113516680036
0.1507607379431949
0.1495881518825295
0.1486564282513833
0.1477698804602251
0.1471725463960376
0.1467885487120182
0.1463351129791989
0.1451118723518952
0.1443451956878624
0.1439385419017364
0.1433414500853708
0.1429019564777097
0.1427590914109054
0.1422667354549863
0.1418121813327439
0.1412673620847233
0.1406426466436763
0.1404274424680406
0.1398664424731576
0.1393650680387133
0.1387256966122428
0.138077838079045
0.13763071940891
0.1371668814229778
0.1360406681453777
0.1351824844759869
0.1340034703850274
0.1314274627394177
0.1302831229217004
0.1287346394114678
0.1280960035855871
0.1280637094154105
0.1272848483894698
0.1271184315626099
0.1269697372189383
0.1264818074797323
0.1259799790683604
0.1255245601449288
0.124912709833687
0.1245982324425074
0.1244571506621701
0.1241425296888521
0.123974132181934
0.1237913725655055
0.1233620435363506
0.1227225790368508
0.1221245264468797
0.1219229212164095
0.1216552994627878
0.1213849401745377
0.1212711630237193
0.1211128972665448
0.1208710814012849
0.12059271842109
0.1202192020939142
0.1200203133279523
0.1199443426164548
0.119714978120551
0.1195871292248361
0.1195170974813526
0.1190206466282497
0.1186737153895528
0.1182741003230071
0.1148868181396626
0.1108829472710156
0.1068601557867011
0.1048991911189094
0.1006179268015914
0.09755990734683928
0.0964965389186536
0.09516759367356364
0.09410997537125246
0.09333261321495065
0.09281359724160018
0.09229930084898251
0.09165273568647636
0.09130206063103316
0.09119770510545368
0.09074247812186083
0.09056351576044364
0.09038749474455568
0.09016084935637232
0.08994111119727385
0.08944209855631331
0.08881024121575272
0.08851662217445554
0.08817328164202022
0.08807181878416019
0.08795015943971742
0.08772074300554382
0.08701981851924824
0.0861130106296463
0.08527175985334964
0.08494171491998215
0.08459436429904604
0.08419243649849519
0.08387353485794739
0.08371469438727464
0.08348503113195095
0.08335532271482625
0.08326911849001695
0.08314793065923329
0.08304580509481588
0.08299723401125127
0.08279539941656104
0.08247581383453222
0.08207218106642487
0.08168434639198506
0.08146831864407106
0.08142733085641829
0.08117569408866675
0.08101951171269567
0.08093307958845947
0.0808043036624751
0.08072715054206465
0.0806321550097281
0.08025194621288577
0.08011805187737413
0.0799661453982297
0.07967146061744289
0.07923894950650273
0.07884240729991995
0.07874682105215688
0.07863021388407709
0.07850444899871499
0.07842692262128652
0.0783357716021427
0.07810667462029523
0.07787325503407669
0.07756449016120801
0.07740973906461508
0.07736749924485135
0.07706961720011385
0.07689181753807378
0.07676281731362465
0.07653946925507374
0.07628871491136358
0.07618450839311509
0.07610431542655398
0.07604330609987811
0.07590108737582943
0.07576417452212059
0.07556160164523956
0.07539680695099991
0.07523670434648908
0.07505427917481432
0.07465854858591102
0.07411747685748375
0.07365679397801299
0.07328436119350697
0.07313612805590375
0.07279003407306622
0.07232965639077905
0.07211153282789905
0.07197569539803682
0.07186482434227108
0.07166514371243897
0.07157238702748703
0.07153319948865701
0.07139659762178739
0.07136116614139594
0.07130936589815656
0.07125413725486167
0.07121166543274761
0.07106306741591416
0.07060820840673479
0.06836036105680877
0.06783170160684837
0.06512166361199369
0.0636424661528756
0.06308990051003086
0.06240903264527102
0.06215609721622971
0.06180319232700739
0.06165177339496511
0.06144065758417074
0.06128096645860518
0.06110541705919482
0.06078886532252626
0.06045352499856634
0.06009647897329624
0.05994396215013677
0.05977218993140952
0.05958866820165235
0.05940376766544782
0.05919089433695857
0.05902692383108198
0.05870071214245631
0.05832381144434046
0.05798402389936921
0.05781960313910055
0.05738100614808272
0.05697748678627113
0.05658070099402063
0.05603763139046211
0.05565851901758315
0.05543776788194524
0.05519597270755647
0.05506280455126109
0.05494839666210086
0.05477924595069182
0.05463070845681601
0.05454741811156798
0.05452658507682157
0.05443373554095653
0.05435736677875298
0.05433292971977841
0.05426737780353964
0.05418583297437415
0.05412051811735998
0.05404704118626845
0.05386157933586536
0.05346863997254152
0.05264923727000884
0.05183301513640277
0.05090583653746076
0.05039738186790497
0.04985814284951171
0.04925426654167436
0.04861593539568555
0.04804149221506022
0.04730509491035683
0.04696930736015225
0.04656866453783157
0.04625053690054417
0.04588993068979325
0.04545514490473301
0.04525435814008932
0.04499632928267299
0.04472965523153648
0.04450136483876424
0.0442836252303471
0.04367842549879605
0.04304048063885762
0.04285947516307808
0.04265003654695551
0.04254004511348226
0.04248148341194694
0.04230551246348005
0.04222893420602838
0.04215188397261588
0.04204179380191016
0.04196643842692022
0.04190424104523172
0.04179385939373036
0.0417138450404759
0.04166519234988272
0.04160099251506432
0.04153177179969978
0.04149126763135828
0.04145271592963799
0.04133242775432538
0.04118714027794902
0.04114565254060475
0.0411132909148111
0.04105868336463328
0.04095114233638914
0.04083228967442185
0.04070661640535154
0.04054805105064945
0.04048359046845365
0.04048305951150331
0.04042700977093546
0.04040398630421538
0.04037885392289173
0.04032268340052531
0.04007238113154775
0.03991090886364409
0.03975600680939812
0.0394638013747995
0.03932061809930865
0.03929058788443482
0.03921961571789825
0.03917008161146573
0.03911721203629832
0.03901516518388502
0.03897299949506757
0.0389603496338167
0.03892568224976684
0.03890387326064625
0.03886500246464596
0.0387905650324312
0.03869048945258147
0.03865135292816397
0.03863686978882756
0.03860294207571276
0.03858719721428256
0.0385398643613914
0.03846931025471133
0.03841411151890602
0.03835998632425925
0.03828844347468981
0.03823353097496592
0.03814449445125843
0.03804639381300619
0.03773677221416952
0.03733012989582785
0.0371702671102266
0.0371551719642426
0.03696272719985377
