33.56400652034794
20.30019282207516
16.12626560425093
11.29589350426413
5.346401359481059
3.780130726362452
2.794598647863605
2.17432051350504
1.978182184102514
1.843150802771292
1.578529490534109
1.441769896914219
1.264967304062764
1.082058211988876
0.9767876440339655
0.8881368452362772
0.828802336671983
0.7558526623561508
0.730439736597213
0.704746227524877
0.6702940832498225
0.6525571770442606
0.6325887017020294
0.5809871304608599
0.5450046477370364
0.5180624636116379
0.4953622905752865
0.4605244383204321
0.4455540003139384
0.4237155588083455
0.4161956921147629
0.4064496420799491
0.396458442937459
0.3892944536278052
0.3833326521740296
0.3744759780170092
0.3686134931385705
0.3664211408309919
0.3633987044046953
0.3610565359380445
0.3586599014396903
0.3524754399950253
0.3453901661940994
0.3421491025317297
0.3380280847793374
0.3334205090365057
0.3314427330281016
0.3287789616879088
0.3246243154588386
0.3203805689100437
0.3152939181764681
0.3095412659368609
0.3079363425390437
0.3058303342796903
0.3020123576976113
0.2984383480894236
0.2925917083842399
0.2896387467927846
0.2885271801605876
0.2864222411486736
0.2851365450296082
0.2832393029958046
0.2821153074579388
0.2811146320029214
0.277907449334084
0.2736877038960951
0.272103348763718
0.2706913834163897
0.2683595083546379
0.2664075846653182
0.2656380986248783
0.2648487852080302
0.2628800006365575
0.258208748822492
0.2508957070421583
0.2485368296602484
0.2473307274238464
0.2459813183898909
0.244450800519007
0.2432298007154615
0.2418512804958135
0.2408531886995168
0.2394826770198706
0.2383458492627123
0.2372178885941025
0.2361725774924158
0.2344913271597336
0.2338310021830997
0.2335161383179664
0.2325249930522988
0.2288069510445136
0.2245522827145877
0.223565261546704
0.2222967393791248
0.2214496882113265
0.2208929375529491
0.2197762859860655
0.2188004632255854
0.2174015386290434
0.2162518099428949
0.2150125531793724
0.213663489421712
0.2121924484754104
0.2115747421466747
0.2108489905025016
0.2090744209608095
0.2075251526759688
0.2050579547550823
0.2025113000498276
0.2018654033999973
0.2010042159980177
0.200690765049701
0.200303772748256
0.1993336240325201
0.198772184170902
0.1983518388452032
0.1971310005839989
0.196174331707129
0.1950589161183228
0.1946105266660215
0.194170518004826
0.1936130582267787
0.1933466472974513
0.1932369548942172
0.1923882935838141
0.1918877523777338
0.1913258191013972
0.1906190941434008
0.190296532668306
0.1898280644907007
0.1888487030954636
0.1874304303617725
0.1863261623381265
0.185774284676554
0.185053643481074
0.1837023955316277
0.1816930131352376
0.1797212497941178
0.1792628155897828
0.1788051681732273
0.1782531190359297
0.1780899392189284
0.1778816172713941
0.1774182310605732
0.1767714046575782
0.175725088507366
0.1748536119780232
0.1732985206975852
0.172195187219486
0.1718214408380695
0.1714034188348141
0.1706320027100925
0.169909959242779
0.1670170254863444
0.1658702691688914
0.1641579740010919
0.1634490403937714
0.1628085651480228
0.1619065604896344
0.1612754517724223
0.1609498796316431
0.1605955240657165
0.1603060393753585
0.1599360239894696
0.1591998811653479
0.1588418105049193
0.15776679956458
0.1564773976073654
0.1551092040784564
0.1538303709495639
0.1523080152146012
0.150918776053673
0.1502750704604079
0.1502079024916513
0.1488525184451458
0.1483164392625899
0.1481687211883902
0.1479746483744931
0.1477579083690776
0.1475753668603877
0.1471582242174981
0.1465549315883027
0.1461148939623183
0.1456918583115098
0.1453102633214703
0.1447755838367143
0.1444976052647942
0.1444253025817929
0.144163382979614
0.1440280998159001
0.1439608012622975
0.1437183083712526
0.1436571285628001
0.1435243876565197
0.1429444664305906
0.1420787143191048
0.1416366472102991
0.1398634912767486
0.1383672587435734
0.1369014721801619
0.1357414455879698
0.1337592990328334
0.1322335355746366
0.1318873070809335
0.1317038462813627
0.13150023681577
0.1309876924059607
0.1305194773166944
0.1301442978184888
0.1295176898447477
0.1288614036378586
0.1286264662126692
0.1280688851626626
0.1277916990170504
0.1275949660330749
0.1274435499012564
0.1270179449392797
0.1267216306811235
0.1265617434271532
0.1263401396439958
0.1261945405356668
0.1260917687860386
0.1259643716053224
0.1258334440327851
0.1256802173219189
0.125471656744926
0.1252005398692624
0.1245890137450622
0.1238534712824868
0.1232961189450126
0.1226908086037994
0.1219241038612909
0.121261070170386
0.1209798573786086
0.1202611070578451
0.1192992434275169
0.1189560139199322
0.1187977290157622
0.1186286119569885
0.1184348355870899
0.1182306013998098
0.1180240967135088
0.1178047108854015
0.1175891263379416
0.1169108394468719
0.1139095284303301
0.1125179787063969
0.1105194543640425
0.1088818721876905
0.1082431584376491
0.1076613055104109
0.107372552096253
0.1070038153283053
0.1066901752894043
0.1063945078426476
0.1061097668526624
0.1057936458766027
0.1056463372828792
0.1054977955259619
0.1050821707008832
0.1046404441773348
0.104204058669459
0.1037134960597294
0.1033404118455678
0.1030664397005699
0.1024902091437589
0.1020649779290446
0.1018548711905461
0.1016376077011698
0.1015009471274135
0.1014351988194261
0.1012128965181535
0.1010990278315716
0.1009503204293931
0.1008914285048618
0.1008170761498243
0.1006906611816576
0.1005448463932599
0.1001718124381796
0.09936025092950701
0.09849680618825661
0.0980027956962658
0.09770203227262803
0.097299196146361
0.09697514173485733
0.09678659289875546
0.09659505725342822
0.09556344614255062
0.09470884194307025
0.09436929035897162
0.09350258456557378
0.09298357309311447
0.09270156101282639
0.09243007769650634
0.09163757799195499
0.09130682039487799
0.09110036537111259
0.09092002207418098
0.09047685656377139
0.09027297373058082
0.09020160833804153
0.09011991650824554
0.09002954844974392
0.08992778918317512
0.0898220171265864
0.08964639779280031
0.0895437687306341
0.08914728809268099
0.08882261504685443
0.08858280931397623
0.08838625970350672
0.08828916420781827
0.08815367737144772
0.08810031717530981
0.08806552223834679
0.08792723540834052
0.08787552137942692
0.08781592454849564
0.08762842275155187
0.08746486217407111
0.08710716829173133
0.08689469153127155
0.08678656326189506
0.08674522488680995
0.08657743918848927
0.08647281874289267
0.08640926473384068
0.08616490219276564
0.08600854224589809
0.08591101559748116
0.08568852485439607
0.08559498680179231
0.08553713746784912
0.08543718958016426
0.08520501628618739
0.08511210806039257
0.08499241926216632
0.08492024911977593
0.08486139151856502
0.08465054713512886
0.08439284764008478
0.08430457105163752
0.08419760190357885
0.08411237647533862
0.08406914886550544
0.08402057085299595
0.08374934825757556
0.0835177872927904
0.08323291365632413
0.08284044065364217
0.08275685367303096
0.08271743420631807
0.08267247100953706
0.08257598882005285
0.0824624951912694
0.08232274015312648
0.08210178412668588
0.08185972713724489
0.08160139414805111
0.08147388720226752
0.0814586660100453
0.08129416010578129
0.08121480943409799
0.08120233909211043
0.08110926865690667
0.08108123791224683
0.08097489580801322
0.08077711494334168
0.08064529084923447
0.0802585971990106
0.08002426009655529
0.07981993474349382
0.07921909299663496
0.07866176291596412
0.0783475516454582
0.07752532549895962
0.07685198019243894
0.07621574884195072
0.0748518791069249
0.07319093712095234
0.0726102157354334
0.07223970650331896
0.07170972447328733
0.07156101044111814
0.07146658215764459
0.07114181452123075
0.07087934237270961
0.07066082486275106
0.07036239580302772
0.07019800297891853
0.07000319167820432
0.06982292919758086
0.06969873594065328
0.0696096031175335
0.0695045495944389
0.06942861831155403
0.06938846347205779
0.06928614340536474
0.06922270699203475
0.06915973082815767
0.06885356658027035
