28.73069554646336
22.34702120984301
16.35597318096832
11.92285699036224
9.958733658755223
7.232911533849191
6.510856693142131
5.458261477474363
4.435052886943096
4.019802224066032
3.904952188716123
2.576912243958902
2.384291215772063
2.276087496877324
2.109273655623695
2.051660297863303
2.026425765020587
1.947535321207459
1.885242816132672
1.798932964988866
1.613320974579944
1.413946726161166
1.213837681459075
1.107357305115456
1.066604349594285
1.020111105646929
0.9711531453206126
0.9363309400080976
0.9132677043892889
0.8787476475478264
0.8567566318938378
0.8498283264537243
0.8431838311971804
0.8271909123605027
0.781377051637806
0.750689944321388
0.7372120469904696
0.6997822417967288
0.6729423509706093
0.6509159366083269
0.6315745262249479
0.6259417388523165
0.6221833376238124
0.6183751517757738
0.6073836925180472
0.5994499130560731
0.5950905644216693
0.5839599397655889
0.578199136963663
0.575522456755966
0.564647112721379
0.5616141842962359
0.5599077055903446
0.5597396682520521
0.5572497136939398
0.554998874058915
0.5496890742272394
0.5432312226817809
0.5354757219022933
0.5329211479808821
0.5316112572725967
0.5305298940948222
0.5259679622004307
0.5227173106569543
0.5212692763707529
0.519986120191076
0.5178470841521803
0.5165777172589523
0.5156623390400814
0.5144344388514411
0.5131999145889953
0.5121605056664092
0.5003967578844232
0.479695841066742
0.4557470768698851
0.4257134985507887
0.4210569913880491
0.4194144909611989
0.4169588373372157
0.4163694943505277
0.4149448246266169
0.410586135788285
0.4081635653713848
0.4068875595921629
0.4061951142723623
0.4043102045314334
0.4014833049375049
0.3997062869497472
0.3987382082564061
0.3957429109003473
0.3924886422518352
0.3887109960461297
0.3871112390819513
0.3862262571986201
0.3838769065440841
0.3810240232763152
0.3795207106837488
0.3788346352073992
0.3778533976044473
0.3771820481771704
0.3762674090380431
0.3745216522019109
0.3721246769756493
0.3708748074335877
0.3703892883695521
0.3683605691334518
0.3682222411589643
0.3677090314650569
0.3662461824303492
0.3655279919397055
0.3654421957437502
0.3645103534806572
0.362795741063231
0.3616583246050073
0.361247473409422
0.3609664855049288
0.3605431148154147
0.3597039734606403
0.3586136476513023
0.3583132201062939
0.3578961251501288
0.3575339166353217
0.3570837703708318
0.3566985243930699
0.356014021654786
0.3535539253734919
0.3460134242209646
0.3368739848294263
0.3358165717423259
0.3343310883906868
0.3336283219190441
0.3327059120291698
0.3323186685308585
0.3323037150886661
0.3317940564225403
0.3316022480745642
0.3314136837399337
0.330064067141101
0.3256224515071038
0.3209567513345681
0.3192544562392414
0.312953597695562
0.3069770149230623
0.299423940722108
0.2987556921616141
0.2972503513008913
0.2962393162505832
0.2953525604139791
0.2944753685415839
0.2939655092190054
0.2939389335637986
0.293650748592503
0.2935261584421602
0.2935054931491038
0.2933030507167477
0.293047102871425
0.2928618579772309
0.2925586856294498
0.2921510945275204
0.2918853231242184
0.2915900633184038
0.291224094451111
0.2910748215005836
0.2909248209012579
0.290277080080504
0.2897597063808798
0.2881940164554367
0.2863427219208687
0.2845333886767918
0.2837431284991512
0.2833059645573796
0.2829604499152513
0.2823268121847273
0.2819627150368577
0.2818351512071249
0.2816528023076454
0.2815666517360453
0.2815023291854771
0.2805730003073211
0.2781433999699767
0.2756054457065019
0.2725906110505678
0.2717453450092062
0.2707531670152824
0.2702681138780763
0.2700310602060229
0.2690620366155845
0.2688549213282466
0.2687353566033851
0.2684683731736851
0.2677104617748572
0.2674482834256571
0.2672866751048924
0.2666652403543321
0.2655323352398063
0.2650950715108261
0.2644840199162172
0.2642915956114586
0.2641782001092474
0.264146687721486
0.2640137405076147
0.263887154414928
0.2638123794617285
0.2636962286611542
0.2635592604009414
0.2634325006060824
0.2632967064324207
0.2631006429977682
0.2625118580032745
0.2601565496717156
0.2588376207100996
0.2584358874239541
0.2580094365388005
0.2578734302692448
0.2577044156744051
0.2572745533854872
0.256688797556854
0.2563651944068921
0.2562146568804872
0.2558671453258186
0.2556319537131308
0.2554410982428905
0.2546436240213299
0.2538218427080836
0.2532455868414806
0.2529514818048896
0.2518025520536743
0.2514825664628149
0.2513023459629521
0.2511335744586558
0.2508778622385576
0.2507643498443791
0.250707466714701
0.2506608084819721
0.2503036181091941
0.2500731744790808
0.249768111872516
0.2495766514542159
0.2494541830969682
0.248884331053214
0.2473954083958932
0.2468444462901458
0.2460616360997224
0.2457276431207482
0.2457218300960665
0.2454026287972969
0.2452726551768128
0.2450861894989034
0.2446265439849467
0.2440524529737524
0.2427796505169106
0.2421918027933026
0.2405717595059978
0.2401993808205164
0.2393424968694398
0.2359314631202826
0.2280058294541572
0.2201506732317264
0.2120149187823944
0.2097780160382081
0.2066939716801681
0.2039742949617481
0.200907183806537
0.199094163127214
0.1982480116394453
0.1961591786085416
0.1957232779476073
0.1954452785582483
0.1951168514119086
0.1945083820575779
0.1939912902687552
0.193572174803704
0.1932678642040242
0.1931049193581346
0.1929622375410076
0.1924725072459007
0.1922969247266146
0.1921533905158173
0.1919414464300803
0.1917304235649048
0.1916156693357163
0.1915481388555872
0.1913474753498586
0.1906592097597191
0.1902844664022746
0.1900422835110167
0.1897461424748254
0.1895444901384111
0.189284731617014
0.1885443161184468
0.1876517168127664
0.1872588366026693
0.1867656201997338
0.1864769069564308
0.1862648428203122
0.1855766167412722
0.1854294615670084
0.1853132094656582
0.1851224434135564
0.1847579244062466
0.1845183096541965
0.1841779515563824
0.1839423352676607
0.1838511131446353
0.1836113171171963
0.1832784839014825
0.1831077760248761
0.1830642663852666
0.1829284727132598
0.1828691266706442
0.1827892777125361
0.1826521018750671
0.1823184792562745
0.1818730657454216
0.1816723788338701
0.1815827946155577
0.1813614751689037
0.1812745233308078
0.1812238550766968
0.1811287697889667
0.1808504267954337
0.180583489103252
0.1804838916172407
0.1801686940361614
0.179947326155906
0.1796583429194085
0.1792494876793963
0.1790114089099647
0.1788583522001218
0.1787208444511316
0.1786836607502744
0.1786401996676528
0.1785934395061139
0.178436422640758
0.178181903767219
0.1778902327240592
0.1772492228600037
0.1768860594007327
0.1766247627344144
0.1761311481049135
0.175590419271516
0.1754462135277249
0.1752830792333986
0.1747122758803434
0.1743653382130939
0.1742873107653531
0.1741174234713098
0.1740794923007959
0.1740323902667237
0.173883327184452
0.1737225933652911
0.1735953613303522
0.1733290575587229
0.1729478136356468
0.1726899814736374
0.1725820905082057
0.1722749295321308
0.1722069770579997
0.1721360630984896
0.1720436148044673
0.1718016051425225
0.1716083699759639
0.171350034096832
0.1711694334677632
0.1709306529901765
0.17081368264119
0.1706489157936498
0.1705883294227087
0.1704409043784499
0.1702831884010665
0.1701938008460992
0.1700713020554675
0.1698598555167903
0.169573478628002
0.1693124290241866
0.1692105769063774
0.1691118782108752
0.1687950918557729
0.1684257907664674
0.1681323744585981
0.1678368207997853
0.1673907528226191
0.1670276826627168
0.1668570941368879
0.166754402768939
0.1663981754947046
0.1662372804290264
0.1660720203936517
0.1658967776411868
0.1655514847147256
0.1651263341577664
0.1647261335648258
0.1643264775460923
0.1639505108434882
0.1634529814860001
0.1631162595799986
0.1629078742048248
0.1626942463740915
0.162188998538351
0.1618376765799866
0.1617452430733619
