23.6329093165242
17.06048631568679
10.72940841641651
7.120413722041105
4.963950369416328
3.080030920450049
2.854333506670344
2.262308255150976
2.055930444815642
1.934523558468979
1.601169882074829
1.438589107402451
1.369926039291722
1.237604267038978
1.170076164211453
1.128151214477839
1.074245643610946
1.028204983603542
0.9997518647511516
0.9450112401335898
0.8943340029617955
0.8722277571738585
0.8488531988016579
0.7824332399472447
0.694604226581673
0.6760090868024946
0.6646502799277327
0.6564821777909144
0.6444725035338909
0.6361998614255067
0.6310251979912235
0.6250732317610674
0.6041348433942387
0.5769339014920619
0.5636834571616222
0.5503767297507848
0.5397496737679238
0.5278434365567223
0.5099897646401137
0.5027631579658846
0.4960333253383199
0.4915837103211183
0.4860698117329507
0.4771689281761042
0.4680909616702602
0.4479748269788341
0.4226710601256677
0.4045183813160504
0.3942470711259243
0.381861312679027
0.3783198108364959
0.3755321301537848
0.3730362965809914
0.3698654181929762
0.3673317271264069
0.3656918204399093
0.3642257257211125
0.3586721254100735
0.353944667404483
0.3516071582752184
0.348863444567245
0.3422620648773581
0.3382219316926491
0.3349491339529845
0.3283504497868872
0.3209575712221481
0.3189248889362595
0.317855045416728
0.3167160887865804
0.3145329046501752
0.3121544204774711
0.309067211958267
0.3042986678396162
0.3015116065684473
0.2987966056178283
0.2969540607751817
0.2938155162198162
0.2896958615386
0.2874651169037279
0.286747503269412
0.285261861623446
0.284379414871439
0.2835514593746972
0.2826499275624941
0.2813811838369757
0.2791698513052991
0.2770348878453814
0.2744450888346494
0.2734392224483191
0.2720839841595184
0.2709519763567499
0.2698373723830947
0.2693232346444573
0.2690921048381541
0.2672931607646946
0.2666143257160159
0.2649704139313612
0.2632997753029607
0.2617720513252494
0.2606608533448234
0.2583350687599978
0.2562155005492909
0.2548255470990181
0.2537975081178236
0.2527752569420295
0.2523521717209473
0.2518202042699406
0.2512488381346812
0.2506291149106569
0.2496359382726309
0.248647547704219
0.2450412860534855
0.2415394257280546
0.2385214954706819
0.2363223529575927
0.2312250588722672
0.2243719979019256
0.2205498262000447
0.2196653694718666
0.2165659375129438
0.2151070338206502
0.2143675995498473
0.2135338554356705
0.2127371252084773
0.212099862775445
0.2111819159018345
0.2107295583091518
0.2104830977841853
0.2099511984360171
0.2097761919081597
0.2092846218055268
0.2086919045344164
0.20823330827691
0.2073001697783983
0.2060824504621785
0.2049059811557427
0.2045061776595096
0.2042988541626149
0.204036695700759
0.202646775402935
0.2019162214848932
0.2017863442728596
0.2009606376353581
0.2003975751975623
0.2001661485842516
0.1995537718747388
0.1993846585183426
0.1991475427128837
0.1987943239280138
0.1983851324714393
0.1976060785799023
0.1965128083562234
0.1958852852941727
0.1955754270733313
0.1943419019695118
0.1940722334013477
0.1939345678122649
0.1934629042515476
0.1923521672808687
0.1906398537378166
0.1889229261761146
0.1884591318062424
0.1881854668420418
0.1878364840537311
0.1875644139433419
0.1872331589174795
0.1869511396299057
0.1866415224937209
0.1858734082250575
0.1850867156731762
0.1825648459152655
0.1804198171158787
0.1775730734261237
0.1746418805547178
0.1734996420230476
0.1721100855764203
0.1714776129975436
0.1709268344925547
0.1702779933071362
0.1697321114038862
0.1693592312711509
0.1689859225759499
0.1686570472523192
0.1684850884429328
0.1683197970621785
0.1681183372210115
0.1677564412583792
0.1673901361438393
0.1669832640958687
0.1666655028452105
0.1662571642981748
0.165449339835779
0.164898812919219
0.1640570077493165
0.1628806734212172
0.1624415677106083
0.1623199911895565
0.161991171961713
0.1617686154797793
0.1615083456813694
0.1612264314189429
0.1606732498498566
0.1599834006219741
0.1592797100812438
0.1588928905179693
0.1584800274546925
0.1582335309505416
0.1580012155858467
0.1577426967416686
0.1573759438197883
0.1571033220589443
0.1569978378715916
0.156735832311447
0.1564213171748458
0.1560788107583619
0.1558394647124289
0.1554920078165228
0.155148152720282
0.1549835374155199
0.1549301871532002
0.1548183646799517
0.1547362806484217
0.1545955158646293
0.1544313219481501
0.1542901123680979
0.1542233690895741
0.1540526279187169
0.1536933804225234
0.1503197634538527
0.1481041252456744
0.1464071054937092
0.1400323083756447
0.1357468707991132
0.1346689194563738
0.1323574047282918
0.1316469373978731
0.1306639053322723
0.1301142496072308
0.1298209178223506
0.1291961541962532
0.1288948929414425
0.1287034905200043
0.1280961647203279
0.1278634994860578
0.1276198589837458
0.1273130822776543
0.1271024251152532
0.1269517752267492
0.1265990384092179
0.1262344617210056
0.1258935532338364
0.1255042136958477
0.1251479070211665
0.1249261264763495
0.124690903934534
0.1239001284343481
0.1235644693393975
0.1232440837126706
0.1228413032659328
0.1224400949152541
0.1221767391950358
0.122058466038848
0.1217054813286949
0.1214096159409102
0.1212318141040632
0.1210299764658496
0.1207889589842706
0.120708843353443
0.1206080717514331
0.1205108383358753
0.1204046687644582
0.1202943321320145
0.1201865246026286
0.1194513806372968
0.1184946702698041
0.1167373027889329
0.115981594480336
0.1144672222661257
0.1135305348439398
0.1128592750692508
0.112278333987152
0.1114573911742526
0.1111362014813927
0.11096279268125
0.1107117207481309
0.110628355025941
0.1104172981188482
0.1099020415434312
0.1092313476134207
0.1090516739640083
0.1089779416559476
0.1088764762780546
0.1088077910557051
0.1087162705752594
0.108614057345669
0.1085527571860286
0.1084870487810193
0.1083851266628918
0.1082892355665452
0.1082577770005755
0.1081859951016615
0.107934335318914
0.107260866972605
0.106363990956748
0.105501211761325
0.1052007565008885
0.105044495415755
0.1048795808535587
0.1045613736465064
0.1043844585239756
0.1042085762485723
0.1034769458067954
0.1031516897373521
0.1030697835039961
0.1028853294818842
0.1027999555046616
0.1027150578798881
0.102511331921991
0.1022599902177167
0.1020609746781753
0.1018249861124366
0.1016685683477271
0.1015653348514613
0.1014404192676147
0.1014000848539574
0.1013564320647575
0.1012506661259488
0.1010990338436018
0.1009496216869534
0.1008932143954919
0.1008150009164169
0.1007583037877039
0.1006837733661371
0.1006513168234044
0.1006444027826593
0.1005652079087538
0.1005436197750438
0.1004881831463164
0.1003703055036165
0.09992719676478766
0.09862885222613385
0.09769966112282523
0.09635682233712209
0.09300419407064466
0.08967011084736103
0.0877595559867463
0.08602536537291419
0.08439504758299907
0.08350618553168493
0.08242329251303336
0.08160809160685469
0.08113043193434967
0.08001336878426586
0.07949721927475589
0.07887476186649581
0.0785031029286281
0.07829097312354988
0.07765030185914609
0.07741479989413359
0.07719449216796087
0.07689804849224088
0.07657999443004063
0.07645747694568927
0.07627759939815069
0.07617965587143428
0.07607270963734025
0.07589979607254141
0.0758262166432622
0.07579598529289057
0.07571857405714665
0.07562979130953748
0.07536523011858186
0.07469514353473021
0.07382746292449519
0.0735174510697994
0.07350371128225548
0.07332836936365497
0.07322444462321955
0.07315731810344984
0.07306197427681763
0.07297848480828543
0.07284141769415418
0.07251598680260987
0.07222680745864439
0.07192626027848342
0.07159561412520002
0.0712593798543736
0.07092784286959815
0.07054638001769231
0.07031788909602787
0.07017962438692198
0.06979182403831981
0.06961492687712986
0.06950024611489518
0.06941512626105045
0.06921124414841313
0.06897709712306413
0.06892505633388753
0.06886765928756999
0.06883338190538989
0.06878492005762145
