12.19384358295649
7.028434150915347
4.237746489799146
2.590999011687225
2.276757584972125
2.208156639243829
2.135907614696593
1.890961837755615
1.836169267834583
1.779961071396669
1.735187806831429
1.687080289350261
1.642894800399212
1.602324509604872
1.580380421228863
1.543494467662528
1.523449755984878
1.482939762387608
1.449839481879188
1.39675508967917
1.350498942030512
1.322000639927853
1.31200210502947
1.297275042447474
1.285485666158743
1.276593774245778
1.26775863967102
1.234445045498171
1.193699029255835
1.174246335916691
1.164158422062086
1.131360246326998
1.120740755346397
1.094590638393997
1.087042515284297
1.056803376812231
1.047564099074292
1.035715406120636
1.005059511384205
0.9697267925998635
0.9417092854375293
0.927035355033195
0.8956268032741118
0.8787609213379578
0.8554395868640099
0.8478226078334948
0.8433727485380598
0.8293591960057481
0.8217039280858164
0.8179151284302905
0.8068116979708705
0.7968980499619807
0.787987331255988
0.7719153657712784
0.7687120464957941
0.7662160616427981
0.7629870345626102
0.7551528498463145
0.7504715348429171
0.7408633549034188
0.7285087442576097
0.7188503083398113
0.7133818228142151
0.7077525822222677
0.6858629694038318
0.6798360269985367
0.6780997732701189
0.6754182699340628
0.6728645115267154
0.6705275962212581
0.6568041413334781
0.6418673259619965
0.6093121184355518
0.5993552001732738
0.5860049734400048
0.5814682697476675
0.5771373379241607
0.5675057840514962
0.5634523855908653
0.5619750913210908
0.5589660406386242
0.5545670018294134
0.5535024492949173
0.5525515883803253
0.5516261116497764
0.5480141529175301
0.5445661576825976
0.5426339851150803
0.5377610103940349
0.5305522661299895
0.5257485006897725
0.5205993134812787
0.5176516971176359
0.5155325486895627
0.5137635395002218
0.510774642291832
0.5080400815392355
0.5066324324988565
0.5050996298693189
0.5038647556839542
0.5027215970671951
0.4986173304325999
0.4966499389773965
0.4913697910203661
0.4868780220771384
0.4822628196822877
0.4746558174197032
0.4721155122002297
0.4706707223924445
0.4696095208531026
0.4692278877723987
0.4680147323417261
0.4672983107419301
0.4669664171014898
0.4654837193136381
0.464912492726617
0.4647580303196366
0.4643339155027986
0.4640878910664005
0.4637559867049509
0.4621262574573454
0.4607656072389489
0.4558984073893586
0.4460927352122326
0.4375208203572066
0.4325263827532492
0.4293501875502842
0.4265453248698036
0.4230056014361799
0.4212141585420738
0.4204805186371779
0.4189532783102308
0.416597219880651
0.4161324299863266
0.4156863106175963
0.4151655035198904
0.4133124556956296
0.412168139859971
0.4115672538367444
0.4095443854089366
0.4085889387640877
0.4080856167319902
0.4069459409509917
0.4061973428662697
0.4055778153297865
0.4042259334590546
0.4026689735119053
0.4020997579765438
0.4014126680757016
0.4005931009309353
0.4004979008895371
0.4001414610482387
0.399183365255022
0.3983923057214258
0.3976813280844625
0.3965455043881336
0.3956283486429761
0.3924150908563108
0.3917187772720896
0.3910082823572038
0.3905189788719421
0.3903372539698147
0.3899767825203397
0.3898201157195
0.3894772805786013
0.3890045820958314
0.3884996998207861
0.3880575815573086
0.3875763685570394
0.3868531472830308
0.3853786999096512
0.374828142941704
0.3716234006533578
0.3687368539289164
0.3662466833598841
0.3641342603881206
0.3594184274863301
0.357107411652974
0.3550140125239351
0.3538176308452516
0.3526091931896717
0.3496677283667243
0.3475264880088357
0.3447197729070384
0.342783140420477
0.3419870418842084
0.3409762115828974
0.340491978811821
0.3402508644848186
0.3397222803848619
0.3394500304032456
0.338775136306982
0.3383302740187971
0.3379891844307363
0.3375615373265354
0.3370824810069102
0.3366881575148081
0.3364307885097129
0.3353336672703052
0.3342361180282303
0.3335622677064367
0.3326394514974484
0.3324069461860461
0.3323210153177045
0.3319777596100366
0.3317102638495751
0.3315714788123505
0.331458086659437
0.3311149126060193
0.3307788899042866
0.3304790631862157
0.329994164513671
0.3298379968352397
0.3297394356759369
0.3296424574824764
0.3294464806481768
0.3292777023976032
0.3290939795677058
0.3288572569922967
0.3286456020337737
0.3284519308967699
0.327631159980083
0.3268260613414315
0.3256235791665079
0.3250202102072131
0.3233229278303762
0.3209974791903338
0.3198557998514851
0.3195432321290953
0.3193898454755476
0.3192921477876403
0.3189662530760251
0.3186374379139755
0.3182744602884022
0.3179430601923342
0.3177649925500843
0.3176868594107441
0.3170879183851725
0.3165729828849225
0.3158829428189538
0.3150809683569904
0.3147730534150056
0.3147646746904381
0.3143348016113464
0.3142562216115796
0.3140859291722197
0.313683052594785
0.3132192668755597
0.3128768820526796
0.3127010607974636
0.3123224703908904
0.3121834067562098
0.3119852515563545
0.3119150271617109
0.3118536650034269
0.311680048686131
0.3112083569735472
0.3109310450025789
0.3098645456022517
0.3092556936913208
0.3089225777910412
0.3084526202449696
0.3081132406095147
0.3079840986828545
0.3075256369998145
0.3072928067352124
0.3069798846695224
0.3069106721061139
0.3068087715802121
0.3066677025650026
0.3064816174155415
0.3062999402194097
0.3061082577479347
0.305822984208873
0.3055711508988693
0.305181382815836
0.30481225613577
0.3044856919646483
0.3043082368107928
0.3042940925456574
0.3041704872222743
0.3040098643968056
0.3039624442639043
0.3038935204319362
0.3037903147837261
0.3035144231797881
0.3028299346101253
0.3019443560732964
0.3005193750169768
0.2990579449100077
0.2983264264311087
0.2979102361786408
0.2962380156220239
0.2946133323232097
0.2938229598715085
0.2933037095603749
0.2929656025319265
0.2927638939249274
0.2922775177106813
0.2920030880630742
0.2918619120685637
0.2915288889382638
0.2914369313138296
0.2912429851474157
0.2911439645708508
0.2907714982922495
0.2897261644585931
0.2891964495160133
0.288447432378285
0.2880554142620981
0.2877129471388716
0.2865121901677488
0.2857136284613614
0.2853950213069635
0.2849636091298019
0.2848050734508249
0.2846561499810412
0.2845254900284148
0.2839758735693762
0.283663611185118
0.2832039529479298
0.283103036683521
0.2830363366833955
0.2828581851121597
0.2827230662241459
0.2824708088822382
0.2822912308381403
0.2821337211935354
0.2819843049283063
0.2817783666929415
0.2816080777176041
0.2814364189498993
0.2812289886315729
0.2810304051685294
0.2805097412669991
0.2801235762093277
0.2793559498423141
0.2787120847355485
0.2782174439407905
0.2780939654219678
0.2779223755621034
0.2778625619721646
0.2777936144649035
0.2775836442324041
0.2773490257764825
0.2771422426071626
0.2767181083234746
0.2758300491530351
0.2735343070936423
0.2717835521156447
0.2703164920119239
0.2681231366995812
0.2664431997095039
0.2634650045661482
0.2615034713372422
0.2598730409010723
0.258551842930446
0.2569394626361847
0.2557757134883598
0.2555505185877145
0.2547763889436313
0.2545005863533645
0.2544023430776848
0.2540063999668112
0.2538973237105256
0.2537604129053366
0.2536462899022114
0.253493804605721
0.2534298865402622
0.2533378238932222
0.253270826948691
0.2531747643957152
0.2531263570813274
0.2530926177289876
0.2528394083295472
0.2526579329049365
0.2526289217719986
0.2525197069461694
0.252446347410086
0.252319987442397
0.2519910685402725
0.251862754511293
0.2517011654778005
0.2504013155401913
0.2475961039030576
0.2447809656426025
0.2431473473496078
0.2429095081410208
0.2420930084643648
0.2416413124167433
0.2409764386867841
0.2408102397420339
0.2406507510857227
0.2402386494392851
0.2391755013921738
0.2388144278600808
0.2384315583432534
0.2383012240719236
0.2381578517745363
0.2379757626042092
0.2379085740565707
