2.371191964041651
2.307091594824776
2.301292462540547
2.301246126749104
2.301234008348701
2.300814564306376
2.299530594326454
2.298822683937098
2.298738367242672
2.297681422408646
2.297588803198194
2.29733299903315
2.295446615010512
2.294969630582543
2.294701677323721
2.294502132540732
2.294204160881107
2.293936506809334
2.293095929981029
2.21855990752595
2.217043343863576
2.085373006941397
1.96688837023655
1.918809789388225
1.913167686321878
1.889948064707719
1.872230058288673
1.823435406113814
1.768215645281683
1.732634362290399
1.694708123664369
1.649389271699828
1.626977761685583
1.598957116343593
1.589883845657929
1.586160189959439
1.566110034890135
1.555121018865288
1.550114831277069
1.532969792360516
1.511125244060403
1.501804525933245
1.493042352023938
1.474176833653461
1.455395777503133
1.448665756102075
1.442178495413857
1.424956284707209
1.404011785958476
1.392383053591145
1.390024043701666
1.356978544502257
1.317996904386162
1.300754043428961
1.276353652817988
1.263436625943029
1.254365101062869
1.214966954525159
1.181486258443562
1.169440541233647
1.158751519694964
1.153235917744365
1.128529866379236
1.12275965735363
1.119396860295051
1.09668966033604
1.081189175636003
1.072027433777402
1.061879000318482
1.056639998019639
1.046899024476228
1.037504865023541
1.028956091555559
1.023815694644834
1.014604497646384
1.005550854376823
0.9955690512828294
0.9900723291285692
0.98859349172627
0.9773809527452297
0.9726568748686139
0.9704280286177115
0.9690189183605706
0.9587904545180981
0.9484619823825059
0.9383003579941004
0.9318116643105018
0.9265927771122947
0.9243020593646892
0.914418571879442
0.9050073444612977
0.89575351635381
0.8848146113398933
0.8772784497614983
0.8717646193115011
0.8666932700634973
0.8615040253813523
0.8543183969194976
0.8468474020956218
0.8419523886483273
0.8349564981275193
0.8269428843899237
0.8188556488230322
0.8115210446504131
0.8069097288369379
0.8042518774241033
0.8011538380765281
0.7923352229890935
0.7838042691770745
0.7774160432198092
0.7735882980867951
0.7725224234456064
0.7720231024459155
0.7668347268488104
0.7622658076787264
0.7584331684160371
0.7546843476588241
0.7507332800201693
0.7485172831954187
0.7463845614940077
0.7459142920919116
0.7446913829990077
0.7417034573064675
0.737281954094885
0.7351332432185433
0.7324355316953451
0.7289567339575819
0.7259566084947163
0.72436369393825
0.7239150791045106
0.721741101503944
0.7196964355837402
0.7176371703174074
0.716045405788892
0.7149011600581658
0.7145161539132991
0.7133078811967876
0.7123009712530409
0.7107134128940459
0.7089857058307366
0.7080151588397845
0.7071090494262989
0.7059660068558858
0.7049563438825758
0.7045208602372287
0.70420053595974
0.7032156470533508
0.7027727361277265
0.7026509968180799
0.7020928381130972
0.7019039736971376
0.7016363785311535
0.7013331944536538
0.7011012576503429
0.7006582001173496
0.7001308679811464
0.6999087284715865
0.6998528937911367
0.6994843662777167
0.6992183345740324
0.6990852193592154
0.6989070324368167
0.6987469084575844
0.6986135275719704
0.6980931512134866
0.6975881924085879
0.6972379172894599
0.6969392096606648
0.6964109801672742
0.6958943268985532
0.6957629598135472
0.6956029391847468
0.6954276920211688
0.6952300559513412
0.695034036361709
0.6949085928280101
0.6947087993388009
0.6941824159689366
0.6938670607189802
0.6937483136252107
0.6924093429385305
0.6920497212325269
0.6917594806779123
0.6908821816496642
0.6898737446639982
0.6890208232160521
0.6888605773610076
0.6885252111784764
0.6882487302216466
0.6881215571904671
0.6878468669596138
0.6874463437236744
0.687004194201623
0.6868303617613073
0.6867146044493913
0.6865535114114418
0.6864121309770793
0.6863548332987683
0.6861271495982108
0.6859246005676192
0.6856166859471483
0.6852803182389812
0.6846149654064102
0.6841832819098647
0.6838129493036875
0.6835520219342408
0.6832835748523776
0.6828012600128082
0.6823249116245936
0.6820369637046499
0.6819141084502187
0.6816350493456985
0.6813962976759071
0.6810632143192764
0.6805999021609995
0.6804076673011775
0.6803410790633588
0.6801619772430122
0.6800957342291746
0.6799528298891824
0.6796486077274099
0.6792394563058498
0.6790857754576486
0.6790110490239633
0.678707926040466
0.6786239460630715
0.6785401175770114
0.6784126719468254
0.6783295813050111
0.678224412616008
0.6781016082582428
0.6780010898507053
0.6777488919637118
0.677026258078853
0.6760410548060778
0.6752146111730252
0.6744519061773456
0.6726283701074343
0.6709778291879974
0.6699321767046978
0.6687114864484897
0.6664233801291923
0.6652879353609412
0.6645824879951542
0.6638054389398995
0.6630799818568501
0.6627533606993788
0.6625014232003538
0.6620910082409773
0.6618173349160538
0.6616134059799983
0.6613863142577449
0.6612170479331205
0.6609398058585101
0.6606746555799656
0.6605591376610441
0.6605102721750047
0.6603323958606593
0.660245056926362
0.6601953987860496
0.660092997763233
0.6599799883032601
0.659583228973901
0.6588578037387677
0.6585104647183138
0.657421428982592
0.6568597785812839
0.656466303970449
0.6562778820103365
0.6560044405807739
0.6558352641060377
0.6556046309618918
0.6551427716423026
0.6548998037173744
0.6547673515002309
0.6543872384594545
0.6542122769670613
0.6539743627881037
0.6538364003075888
0.6537189350111944
0.6534560331924222
0.6532578865285722
0.6531052641481907
0.6529641291733951
0.6526921878855734
0.6525468708112668
0.6524979202721041
0.6523637075078077
0.6522574894879165
0.6520612960521567
0.6517315574116435
0.6515710316087786
0.6513585106699975
0.6512753587700989
0.6511721647578845
0.650895429946814
0.6506128881093594
0.6502699419560825
0.6500990128421323
0.6498490930463247
0.6495952236725054
0.6495356795817433
0.6494534152332249
0.6492551721964964
0.6489979962856749
0.648776259231379
0.6486408337917839
0.6485672395712644
0.6477547819620397
0.6469169227495487
0.6464383665437013
0.6463167791722764
0.6451057007331951
0.6444047978944661
0.6442800504284741
0.6441925636329127
0.6440710257528323
0.6439503318152644
0.6438528268396025
0.6436022287358496
0.6432459343401661
0.6429986392156704
0.6428727708190083
0.6427188350502501
0.6425425002402029
0.6424701793233424
0.6423633127643686
0.6422736548349764
0.6421820043970893
0.6420826665196425
0.6418367879545593
0.6413031712264844
0.640643302339608
0.640226402177996
0.6400556221314708
0.639601233758102
0.6393707948770664
0.6391040041628071
0.6388671918726044
0.6386983177787556
0.6385013254391524
0.6379897315574599
0.6377740695811221
0.6375768705015563
0.6372804852532609
0.6370234919647513
0.6368890565987453
0.6368536115505357
0.6367180641904145
0.6366282524931497
0.6365849158218407
0.6363120922443626
0.6360528290685806
0.6357216183835027
0.6355962975424977
0.6354570768612214
0.6353041094316931
0.6351262588326728
0.6350325024257963
0.634985973632588
0.6348163920541507
0.6347647399444769
0.634718623786426
0.6346464774395848
0.6345958752188804
0.6345442306588905
0.6344339286631708
0.6343099607277918
0.6339357820359509
0.63314225485302
0.6323058308146515
0.6312805755101032
0.6307183345296385
0.6304596133362061
0.6300659307546449
0.6298202753117312
0.6297343060547455
0.6296148580263381
0.6294871855003635
0.629372619528108
0.6291336398833348
0.6289702552265432
0.6287204186236456
0.6285389382584908
0.6283942481984531
0.6281979945300452
0.6280890135153524
0.6280078287242236
0.6278897363972704
0.6278240833633877
0.6277559669564661
0.6276460527137615
0.6275436688826448
0.6275059125631376
0.6274249667908305
0.627311819222435
0.6270911985783773
0.6269336538104869
0.6267138978013308
0.626407923694246
0.6261452095892309
