2.310217848891549
2.301725489719114
2.3012147560136
2.301110970087347
2.301107914343358
2.301107546232411
2.301098456308523
2.300856921557093
2.300789258612598
2.300775281738741
2.300734925897825
2.300718702859794
2.300698846732783
2.300685372962725
2.300673129176236
2.300661396412927
2.300634228286964
2.300451483620982
2.300442244417059
2.300420927610892
2.300273104453658
2.183271261668582
2.183257993895735
2.072763474084796
2.009108824202019
1.991531565733781
1.918431400828067
1.887488395311165
1.873189583945778
1.820460620347599
1.794997389035786
1.77306720592453
1.741301415406524
1.714108683095054
1.684762296227062
1.678568520485951
1.666674244829463
1.651025153809039
1.630543885760092
1.626970391990728
1.620559729145378
1.612984678889448
1.608604108723765
1.604184794389792
1.599153623013175
1.593449821000611
1.579329666016047
1.560063821132541
1.536324301094748
1.521448766143745
1.509981419789317
1.497021029078457
1.479361352481536
1.463598977665281
1.452236984197407
1.444619780085368
1.436667267959954
1.428996721460289
1.421224080106072
1.41736615361277
1.413725815247886
1.402483267258491
1.399656657476321
1.396965263679069
1.394814862275679
1.394054017775996
1.390118547450565
1.387397829472995
1.386604617759263
1.38566365105257
1.382720014076203
1.379663153631901
1.37694424226323
1.373949103477411
1.371053515627077
1.36927452841519
1.366346350083772
1.36363959033698
1.36132169393266
1.358189944937606
1.355264540587007
1.353681619690432
1.351436728244684
1.349643301164494
1.347893164114994
1.344764456385104
1.341834193840515
1.338746334888537
1.335619559359188
1.333663681550674
1.332019972817104
1.330940237338809
1.328026732261824
1.325084563272773
1.322551567098992
1.321219835096398
1.32085251073422
1.31781650994203
1.315655654282944
1.314597410567252
1.312460828259551
1.309628951463816
1.306312612107216
1.303437622822728
1.301986596173588
1.299302530998083
1.297836146531462
1.295533563556447
1.292794993670497
1.290643985332317
1.290192555511787
1.289275055691488
1.28844699449332
1.287871502005834
1.287473465961665
1.286446308089805
1.285481565838412
1.284901146379568
1.284566888580081
1.283835796436696
1.282821662672055
1.28244742843913
1.282231794681468
1.281325280849523
1.28092714815909
1.280355973638652
1.280147569244816
1.279866118666388
1.278806849140021
1.278546138413784
1.278264986777149
1.277971838848309
1.277394549822634
1.275875946638914
1.274779555352148
1.273120266106805
1.271314372844816
1.270626280580035
1.270370785843417
1.268922517938681
1.265807904572468
1.263348473568495
1.263143809907848
1.261351411250043
1.257987020968062
1.25542396257593
1.253201313888405
1.251382911614204
1.250662887540672
1.249284991606067
1.247813504571653
1.247065046748078
1.246267195640918
1.245500299919363
1.244605466410708
1.243634834899942
1.242884317147359
1.242547713910335
1.242055105731794
1.241338810627735
1.24100507258162
1.240335205059491
1.239221583715857
1.238485390275565
1.238314522929815
1.237008857100275
1.235341671712115
1.234563981074924
1.234171416083429
1.233700035222843
1.232882174577929
1.231854611290496
1.231001217935683
1.228573777465443
1.225728165889453
1.22239409859894
1.214458267117746
1.163344362025359
1.132542464862424
1.097943083384381
1.075936200254875
1.05161126718558
1.042721862417847
1.036396530812284
1.027924522869424
1.01952701876643
1.010903108539111
1.000561834765666
0.9982788947507983
0.9942428434108961
0.991455843731499
0.9867091754566648
0.9818129237299262
0.9773342986137297
0.9733216280724059
0.9697055273075326
0.9656623943272198
0.9626247138417456
0.9579501304129229
0.9536737363220283
0.9500080514528066
0.9464955389134604
0.9407200650669101
0.9350829592385497
0.931762023381616
0.9283131037395529
0.9248317039807169
0.918918910735059
0.9138829139065273
0.9092913657655001
0.9069841415600657
0.9059037404434243
0.9055434282662788
0.8996651696403267
0.8948748724254996
0.8885998819083288
0.8845322736624877
0.8812875430322419
0.8804748833293884
0.8792477564096378
0.8769930262123048
0.87482773309807
0.8735540154756789
0.8729776401798338
0.8722316003280071
0.871619578239701
0.8697453819762494
0.86781352254625
0.8671576758116376
0.8663725869357936
0.8656164083080142
0.8640723278052381
0.8628359044284786
0.8616128581310536
0.8606758183881899
0.8587986762153265
0.8583952200102369
0.8579070996787398
0.8565674792747815
0.8553402933810501
0.8535148140074337
0.852552866542276
0.8517687245814478
0.8503043870980787
0.8497721854381425
0.8491448576426481
0.8485352350043263
0.8479551275011951
0.847324736575722
0.8465430209750808
0.8458147950301261
0.8453299995535496
0.8445157036139228
0.8441916074480463
0.8440439682955251
0.8437601558496602
0.8435273062129286
0.8431037593401838
0.8426667371885119
0.8423365992626
0.8419093999647521
0.8414770864736557
0.8411860008899795
0.8410717697489091
0.8403041154742176
0.8396735951787853
0.8391964763999901
0.8390136156815974
0.838706639458152
0.8384672658574698
0.8383421624046355
0.838303961719516
0.838079611583408
0.8379994451971596
0.8379063397595601
0.8378120551697924
0.8375545256834143
0.8372685477724053
0.8369281924211924
0.8361825952160981
0.8354510034387852
0.8345492794699125
0.8336710549773895
0.8330245214876947
0.8322681366511521
0.8317613853006415
0.831117374283746
0.8307395952819728
0.8304779224853539
0.8301675681819652
0.8298157833244644
0.8294382568308323
0.8292760587248614
0.829177077180319
0.8290078600630884
0.8286184388971375
0.8283106558439812
0.8281069377068829
0.8278003989590723
0.8275846331324629
0.8274707522273671
0.8272398555284052
0.8269111439911773
0.8265086959287804
0.8263355992752629
0.8262159192349863
0.8261066057914714
0.8259471822170222
0.8257144027875393
0.825588286524514
0.8254789814669218
0.8253380170596306
0.8252757621452795
0.8252341567237029
0.8251969615636329
0.8250896894929469
0.8249675869905235
0.8248510755165216
0.8246984681898086
0.824645271748475
0.8244969996556294
0.8242863100737955
0.8238661694621977
0.823552910660847
0.8229013527484028
0.8220807832044683
0.8216442757263549
0.8214480037053635
0.821126015800056
0.8209712289971824
0.8208958609303376
0.8208377730170985
0.820661030433403
0.8204273938226212
0.8201728615201069
0.8200373079397341
0.8199614970766833
0.8197866968970765
0.8196665323185693
0.819581381994902
0.8194520020878289
0.8194064505464446
0.8193128954700508
0.8192334230283913
0.8186362188759568
0.8181409601990688
0.8176049284916176
0.8173078090511993
0.8170697440126581
0.8164619980354434
0.8158093802451194
0.8156652172487006
0.8154550153027084
0.8153513290701884
0.8153140853116926
0.8151608261875294
0.8151270120961225
0.8150842864134942
0.8149750297287462
0.8146070086698
0.8141030648290803
0.8136386346586999
0.8125601258783282
0.8122467710036477
0.8118966159051894
0.8115323701092982
0.8114052679127937
0.8110606040414144
0.8107313229642907
0.8103645817638159
0.8101617129672425
0.8098992110092911
0.8098132859327922
0.8096986994322319
0.8096234748003559
0.8094230166370986
0.8091722699105475
0.8089726764128257
0.808912186028675
0.808710016667929
0.8084686839915471
0.8082551951663381
0.808029040700034
0.8078811185538485
0.8077443951364094
0.8073652489950696
0.8071761003842194
0.8070583818905197
0.8068809792610555
0.8066165858286627
0.8064807788992258
0.8064203994309519
0.8063608635328677
0.8062801800018163
0.8061688728527105
0.8060019606683175
0.8058665261257911
0.8058012719047836
0.8057639623179861
0.8056317319360649
0.8055725345065999
