2.321824190165803
2.302681616197934
2.301758987968557
2.301188253503646
2.301144638316207
2.301141103294271
2.301140083652742
2.30112743891403
2.30108905389314
2.301006074713537
2.300913632699485
2.300000043657228
2.29961388399286
2.297898986392715
2.295537288008006
2.29332829961354
2.22084954878301
2.150174432967984
2.097974967913354
2.052734276709898
2.03476475192408
2.016148619447004
2.002660406631528
1.990659215236841
1.944571673402297
1.932813746778907
1.918857973383567
1.910437490555546
1.896439914465866
1.891655728565686
1.886134681256697
1.867687782183861
1.859405772288354
1.849687837199804
1.839843909599061
1.799238321389375
1.785545355395266
1.783740078653414
1.776081143073907
1.769810701455522
1.767114320446016
1.750700685194259
1.71980554508958
1.693007163684899
1.683199655965116
1.668711179785934
1.664553229840262
1.659718887537407
1.656103318256832
1.632498977873756
1.586018511817763
1.563317206154492
1.549507623016909
1.542081495083585
1.527252198895058
1.51378433828529
1.504650671270232
1.499771840550399
1.491927545876379
1.488496666521909
1.480809327538076
1.47489593238374
1.43980869154116
1.41153039840381
1.385327352956162
1.362049167862012
1.33601526317931
1.318863180170743
1.305808538790421
1.2960039689551
1.284507428415213
1.268642241767861
1.261875198900551
1.255588846899258
1.251374647198981
1.247533287427465
1.238556310961668
1.23250531702046
1.229938422365256
1.223603684041174
1.217997956580295
1.212205268000878
1.206828436832952
1.200113464802541
1.193934288134168
1.186598324522726
1.179034111350931
1.173072424815059
1.167175841319037
1.162349814785394
1.155124046203044
1.14879209456688
1.14187053925548
1.13563214579275
1.129609697532245
1.123530958421686
1.1168977420417
1.114110638926126
1.10639421881849
1.102864217499772
1.100173408419243
1.098249502522129
1.094988834047266
1.091786893056366
1.089601676590731
1.085171609985619
1.082946761795765
1.079115681870244
1.075453371558182
1.072490291139006
1.066609665326822
1.06425735873771
1.062988349755556
1.050473369964903
1.044804912897807
1.042098624850747
1.039500086932255
1.038080445679562
1.033346889561278
1.03122943892534
1.029993405316141
1.027555931001223
1.025696021957373
1.024720788795679
1.022576319393326
1.020659148115539
1.018377988055509
1.016571947417984
1.014981884415522
1.013253622601429
1.011450555241057
1.009353135962322
1.007767402631971
1.005928457544894
1.004305819829044
1.002566857999572
1.000646683279824
0.9999599092284723
0.9985246602824185
0.9960524812769753
0.9941953013620722
0.9919591323332561
0.9905889149988075
0.9880849214275366
0.9863499227530635
0.9844915636787168
0.9827710660798719
0.9806799347972336
0.9757470529397619
0.9720257419161094
0.9651419662809627
0.9546163165404868
0.9474111794020982
0.9457045420292022
0.9410182963049902
0.9380898345767219
0.9366406348790913
0.9353855820391835
0.9326857379420375
0.9296561047449173
0.9267462310955045
0.9250701654725253
0.9228015313292256
0.9206395930780719
0.9184816857727027
0.9155592937562488
0.9126714768644812
0.9099426921757398
0.9074690486191538
0.9043195012793647
0.9023448320736117
0.899419845318575
0.8934010496400525
0.8894694395474868
0.8856587348100093
0.8801950737322444
0.8761852533874551
0.8710001169252277
0.8678917219642225
0.8647955236020537
0.8552167064180763
0.8434079724744699
0.8366346455583802
0.8329474529208076
0.8286096842265734
0.8179768929370325
0.7987046658211985
0.7933445668358217
0.7752761321475881
0.7684521701807613
0.76116810632997
0.7535079959080928
0.7457070422200607
0.7392598174641126
0.7318111875487563
0.7278342112651643
0.7251380159235281
0.7217102269493495
0.7178953511346247
0.7164336689937757
0.7160882668113787
0.7114667008044531
0.7109575076722369
0.7080540481175828
0.7071912549744904
0.7043125357999247
0.703605221774851
0.7013530116233271
0.7011648502461549
0.6990346365958907
0.6964515499381457
0.6944255363332315
0.690610625152248
0.689630577579823
0.6893500706542047
0.6869850997636622
0.6847610057893014
0.684289929446432
0.6834919711265869
0.6833686389705452
0.6823037350883738
0.6811611531266344
0.6800482858515403
0.6794855271697234
0.6791465979949253
0.6779551521367259
0.677017167893549
0.6759514800892571
0.6758344914871212
0.6750589938268144
0.6747817001234713
0.6744465744239764
0.6740543369913401
0.6735911093260702
0.6734632915439018
0.6732160369236755
0.6730681477960754
0.6730158842751833
0.6727657698477506
0.6722298510806771
0.6720912312244199
0.6718213488238949
0.6711692467086725
0.6704871662707815
0.6702485466444353
0.6701055822783792
0.6697307291280233
0.6696100354729274
0.6694707932301475
0.669303001102419
0.6690462878796725
0.6685003514685134
0.668155393962389
0.6677180141061791
0.6674163817492315
0.6671890940095333
0.666577090466096
0.666117499913458
0.6656269378921691
0.6653368507611133
0.6650913428693874
0.6647242430551018
0.6641968061305626
0.6639643987100962
0.6636423600172994
0.6632172530844191
0.6627238272495104
0.6624137531708961
0.6621270671985598
0.6620214702347887
0.6614838189736042
0.6611786589979309
0.6610277901027897
0.6607042444262939
0.6604043985854312
0.6600949146935815
0.6600177869184833
0.6598877050551403
0.6595964367502548
0.6594120565203898
0.6592252402954599
0.6589620263578283
0.6588359431024198
0.6586811095817683
0.6585497380150264
0.658352070847961
0.6582762643345185
0.6580021171530397
0.6578348774328231
0.6573054622060324
0.657060987315966
0.6565682189801922
0.6562034091016044
0.6559309759007106
0.6553805566865898
0.6545286490308895
0.6541204455596062
0.6538561844325594
0.6534205858058582
0.6529953501181822
0.6526061549201181
0.6521402316629709
0.6517422278103315
0.6514238558701624
0.6507591371001279
0.6501213299022013
0.6380909904334469
0.6333789562292799
0.631421158959379
0.6299023389647368
0.6270457837422726
0.6237040621375287
0.6192686109905353
0.6128107874324386
0.6107357342621973
0.6085916581654893
0.6056988296504047
0.6014884387201018
0.5997526558213704
0.5988214492597724
0.597305086743539
0.5955387351698668
0.5929968372028884
0.5918808423505008
0.588941046339291
0.5875901664969279
0.5873448174124459
0.5865006045565844
0.5849237683405077
0.584145654075363
0.5820788917363213
0.5797388843111178
0.5785448978182923
0.5760104548613139
0.5745171154694465
0.5730488600952532
0.5707891861888127
0.5703278122801969
0.5701177550860157
0.5686244809620922
0.5677216669249083
0.5671915267196052
0.5670430822638305
0.5666195622743718
0.5662630340965299
0.5658124215248057
0.5657002935543732
0.5656605251318357
0.5653401111320763
0.5651674666024978
0.5649414681732505
0.5646951780986816
0.5644458869719453
0.5642161085280375
0.564057860374905
0.5639150783020118
0.5638291302641598
0.5637328593266639
0.5636577991395025
0.563564662496868
0.5634773655056458
0.5634095931401579
0.5633511630294338
0.5632641345949148
0.5632041762443535
0.5629867092251694
0.5629007824101477
0.5624018458736003
0.5622487594354809
0.5621506069395735
0.561845514688896
0.5616475843045036
0.561595931422381
0.5615275291598127
0.5614651424134279
0.5613914889488071
0.5611966349272469
0.5610768724162473
0.5609361950792273
0.5608597557127843
0.5607669035146209
0.5606542460444718
0.5605812202011807
0.5604473564078045
0.5603230037656416
0.5601975671516377
0.5601383382539432
0.5601110078280972
0.5600793705233937
0.5600703778429901
0.560048005982609
0.5599686541537329
0.5599294778150956
0.5599105805214104
0.5598782005112417
0.5598408750352841
0.5598163001013863
0.5598129582525424
0.5597883684126977
0.5597767701614941
0.5597654485414033
