2.34290722648889
2.308913827023476
2.301287638577413
2.30119051837655
2.301186601597732
2.301170911021873
2.301053938178405
2.299839205801424
2.296448156203688
2.293928010922206
2.292653613038929
2.28207406900776
2.256110000860416
2.151839068936388
2.118075987468332
2.025675491990168
1.97282505240042
1.955301542780715
1.904189048251678
1.878277892336553
1.864176471531723
1.809677613288835
1.782937025684604
1.780204216018948
1.747945347136922
1.724083444419585
1.709523464425234
1.63655123332565
1.558875226572375
1.534850586417491
1.528547031216542
1.501827648828379
1.471263106350722
1.443008270870574
1.384030851442159
1.327572178835398
1.23088798677648
1.189382522580134
1.176010704523458
1.163234692420437
1.125157002319469
1.083426421071104
1.061160100086112
1.037014025588414
1.00407316734329
0.9787064350900139
0.9457892043731817
0.9175509400683894
0.9040236377380697
0.8988474284462664
0.8737422081284373
0.8621266095999952
0.8579774093891092
0.8542128909267058
0.8471886033223381
0.8415671714319163
0.8357892015257109
0.8294734904043193
0.8234925311123028
0.8042628201911798
0.785733784249698
0.7602831870904783
0.744689545301281
0.7295435491139156
0.7172874076315459
0.7008948056868951
0.6830501089137795
0.667314705796053
0.6589331804495467
0.6485949574026881
0.6379079948132109
0.6263679771328416
0.6175476165829941
0.6064797773565899
0.5961240436805736
0.5906520015354321
0.583852482974503
0.5750867235184812
0.5666722619535486
0.5608852720364362
0.5556393021682983
0.5496786501989172
0.5446671568220531
0.5389331407058144
0.5324924127622852
0.5282585032715222
0.5276751860429529
0.5239103197744943
0.5205332021009789
0.51966482474248
0.5124048272598533
0.505714474806136
0.4993674009370716
0.493769784077684
0.4914708372369333
0.4901290144825768
0.4867240821179658
0.4826963401496533
0.4795440957049716
0.4768431342386118
0.4744506263939851
0.4722063051900902
0.4709751487782791
0.4692951910645947
0.4688011779191458
0.4670952269400087
0.4636498234815898
0.4607393769351197
0.4572895882092747
0.4560929067226762
0.4557738012186803
0.4522726138755869
0.4496968717257982
0.4477609049346543
0.4468827779781998
0.4449183558667913
0.4438259461851369
0.4429173850200135
0.4424346053660232
0.4396712198309358
0.438367173416383
0.4373867720459979
0.4372695771399555
0.436287028016028
0.4349856774112524
0.4342750584352497
0.4337942069331297
0.4335896620061697
0.4329964451496279
0.4325362013676305
0.4321144435332107
0.4316643533553854
0.4313373257871585
0.4311012625609923
0.4307747550798113
0.4304991253774014
0.4303548925301108
0.4300680329045844
0.4298298462042903
0.4297047569621114
0.4295501839810268
0.4293903717056303
0.4292195843459047
0.4290551387982988
0.4285436201859163
0.4281771035827107
0.4278927376322469
0.4268861738087935
0.4263820064704146
0.4261626432951063
0.4254583693173051
0.4243869495480711
0.423633646383419
0.4230515926092585
0.4228042353069232
0.4223648016227038
0.4219841230280995
0.4217779673166027
0.4217557285348578
0.4215278946025889
0.4211528678039897
0.4208308705270409
0.420610500602413
0.4203655083131068
0.4201812499344351
0.4199834450732975
0.4197539781434162
0.4195297765484309
0.4191147761059598
0.4186359062941895
0.4182478310420474
0.4181003656601145
0.4176138430330647
0.4172020834782847
0.4167386843864294
0.4164765099059666
0.4163550990161736
0.4159803961842891
0.4158425090976198
0.415720864590255
0.4155561007278853
0.4154190630816213
0.4153052533369673
0.4151693466158646
0.4150567066931845
0.4149177465814661
0.4147527023180724
0.4146811293514955
0.4146139322825457
0.4145656467556156
0.4144505297168475
0.4142812831271721
0.4142283351784554
0.4141553747767432
0.4140834229288349
0.4139382268794941
0.4139007907913859
0.4137266237391496
0.4136492311256937
0.4136085391488894
0.4135177061937217
0.4134035763383205
0.4133528187459867
0.413320332463804
0.4131827045450706
0.4131367102644499
0.41310646341023
0.4130196690679272
0.4129300602538927
0.4126992097127466
0.4124390109198586
0.4121601814416639
0.4114883411197826
0.4109659527538584
0.4103167495644893
0.4100024594062582
0.4097537232780608
0.4095813911895025
0.4093789498128696
0.4092877617231593
0.409178903192471
0.4090844645925329
0.4089571599061148
0.4088981778628259
0.4088182720989931
0.4087584508258264
0.4086725858406879
0.4086160403264739
0.4085304620921158
0.4084260367847069
0.4084034746962557
0.4081916154418361
0.4081546362869155
0.4081317027994075
0.4079251072422202
0.4077133177422209
0.4075191354734251
0.4071684234510679
0.4068966314247472
0.4063259797143878
0.4057726560121856
0.4056282726664501
0.405468626079714
0.405377333700787
0.4051712285006797
0.4049745016876101
0.4048483939588434
0.404667520835048
0.4045425032847281
0.4043740720581643
0.4043016852384864
0.404135550325196
0.4039869023109851
0.4038984481891987
0.4037927462104825
0.4035806172215015
0.4034393685219649
0.4032589831037294
0.403159747915925
0.4030154914735188
0.40295527194956
0.4029441613305722
0.4028192564700486
0.4027709203548784
0.4026305556606655
0.4024652273247025
0.4022976192973243
0.4022218075297548
0.4021265917657226
0.4020338091834201
0.4019890381762558
0.4018969569356429
0.4017974610282777
0.4015792730056674
0.4015669199254196
0.401011933401405
0.4004363285876703
0.4002449939098759
0.400119277793645
0.4000077710304116
0.3999072177467405
0.3998223319921412
0.3997430994910975
0.3996498962266973
0.3995857656668775
0.3995171909931313
0.3994172504217212
0.3993611020481686
0.3993246508433387
0.3992453525013191
0.3991317704180594
0.399056800063246
0.398979872099448
0.3988738147423006
0.398716241857925
0.3986655309994056
0.39849086219808
0.3984354942780488
0.3983934148999185
0.398345401168654
0.3982135225483086
0.398151689606239
0.3980632863526866
0.3979907874828317
0.3979150128085132
0.3978426926264145
0.3977515372064965
0.3976870558685029
0.3976030380037512
0.397439013660883
0.3973081350084491
0.3970377675242042
0.3969019886010128
0.3968525784949662
0.3967923153613931
0.3967412331101762
0.3966809119921744
0.3965574350122654
0.3964126329220102
0.3961990548421008
0.3960047703439512
0.3958789660785196
0.3958043086449682
0.3956178448749749
0.3955226084785604
0.3955004552880976
0.3953862573752278
0.395340605694549
0.3952791630835914
0.3952187591188625
0.3951015975008293
0.394959651798116
0.3949018783516841
0.3948257439883925
0.3947594362896983
0.3947041673323199
0.3946259137545722
0.394589722024367
0.3945767810259087
0.3945254499517362
0.394499149898747
0.3944349806741501
0.394364848802527
0.3941481885286481
0.3939869611864856
0.3938736151556822
0.3934127126215941
0.3931341421119869
0.3930349670459543
0.3929764187117404
0.3928380391154464
0.3926634608655342
0.3925872056206687
0.3924926401323955
0.3923204763470489
0.3922097777549652
0.3919086333022099
0.3915324594169325
0.3912873298010085
0.3912036556969906
0.3908745624373025
0.3907760583578602
0.3906650455837627
0.3905332402936191
0.3904117237258147
0.3903348131923047
0.3902386690453669
0.3901830580166535
0.3900970648844811
0.3899975955278686
0.3899324487379565
0.3899083213782338
0.389872812416912
0.3898365426440321
0.3897571043845912
0.3896215231603336
0.3894719416880667
0.3893719826428672
0.3892247357369459
0.3888389270494991
0.3885968741805823
0.3883802245736738
0.3876607230906211
0.3872184611953761
0.3871286088166181
0.3868151601418054
0.3867361876563326
0.3866203598067855
0.3865150750370177
0.3863551917529333
0.3862418174143391
0.3861840448038855
0.3861757927363171
0.3860167581015495
0.3859663397123004
0.3858951292402836
0.3857615658092316
0.3856391670240233
0.3853959872161441
0.3852584840578889
0.3850745148999988
