2.346197903970792
2.301804916492327
2.301257766036804
2.301166322065651
2.301165240455669
2.301155334016976
2.30078048086751
2.30043649884262
2.300275605336867
2.300100783114853
2.299341875491983
2.29874004074343
2.290429764327697
2.289117448199896
2.252819190415217
2.22859627354019
2.180747384603467
2.117191533572589
2.063577735459011
1.979611195905177
1.926992047306621
1.854745555897925
1.796204383166125
1.760136426350221
1.74248683032595
1.717347621982677
1.690966204931949
1.671406499430136
1.649143452879721
1.632278240689531
1.558294651003638
1.528880791752629
1.485262434332683
1.466933243815844
1.461517339406685
1.418971983443827
1.384806500551401
1.288002830783453
1.266461359714493
1.23292655154536
1.224455344669825
1.22116084797693
1.217044923974099
1.200783898527639
1.19296138130259
1.188252738865973
1.16628931744
1.150885360719216
1.130599425746766
1.104385507853013
1.093009112992209
1.092520543073395
1.08045401409563
1.075372685751814
1.072872262996952
1.054854127420827
1.047317270201003
1.038269286161994
1.020449588260692
1.001051665634475
0.9912614600091327
0.9842965171400815
0.9736547401389606
0.9555179935630231
0.9388847237663692
0.9246318869537088
0.9078271759182088
0.8919918762743244
0.8789463082694789
0.8634805923909862
0.8473236201607689
0.8335855196006421
0.8261207909726852
0.8202892161240543
0.805895645825917
0.7943222926237669
0.7887647112159984
0.782420634154201
0.7754154171076668
0.7725567694122991
0.7681125738932336
0.7600157803482476
0.7558970256690801
0.7536169241958314
0.7475573818078329
0.7394872930407103
0.7343414012217752
0.7294420501895158
0.7242796309095384
0.7185427038407443
0.7182903369330456
0.7173773254824356
0.7105565241999269
0.7031803368016605
0.7003123019613873
0.6975279160589779
0.6927186825978627
0.6859258701790141
0.6816988843720595
0.6803632981228162
0.6792761513608898
0.675453832373252
0.6721848357448595
0.6717917562384175
0.6702496756192086
0.6688477676596188
0.6676326135938027
0.6654223924577739
0.6640564473608632
0.6617302912697559
0.6604067455869672
0.6593929022980963
0.6577296065868464
0.6563604455924321
0.6558892797692263
0.6534248584569733
0.6525745715344834
0.6520808842898869
0.6494100919840088
0.647986273679742
0.6459320952663811
0.6436288866545816
0.641582215888732
0.6396362164135602
0.6384529168608996
0.638300279238453
0.6352759413379222
0.6343856898599052
0.6330884947530097
0.6319476085978829
0.6311737646339725
0.6301073325842804
0.6295167538930616
0.6287298394576482
0.6284538260640409
0.6276280132224444
0.6274377184940912
0.6272480231932148
0.6267364265192394
0.626271775270823
0.6257726656966361
0.6251591599054128
0.6246921058082677
0.6240908195893887
0.6238139982296954
0.6235067220770883
0.6232748534740502
0.623116666863576
0.622842653177909
0.6224401014114638
0.622285328554587
0.6218564645755019
0.6216856254951313
0.6216558587287245
0.6209566938776304
0.6202468278131551
0.6201889591020792
0.6197792707531308
0.6190765768940425
0.6188356871800637
0.6185830241620613
0.6183072903601462
0.6181599641154819
0.6180724291774659
0.6179220674913245
0.6178259401426608
0.6176862498724583
0.6174412729762619
0.6173294469367111
0.6173086599033331
0.6170286308750322
0.6168052683028921
0.6167383179513277
0.6163176995803376
0.6161869361990914
0.6160547815916393
0.6159850816770109
0.6158862428323447
0.6158616821588944
0.6157297808236625
0.6157173881159702
0.6156625743714528
0.615583721879463
0.6155342682058431
0.6155044927626282
0.6154850229382945
0.6154525663983201
0.6154415810232842
0.6153184153456125
0.614922755847418
0.6140008484287385
0.6138337736266426
0.6137865600608634
0.6130017130964539
0.6129379384008778
0.6128377835020983
0.6127349573392276
0.6126281799757937
0.6125372677277672
0.6123971195194703
0.6123287588861343
0.6122702310972039
0.6121883531632973
0.6120423296991624
0.6119993363314689
0.6119968015098588
0.6119144583189565
0.6118062247654228
0.6117258866666231
0.6116894539357532
0.6115469246105424
0.6114970971214847
0.6114287982479588
0.6114185368292916
0.6114038460789509
0.6113738981348062
0.6111720579133805
0.6110772688677796
0.610761039784537
0.6106457832455848
0.6105382170592374
0.6103631728846475
0.6102592013062661
0.610229979647116
0.6101626455567074
0.6100715134703929
0.6100543188920223
0.6099329815830429
0.6098361977745306
0.6097148038184066
0.6095392223063071
0.6094167658871786
0.6093749019533484
0.6092917221418039
0.6092498634294704
0.6092080821274301
0.609105669872622
0.6090638833691209
0.6089243644025426
0.6087872785383512
0.6087497967523398
0.608595268089608
0.6084855242029815
0.6082436956049436
0.6081443821044464
0.6077590742008023
0.6077167753685772
0.6075960004165871
0.607351861225092
0.6070475362276103
0.6070116270907124
0.6068773482432042
0.6067279672818372
0.6067243743034374
0.6066411211503915
0.6065996469424422
0.6063045953023815
0.6062759776136383
0.6062162591751875
0.6060810538668107
0.6056937239446931
0.6054556705703421
0.6054083768864736
0.6051672378367002
0.6049403427796202
0.6048206523468208
0.6047680858749979
0.6045200846087669
0.6044759368659197
0.6043213516859589
0.6042582786464444
0.6040953713121124
0.6039161908808288
0.6038148189580124
0.6036868523668887
0.6036233257987238
0.6033977511766515
0.6033434645473273
0.6031717769248818
0.603123164471937
0.6029379304683573
0.6028227733928987
0.6027848979557626
0.6027218330324436
0.6026580864433487
0.6026406631901837
0.6026051035230009
0.6025794493566339
0.6025420765992054
0.6025124784142548
0.6024823515763624
0.6024715512158295
0.6024470545805327
0.6024076199322426
0.6023032161261787
0.6019316337561512
0.601777543612326
0.6017370880735241
0.6016139706636642
0.6014965977764315
0.6014678339327948
0.6014024742519758
0.601314212316302
0.6012787056909616
0.6012664561471822
0.6012405119544825
0.6012235968988333
0.6012186861460914
0.6011699173652304
0.6011381282315448
0.6010828859891093
0.6009394781373359
0.6005406060268785
0.6004842357937211
0.6000242309498994
0.5998024608056891
0.5990817567563066
0.5989150176042964
0.5986012828656609
0.597686615903552
0.5958348496422903
0.5937894985705077
0.5909122352640785
0.5900868146470173
0.5894373042704754
0.5892969673170342
0.5887174705370557
0.5886481219629657
0.588528809132796
0.5881618341193223
0.5876727424623992
0.5875479288911748
0.5873656989778944
0.5873276099155245
0.5872350202992795
0.5871855016489208
0.5871418665384714
0.5870361824438759
0.5867647206651915
0.5866306919958417
0.5864980604871228
0.5863653222914149
0.586198148792587
0.5861827986087885
0.5861615737107182
0.586088668791062
0.5860212784744587
0.5859465171494563
0.5859052133197942
0.5858631745251459
0.5858255330422423
0.5857232284004666
0.5856853090139964
0.5856373572707104
0.5856152504129611
0.5855131908131033
0.5854886246076164
0.5854280715576593
0.5851342767070793
0.5850569221041836
0.5848016983677986
0.5846608315351556
0.5846506376725685
0.584548092395216
0.5844973505511293
0.5844230991801048
0.5843686767518489
0.5843156003544875
0.5842101598626926
0.5841587520786172
0.58404256935031
0.5840194120935711
0.5838671886364678
0.5838309169268691
0.5835088792561433
0.5834752815203571
0.5834100276348781
0.5832942299887854
0.5831503874076047
0.5831213205583616
0.5830080843071169
0.582995540341116
0.5829124314790685
0.582890863045751
0.5826805882850189
0.5824728439817234
0.5824396975919195
0.5823587021675936
0.5821969787961727
0.5821243777156898
0.5819122128177701
0.5816791947511888
0.5814988711381053
0.5814265126665574
0.581212443999883
0.5811030052119502
0.5810827415327046
0.5809968552027293
0.5809738525139204
0.5809202278196869
0.5807644358391021
