2.333881029997138
2.302753820050901
2.301494868381456
2.301205203035183
2.301202721193517
2.301192340168993
2.301160473264377
2.301067569371392
2.300470271295421
2.299754265498937
2.299722148282825
2.299431329075427
2.024602012726084
2.02425612997466
1.881134552394413
1.837459842757759
1.771687555949057
1.72074615523306
1.671235725335577
1.609161334814192
1.56323117455619
1.52581963226937
1.475586798045403
1.40348775148948
1.379828531295934
1.358571902139967
1.325363361078511
1.292605841354764
1.270264377752434
1.237646900428856
1.21000570710821
1.176166214041242
1.143233956609144
1.110511673735451
1.056284710562496
1.031301590708539
0.9301294408423973
0.8976509588703576
0.8737111375606446
0.8595122459574783
0.8414629743797338
0.8255517040327157
0.806069984526874
0.7953193918064709
0.7755939401937499
0.7692872051238991
0.7653345238050444
0.7472211863861166
0.7366000478755403
0.7306072371335361
0.7212812946335633
0.7105038170892299
0.6991827150396124
0.6884116224563324
0.6795491304074195
0.6677303617281173
0.6553183959623405
0.64694636559653
0.6385184708188353
0.6294370232733674
0.6165393557338886
0.6050467893146904
0.5983636409974714
0.5898429339393588
0.5825613342463074
0.5757700405440267
0.5633564606688937
0.5531148545360633
0.5461889676055903
0.5457576630193023
0.5412223846121413
0.5382781583944697
0.5347022656403728
0.529742036656045
0.5269013971360232
0.5252099104437993
0.5244891581446894
0.5217895455974431
0.5190565413072026
0.5171786954130797
0.514527039789144
0.5128902144280367
0.5108427022457792
0.5101431543955184
0.5099165913573579
0.5083349335252987
0.5056032759175518
0.5028706361618029
0.5016900370851101
0.4993468969272258
0.4976558439843197
0.495874723231735
0.4933367353321227
0.4927416151528171
0.4922044810426401
0.4907861831676767
0.4895581363458976
0.4885968689092974
0.4880137822483214
0.4875397487367856
0.4867888982622415
0.4860786422368664
0.4857012515491968
0.4854473241941765
0.4848172148779514
0.4843397911230165
0.4838955813866294
0.4835578657468009
0.4831463859446827
0.4826129682017845
0.4823899450995933
0.4822387511057084
0.4819061941648282
0.4816372054285293
0.4814352272762897
0.4812926542832461
0.4810630745811688
0.4804975317490321
0.4800833448933179
0.4799234052557069
0.4796840437380329
0.479433837331185
0.4792865485254233
0.4792077407070135
0.4791023212117456
0.4789943416943375
0.4788914233525281
0.4787227906113639
0.4785442322204935
0.4783242300463793
0.477917907415614
0.4778312836787806
0.4777447829520464
0.4775048137337026
0.4771634955407002
0.4770236675752238
0.4769768639825837
0.4768001568150846
0.4767275762347987
0.4766047215494593
0.476429394633568
0.4763424750340772
0.4762490671036854
0.4760855458444413
0.4759504586608139
0.4758399820473709
0.4758136061457339
0.475471481205035
0.4750260928026468
0.4748831511852307
0.4747830975012407
0.4746646694122371
0.4743629902784119
0.4740969818542827
0.4737554214445901
0.4734467837255542
0.4731251939197827
0.472793400498927
0.4724929810933464
0.472175624530838
0.4715290707496849
0.4707475227480151
0.4702877162308343
0.4698108389486314
0.4678504384915431
0.4670235885733742
0.4666061827610693
0.4657924760230823
0.4647941411993637
0.4644377567169393
0.4641241367388252
0.463857069252045
0.4636191663386844
0.4632963216781742
0.4631377889648084
0.4630564901405829
0.4628237249378198
0.4626408882627832
0.4625057514443221
0.462215723569021
0.4619499052307156
0.4618695741416999
0.4617554953731733
0.4616710147679789
0.4615634053326529
0.4614682843297548
0.4611245622092946
0.4609154712302994
0.460825287121868
0.4602924465564901
0.4598622279256196
0.4594816113305065
0.4591892535738886
0.4588508179715978
0.4585603646555666
0.458281546017846
0.4579280803332801
0.4576120305523934
0.4574446191834624
0.4572774573359586
0.4570722642954554
0.4568389081635831
0.4567684921198381
0.456693077957429
0.4565126477343609
0.4563356971214836
0.4561557603847958
0.4560094066154308
0.4557697699126463
0.4556175478165514
0.4555044825153099
0.4553888569256503
0.4552298619568649
0.455042432623366
0.4549738173378296
0.4549294335138711
0.4547846333124613
0.4545822926574453
0.4544239118487187
0.4543706549947874
0.4542932003667661
0.4542675299554104
0.4542300056497403
0.4541943687979247
0.4540825450881884
0.4538660873812721
0.4537475796458143
0.453412381366078
0.4531831386862327
0.4529770941254067
0.4524722675265098
0.4521822251391163
0.4521055815207538
0.4515474417666872
0.4514074562480338
0.4513357131305258
0.4512306864872673
0.4510719461264718
0.4509195853448127
0.4507441847506106
0.4506155329824653
0.4505389075002751
0.4504464447397066
0.4503718790896987
0.4502908446869559
0.450208719183872
0.4499988154825337
0.4498749720563088
0.4497575523426756
0.4494689131062118
0.4492160035750744
0.4488322330674877
0.4484187129525587
0.4481263443260296
0.4478378086476223
0.4473997397416903
0.4472124987350355
0.4471475613482546
0.4470212694698529
0.4469353186593403
0.4468736445168406
0.4468106275546994
0.4467323694394403
0.4466655391356718
0.446595564530933
0.4464553622964058
0.4462891023787239
0.4461391633648014
0.4459818765866193
0.4458218226741839
0.4457361348439225
0.4455558465875076
0.4452808280088992
0.4449777560577078
0.4447676257545159
0.4446416117232627
0.4445252917148155
0.4443907428330868
0.4442839995560944
0.4441430932088556
0.4440258296697426
0.4439444848695157
0.4438633202218831
0.4437774598835681
0.4437100703791454
0.443653284666094
0.4435937962811177
0.4435178589983272
0.4434363636351826
0.4433823950977879
0.443329539503473
0.443245315689081
0.4432046916677277
0.4431805864771101
0.4431546177039246
0.4431276114495925
0.4430340726729341
0.4428831857658042
0.4426901555317807
0.4424800938052293
0.4424466651371122
0.4424053732415977
0.4423382187738936
0.4422695846710915
0.4421867162280398
0.4421462513140158
0.4420570972063902
0.44194755248246
0.4418382140732269
0.4417153786391214
0.4416325841165546
0.4416037616485645
0.4415079468700259
0.4414658008482832
0.4414356550761459
0.4414044291375073
0.4413470562791154
0.4412944393283792
0.4412755526215182
0.4412222941915496
0.4411791410183316
0.4410470570313195
0.440847989670583
0.4407908211909756
0.4407507228697747
0.4407389202387162
0.4407128422843903
0.4406907845025653
0.4406569932423567
0.4405499697600631
0.4404940247296465
0.4404222486103321
0.4402629785295503
0.4400464647070925
0.4399376818602307
0.4398378460566723
0.4397814797679735
0.4397411245673957
0.439681891059682
0.4396696810563754
0.4396574228249325
0.4395261592786479
0.4393886972567422
0.4391234982406451
0.4389421870010864
0.4388653184057127
0.4386270455167657
0.4384495562039497
0.4383292887786268
0.4380232773833158
0.4377936002232556
0.4376950887023007
0.4376270310805808
0.4375665549993984
0.4373577121249801
0.4372965653319766
0.4372545678019492
0.4372334499531941
0.4372033804015849
0.4371398136406465
0.4371092233309441
0.4370834409899112
0.4369924551806517
0.4369444054001868
0.4369252925989673
0.4368878958883707
0.436847195817111
0.4367416743123489
0.436465857959065
0.4361750387024471
0.4358514409006501
0.4357032337537053
0.4355475588055263
0.4353637058212121
0.435286645441878
0.4351829978382763
0.4351224856902156
0.4350670911352937
0.4349624840829917
0.4348921157237163
0.4348570019074671
0.4348143498618979
0.4347706976755097
0.4347056738708899
0.4346372104741665
0.434543463253265
0.4344695511157348
0.434434428229527
0.434391244103382
0.4343031981139265
0.4342403916964401
0.4341594572883117
0.4341298429446721
0.4340876890924548
0.434056430752305
0.4340165338652491
0.4339296212325605
0.4338785952386378
0.433706910176648
0.4336380801318667
0.4335429980803081
