2.311719970268517
2.301130035200071
2.30107053980828
2.30107032429729
2.301070253599488
2.301069582035244
2.301013714413122
2.29953677575634
2.299494862964372
2.291114644202871
2.287660001153327
2.256990231328026
2.223426306430024
2.144589859982824
2.060263256200209
1.998419401452239
1.964879171040734
1.917243706756918
1.848003724340089
1.824034102061873
1.787725888557175
1.763714475014396
1.756050700430151
1.723362325619975
1.677103784617729
1.657202447147619
1.64620247161988
1.613054992408181
1.593640176891475
1.588597954606482
1.580310495764481
1.562508428337894
1.550064933153168
1.531481621358036
1.523881415103362
1.491864721168663
1.484019916208344
1.463189616223854
1.456858305002154
1.417333413525647
1.39617429952868
1.371164267622303
1.361113508311781
1.349629756351115
1.338782322192004
1.330936337421787
1.328210449678675
1.327118496585598
1.308174267241402
1.305037585160191
1.301393765603771
1.297999966939477
1.286115924641573
1.275876299860975
1.264947899863014
1.235349852975446
1.225096481549246
1.220014739923321
1.195925410219758
1.176366344259752
1.14269355683456
1.133506514696982
1.131132314787515
1.110905716276852
1.099498274287592
1.077479763782017
1.072765540486235
1.067808842152252
1.060664639355633
1.057493634902208
1.056411992742631
1.047696002255768
1.03551078113781
1.033606768037122
1.032407426477007
1.029928418933424
1.024740960382509
1.024226268170884
1.023668595130351
1.022180551021207
1.018933871932795
1.018294286922253
1.0176509457623
1.014221959050724
1.012400263275961
1.009797043301854
1.007828901941006
1.005266183890009
1.003682497612708
0.9949161700368386
0.9945154842757161
0.9905114675604006
0.9852794722793077
0.9818670003997073
0.9775043080026875
0.9716602447369248
0.9656180766704936
0.9634043973139376
0.9533496133367044
0.9473460822235357
0.9454295169142979
0.9402297963976554
0.9322162404619782
0.9253952131747435
0.9214348241668288
0.9196378862524319
0.91728106900138
0.9106344775474081
0.9099802597390754
0.9060071191946405
0.9032811674661051
0.9031577609897099
0.9022597522449712
0.8996631896121389
0.8992518001628259
0.8989420946009081
0.898038335286565
0.8974976551701559
0.8966475086031541
0.8960166869466942
0.8951861596955792
0.8944046672024183
0.8940578184699938
0.8935023544003031
0.8930681534293737
0.8927337390644956
0.8922667248152286
0.8917554834331045
0.8913222036318947
0.8911616651699085
0.8911402928742717
0.8908864670447517
0.8907240957550211
0.890646557923727
0.8901990953845911
0.8901032963849962
0.8897999866359761
0.8897027467851052
0.8894043154726652
0.8893566131272793
0.889260402385247
0.8892210491457571
0.8891689890397564
0.8890422539671575
0.8888304968928761
0.8887821887561514
0.8886248350556478
0.8886072673516459
0.8885090221250966
0.8884731582825772
0.8883468503995681
0.8883153067654028
0.8882668681857084
0.8882462790739336
0.888239377029574
0.8882069106982248
0.888200660365443
0.8881722689097548
0.8881484172404125
0.8879933098350874
0.8879691576924346
0.8876608370451812
0.88758344699178
0.8872640949712584
0.8871444968457394
0.8869966228172255
0.8869730221369232
0.8868602900777953
0.8868431688549478
0.8867914468058329
0.8867776552047884
0.8867027727587172
0.8866413779609668
0.886615413913575
0.8866093194708252
0.8865595912185765
0.8865125311769735
0.8864291732650593
0.8863975492512151
0.8863721804710674
0.8862824460968615
0.8859839471268279
0.8859190644509162
0.8858935638199569
0.8858569285016705
0.8858045866210548
0.8857907015280815
0.8857077664038741
0.8856841876678323
0.8855966842460643
0.8855329552841015
0.8853794159645919
0.8853256002887678
0.8851698467668169
0.8851422392549505
0.8850403501508516
0.885030149485892
0.884953583358904
0.8849315835511521
0.8848575150623875
0.8848390058525077
0.8848163431512008
0.8847916452006156
0.8847700261025442
0.8847629837271235
0.8847352910292898
0.8847237775051908
0.8846649121534872
0.8846130767805511
0.8844729163106337
0.884450414950388
0.8844457480023818
0.8844027265770855
0.8842964110030872
0.8842780900654473
0.8842470519406718
0.8842370880624753
0.8842296293800673
0.8841807157102834
0.8841591453844473
0.8840766225020187
0.884039920887618
0.8839157428410133
0.8838484681622369
0.8837938577543348
0.8837225307191596
0.8834096250960635
0.8832762531989232
0.883219726744406
0.8829201807403971
0.8828368405180431
0.8827703515495813
0.8827276720312967
0.88263208692511
0.882585828012061
0.8825468499176606
0.8825181148302564
0.8824275599655953
0.8824002873944398
0.8823469248919814
0.8823357814956304
0.8823016873683915
0.8822607509322555
0.8822404130218114
0.8822035348012276
0.8821124674134756
0.8820757449770412
0.8820464397656316
0.8820447660586364
0.8820395518461477
0.881989155933175
0.8819689105775185
0.881936312055201
0.8819111588921956
0.8818785940890908
0.8818613456916893
0.8818455755080635
0.8818279625914008
0.8818116897782516
0.8817642463534715
0.8817552208024287
0.8817202183398805
0.8816979159829265
0.8816560590657366
0.8816160352307678
0.8816088581036556
0.881603647561244
0.8815762376018262
0.8815500546580812
0.8815327248955011
0.8815113322150948
0.8815006272979412
0.8814880856742087
0.88147987122495
0.8814687928656167
0.8814549215506382
0.8814455341027175
0.8814309861362546
0.8814054341829389
0.8813723536083621
0.8813490809784917
0.8813241299570926
0.8813070903179302
0.8812928581275451
0.8812751807922621
0.8812707424931203
0.8812248679396003
0.8812059072687042
0.8811352722417082
0.8811143728458121
0.8810351169642554
0.8810002964043455
0.8809610588657495
0.8809298342679122
0.8808912466822815
0.8808753061757228
0.8808393427884811
0.8808095667466063
0.8807820629189427
0.8807376188465705
0.8806856532813451
0.880651306235373
0.880626346098259
0.8806037725342465
0.880586637840209
0.8805649853641658
0.8805422450605932
0.8804883145944347
0.8804594648410246
0.8804209072610258
0.8802854890089533
0.8802199560651554
0.8801449406303709
0.8798524463298255
0.8796849373026759
0.8793653116824512
0.8792506981485906
0.8790971356864481
0.8790790568000112
0.8789941418520126
0.8789769253980017
0.8789226516785728
0.8789084842526184
0.8788505434157871
0.8788301288574303
0.8787373061362751
0.8786950501866267
0.8786438072589215
0.8785104926002023
0.8783360125370415
0.8782147057926609
0.8781517512274408
0.8780675597119009
0.877992372214875
0.8779633700911144
0.8779227783999529
0.8779138185889805
0.8778785244733461
0.8778339626898661
0.8778077658951434
0.8777987332298886
0.8777636502992492
0.8777509534323122
0.8777424359526181
0.8777366645647094
0.8777216481474088
0.8776743838211599
0.8775487774949243
0.877525591761387
0.8774346408302325
0.8774055867355048
0.8773128633685279
0.8772769805820748
0.8772071417794324
0.8771945019453482
0.8771770284537023
0.8771677138777432
0.8771318518513662
0.8771230442461994
0.8770917888302995
0.8770579628950899
0.8770225729073825
0.8769882367105222
0.8769802453967647
0.8769488922937833
0.8769178870117849
0.8769154265115362
0.87691289600486
0.8769041310548686
0.8769005433156806
0.8768847220405962
0.8768817780779314
0.8768699280372469
0.8768656099340315
0.8768356881249414
0.8764092106943948
0.8763538080356956
0.8763246994235798
0.8759821288111581
0.875885321211018
0.8757654422350675
0.8753873558444647
0.8751343862217245
0.8749549715339762
0.8748895171838066
0.8747788707617518
0.8747253073825785
0.8747015480188527
0.8746618230516233
0.8746280074592654
0.8745658967835911
0.8745342305283644
0.8745037656155431
0.8744327958067346
0.8743558682119983
0.8743106930312243
0.8742600350995836
0.8742426718784353
0.8742029556561833
0.8741724472022399
0.8741476137370484
