2.354437697645853
2.302681385895251
2.301158221162063
2.301155192664274
2.301153635584182
2.301141383672816
2.300715947639042
2.300336229795776
2.299906936936089
2.298840567805607
2.297757923802294
2.295007393820307
2.291033340436408
2.284139652691407
2.238213223400489
2.150615119766924
2.125779691339406
2.057089438471599
1.895424919587156
1.858133077719272
1.806402757446558
1.777005105751285
1.751918301304852
1.721902432333756
1.710302692662049
1.700129763738458
1.664143332854889
1.617918810062092
1.590174735065953
1.580122603497761
1.556266525869463
1.540002022042988
1.500702466715589
1.485078177052402
1.475635349815553
1.441344292136007
1.433421531335096
1.422740972454542
1.413008306398924
1.401588438281028
1.396818278785637
1.381933709024225
1.372627898691847
1.35760129384412
1.328021516519556
1.304307593146934
1.237316575635694
1.207476839548129
1.193157768780758
1.138516076313275
1.128134628445364
1.113712388653463
1.099950437550593
1.093983709018749
1.086936252593658
1.081460065523502
1.068566887516178
1.051893396923544
1.039415011622618
1.035218969527436
1.022348527026514
1.017988971433562
1.012035226417326
1.006518059468389
0.9993948727495742
0.9981034836697147
0.9926649733444913
0.9898253870462571
0.9872988407135098
0.9858277930144752
0.9764964601191894
0.9665222470382435
0.9576743865446182
0.9481321893872967
0.9402400409695556
0.9227675571635708
0.9051564322461543
0.8776679147530542
0.8745785792925166
0.8709172503412347
0.8656025588431588
0.8583585936800368
0.8565165617220206
0.855627564818548
0.8527352318901563
0.8493625958026951
0.8467505849001573
0.8446897799388396
0.8437387341644128
0.8415604420537345
0.8395050184690954
0.8368373708061188
0.8344345818701465
0.8327581219296736
0.8302708082426157
0.8282339156426598
0.8265168169095695
0.8254070178154492
0.8184143541853346
0.8113712384271093
0.7910803831264044
0.7848123236282789
0.7820439126772432
0.7779455034755771
0.7717257233897472
0.7682992470072332
0.7653443589951489
0.7636016015780537
0.7609796663153032
0.7565780152101158
0.7529102729704586
0.7498755451329253
0.7487448007531736
0.7456832880342104
0.7431262989688123
0.7390027427962036
0.7350615867706848
0.7323706432504917
0.7283931749324341
0.7254314537188553
0.7220307704593811
0.7193573702298647
0.7153134586173008
0.7127170991587021
0.7112460463079995
0.7051818064175381
0.7022111264052006
0.6995361908754599
0.6941519665448473
0.693769585265239
0.6931350869821883
0.6902711052853907
0.6866814997868363
0.684810305065644
0.6838401065409416
0.6795568031229569
0.674724581278061
0.6705850757225389
0.669449633450321
0.6664114215595773
0.6649904965829917
0.6620795779580831
0.659175265286955
0.6583991622123774
0.656532996234657
0.6562797956275991
0.6536904079759376
0.6516178167099096
0.6490556388329898
0.6487649005625771
0.6474342586433675
0.6463707248488152
0.6450613081722391
0.6442324397746243
0.643906062972753
0.6438361034612106
0.6436822289544513
0.6428154345452699
0.641847993146249
0.6404066604543025
0.6388900948207964
0.6368612899818246
0.6345770366608684
0.6343537918256908
0.6334613314822434
0.632637773779837
0.6310296584800592
0.6300586064157297
0.6298680827327031
0.6296055607975102
0.6290318269595875
0.6278479316840792
0.6266484571157739
0.6254018100071633
0.624847090560534
0.6236485492312427
0.6234115841485857
0.6228574782128344
0.62180805760324
0.6212572750321474
0.6207759779271405
0.6203397030346397
0.6198225066132692
0.6195603838367448
0.6191474230824325
0.6186219837715851
0.6183295469793758
0.617895121396237
0.617148739130141
0.616060199193692
0.6154418810134097
0.6149710011757422
0.6146004736914399
0.6142360482286205
0.6134504484015599
0.6128155362076231
0.6123471513504349
0.6116548065822103
0.6112789212947848
0.6112055062919118
0.6108134219107912
0.6105188085969833
0.6102738954462782
0.6102381073422107
0.6100955662588604
0.6099055392571364
0.6096928138933589
0.6095257024494224
0.609202372499126
0.609092663352326
0.6089383700774381
0.6088233579481076
0.6086895864585085
0.6085588640743583
0.6084638259995797
0.6083105108594266
0.608246866022538
0.6082009070478219
0.6081285770596498
0.6080562635312426
0.6080048121232458
0.6079244832154971
0.6078903675279423
0.607845091193793
0.6078064324138932
0.6077599720317717
0.6077070873016053
0.6076574239922187
0.6075516711708879
0.6074302834598312
0.6072815995238732
0.6071680804377683
0.6070620276218601
0.6068106113215298
0.606614233400302
0.6064164797789603
0.6061396030581083
0.6058831235471888
0.6055458839534645
0.6053886315996734
0.6050910910691651
0.6047183279264488
0.604636284159864
0.604504741931029
0.6044101347325551
0.6043115038084595
0.6041708692982382
0.6041232074655948
0.604093327106948
0.6039997795172984
0.6039430212659803
0.6039084334388066
0.6038831562742837
0.6037646983912156
0.6037018985289015
0.6036659438945472
0.6036114931936983
0.6035518052412934
0.6035344032413766
0.6034982267060346
0.6034697818399791
0.6034308115997337
0.6033437124896456
0.603106172052182
0.6030074533263209
0.6028794559835754
0.602759145241305
0.6026455800705649
0.6025290845317964
0.6024626945529432
0.6024351909441502
0.6023217977838549
0.602293391222112
0.602252507032784
0.6022379284630575
0.6021951792812581
0.602153963722151
0.6020966370375034
0.6020826103048361
0.6020702289000934
0.6020377261798263
0.6020206051696487
0.601983877950383
0.6019592468949315
0.6019130966908322
0.6018696941282764
0.6018304742603101
0.6018115503758876
0.6017828230760911
0.6017661499246766
0.6017415254877807
0.6017305941255532
0.601707265093316
0.6016845024027856
0.6016342285212705
0.601573200094967
0.601514733319237
0.6014820073864915
0.6014394191038449
0.6012723437065374
0.6010892147344334
0.6010464516979166
0.6009810267834625
0.6009050835289327
0.6008579862555717
0.6008415787750623
0.6007937921644487
0.6007671871347386
0.6007370834687489
0.600722410815697
0.6007118586401752
0.6006922194665306
0.6006667127434628
0.6006431558467483
0.6005750118009611
0.6005379446444722
0.6005226110077285
0.6004991939443484
0.6004884256982645
0.6004763800719455
0.6004612058052323
0.600446790802326
0.6004182360961261
0.6003767390560372
0.6002904213976653
0.6002046027883844
0.6000420892316722
0.5998170330459802
0.5996952470436279
0.5996363196606249
0.599384683039266
0.5992960289541631
0.5992780915815095
0.5991744431585584
0.5991231251264898
0.5990927325440408
0.5990817208575756
0.5990642609870195
0.5990502294338718
0.5990328382174488
0.5990155652288446
0.5990025037307498
0.5989524202689809
0.5988771758860036
0.598795668302285
0.5986562074760017
0.5985789298095735
0.5985052944216755
0.5984134400233913
0.5983180746087663
0.5982286530011937
0.5981545729986784
0.5980668572358773
0.5980551667738423
0.5980341026263502
0.5980181514337563
0.5979631393450101
0.5979340750377606
0.5979230430697677
0.5978832901703438
0.5978680830219696
0.5978575217284536
0.5978284995677609
0.5978178715248845
0.5978020825303568
0.5977909119506276
0.5977474149347037
0.5977058858318779
0.5976570472412472
0.5976349932401711
0.5976241031886861
0.5975678684023551
0.5975506443642731
0.5975337397808557
0.5975232077866621
0.5975078032937341
0.5974746685002125
0.5974446150044059
0.5974284130450603
0.5974076308235775
0.5973964960794225
0.5973639995289544
0.5973468948308707
0.5973289682531495
0.5972551680214336
0.597216532040421
0.5971952709512278
0.5971747710521322
0.5971312933630221
0.5970929139634532
0.5970472458145661
0.597031697649557
0.5969777041289824
0.596880019898483
0.5967461747349557
0.5966354166249984
0.5962583039652402
0.595851254103908
0.5954791842207904
0.5949107255869216
0.5945194057885248
