2.317035865462472
2.301345192212218
2.301257349292305
2.30119037203034
2.301190328733257
2.301186305583253
2.301181312019314
2.301166847093121
2.301086837087229
2.300980313463919
2.300372752933516
2.299794738948643
2.279845555569874
2.279479959484204
2.247242645467078
2.17010644676071
2.071939963169369
1.989603805619552
1.96132550117447
1.933449727296031
1.895124015808339
1.867085239338862
1.806030271549011
1.735725209608463
1.661707189218993
1.628868164180769
1.593732597152017
1.555046849764742
1.52910627430596
1.514309264394591
1.476539077828313
1.440185208886183
1.401397795909882
1.351237331383271
1.331261334114463
1.309662010542447
1.292984153173752
1.265771492104934
1.256240317120122
1.245525928105568
1.238448717132764
1.23266999229393
1.197893752494536
1.17435936794826
1.160500682903453
1.140942127520193
1.109627250752824
1.077945282836204
1.062390725489519
1.053011532790306
1.010948801354403
1.00505734240022
0.9998753764172167
0.9924375343832627
0.9825950112778848
0.9751781197851216
0.9677227716829213
0.9608578512967224
0.9484404121464475
0.9214829643784166
0.9102314839050992
0.8963306735490802
0.8843396066365261
0.8535022450926649
0.8364886533685721
0.8104549232322373
0.7840501300174754
0.7661815121848945
0.7599775755002405
0.7515354946601516
0.7365210823720173
0.7258938253588413
0.7183201527061789
0.7109919153033959
0.7063926576401841
0.7052789165839343
0.7027184266756734
0.6991877250089994
0.6956313833759598
0.6922972571136153
0.6889020832115936
0.6861807229569208
0.6788906610244949
0.6775530247793877
0.6700280080894734
0.6653412384063698
0.6526201964801901
0.6441476636208826
0.6349629215210275
0.6285680266391471
0.6261240258488704
0.6246637303597804
0.618599542165975
0.6148926147693772
0.6128478711357082
0.6109802119784874
0.6055550657135708
0.6014684651554351
0.5995011630858768
0.5949144351926797
0.5931472363450527
0.5919802918608252
0.5891574121280405
0.586022438711321
0.5825493465055073
0.5792946738463901
0.5786757113676706
0.5764751066793438
0.5727201517584699
0.5682491328844914
0.563801015149586
0.5608039762324474
0.5606304678602628
0.5598621113870043
0.5585139954184996
0.5564760422994813
0.5546970661157444
0.552494805860072
0.5516521364457445
0.55110350812159
0.5501095072258068
0.5493813532514967
0.5483587543232242
0.5468138227816538
0.5456367232854366
0.5451059145771786
0.5445051885730549
0.5433217546841811
0.5420570807715062
0.5416012542214884
0.5411303562401335
0.5404673544625844
0.5399065437280588
0.5393968604349855
0.5389347766867628
0.5382779559246712
0.5380169546389836
0.5376799636561104
0.5374092465760794
0.5372440453449109
0.5370221112701015
0.5368230777166022
0.5366984378975699
0.5365970905688616
0.5361458319091709
0.5359423898351576
0.535828273780125
0.5357235715727114
0.5355593708568891
0.5353168422209662
0.5350988288819235
0.5350129438029041
0.5348346195504801
0.5346344331012863
0.5343189738133165
0.5341031785571168
0.5339832106985498
0.5337983094361051
0.5337305947037519
0.533645217871714
0.5335556916959087
0.5334771329708728
0.5333197946299195
0.5327804029660238
0.5327090620746537
0.5322536510159278
0.531819318508629
0.5312963454855457
0.53122558749187
0.5310910349648909
0.5309704637451492
0.5308402423255568
0.5305423958396011
0.5302840580957766
0.5302073690015993
0.5300156185396111
0.5297899191694138
0.5294732594898549
0.529168872241411
0.5289250288512686
0.5285993413041872
0.5283426814581997
0.5282154180257123
0.5281178913907165
0.5277793890530247
0.527618475606872
0.5275730244488149
0.5274426583302775
0.5273381199016535
0.5272095640216821
0.5270320456547254
0.5268678588396902
0.5268275063097136
0.5267430660840474
0.5266572917222856
0.5265734518514638
0.5264805764660792
0.526294833849993
0.5261511576638888
0.5259652168211891
0.525842151698275
0.5257860302407507
0.5256367995426352
0.5254965293289698
0.5251871605667404
0.5248341852755104
0.5245981215420301
0.5244523935407123
0.5242224931608468
0.5239530031002845
0.5231989808035914
0.523032962592224
0.5227125788214321
0.5223816656763306
0.5222474891779991
0.5221902667952394
0.5219467263847759
0.5218659864662801
0.521815443922523
0.5217726844112724
0.5216368048205486
0.5216044594186439
0.5215257303816453
0.5212980643038654
0.5210402300238629
0.5209299904472479
0.5208549202639142
0.520593173027577
0.5204104139315338
0.5202249568666115
0.520121907247688
0.5199046975716214
0.5196133119773725
0.5194771150258823
0.5193385455149709
0.5191972320985307
0.5190587066217398
0.5189256441555722
0.5187376847078233
0.5186480832836958
0.5186124773055029
0.5185158497726337
0.518465395721004
0.5184063598801607
0.5183493085926344
0.5182062180735399
0.5180191587561148
0.5179097428736451
0.5177887909945218
0.5176399541051758
0.5175153617023163
0.51745456360884
0.5173895152797198
0.517344031460691
0.5173205921948756
0.5172679844531111
0.5171823416709419
0.5171355940990612
0.517074713724238
0.5170153960109346
0.5169529417593649
0.5168127915518541
0.5166386276323276
0.5163245910762556
0.5159536883272351
0.5155896745571237
0.5154205229982857
0.5152608329861215
0.5150740997099574
0.5149530422505366
0.5149187693351504
0.5147813246789663
0.5145577045373092
0.5143998839851089
0.5141453819049399
0.5139949526635131
0.5137882154201465
0.5136217312892946
0.513444433591154
0.513313679197549
0.5132486618648514
0.513133822978074
0.5130506032276234
0.5130033556815603
0.512955286743934
0.5128698677275695
0.5128035644231427
0.5126887886539846
0.5126203442342665
0.512506282138759
0.512438505734587
0.5123329057588613
0.5122805487973536
0.5122060029727723
0.512140042347872
0.511974047698786
0.5118064808738181
0.5114864992380705
0.5110762801935067
0.5107364231030076
0.510310431338014
0.5098700627062719
0.5097044832236277
0.5094966590423173
0.5092550393382775
0.5091423978220024
0.5089694637767666
0.5088070360994699
0.5087632468904808
0.5087070058833514
0.5085340295000558
0.5083768172233405
0.5081508644020127
0.5079754206384551
0.5078137678023025
0.5076258162583752
0.5074363458691837
0.5072526804080344
0.5070412850190872
0.5069478739702648
0.5068858945297893
0.5065348811029188
0.5063586662146249
0.5061561477872762
0.5060791007230488
0.506028119279894
0.5059571143512046
0.5058977954995143
0.5058555433415992
0.5057897773633789
0.5057173787960991
0.5056745703539652
0.5056463618866789
0.5056300794219759
0.5055702030490981
0.5055345347749957
0.5055148820556504
0.5054685012794095
0.505350465094166
0.5052523981840726
0.5051026449175892
0.504989966578309
0.5049321372950425
0.5048597509299827
0.5047717764619499
0.5047048777293711
0.5046554245724963
0.5046443265834362
0.504608464129213
0.5045859123440465
0.5045602437269815
0.5044825014188199
0.5044037313306863
0.5040941905014439
0.5040667592757359
0.5036364495475132
0.5031948404935803
0.5029688806475412
0.5028960195930688
0.5028010987901924
0.5024809244981221
0.5023855324089224
0.5022900404977618
0.5021520279482334
0.5020577715255312
0.5020085927825148
0.5019270432443181
0.5018525695082948
0.5017638323704717
0.5017197124771556
0.5016866017079555
0.5016546746436564
0.5015507551492807
0.5013059820877309
0.501182051376694
0.5010181361323247
0.5009191486500594
0.5008640938140493
0.5008121071436467
0.5007809527465998
0.5007631875150004
0.5007167455303698
0.5006603441342031
0.5006336919953116
0.5006260759453858
0.5005164179671482
0.5004557181848828
0.5004329414009585
0.5003507251298523
0.5003289030378748
0.500297990525062
0.5002368413006705
0.500211246841023
0.5001793228797459
0.5001517364180708
0.5000918423536738
0.4998486922490363
0.4993403306820519
0.4987608044252478
0.4981588448470847
0.4974998205191363
