2.307237635006518
2.302329881428328
2.301237435282343
2.301231641966659
2.301178943895182
2.295591379625634
2.272054579040384
2.264128064735484
2.214374010708597
2.166327893957658
2.076946836532543
2.02717509760795
1.994089703344493
1.906378737013228
1.804243121623139
1.764417694664562
1.726178264971914
1.580923234454191
1.517125353846231
1.501785556330132
1.419471150659162
1.394396483319799
1.380409166667704
1.358977084755337
1.339829389704221
1.323923510755867
1.283481045142014
1.176178431205521
1.136330201845693
1.112504331356485
1.101244682771679
1.078401728204863
1.060982034647111
1.051284982498224
1.041583227685176
1.020569616523331
1.003964006417006
0.9957853986445035
0.9881716786220996
0.9773566309882062
0.9686349984937163
0.9599811906216879
0.9501879738912226
0.9385200394967357
0.9307112441730006
0.9218935893667827
0.9105115611855292
0.8940743881308888
0.871033939620965
0.852443988973753
0.8314792879023025
0.8140867730326408
0.7989642364054668
0.7810183275846748
0.7592678192870264
0.749655018495158
0.7414814679928918
0.7294244749327432
0.7192975082813234
0.710977058550162
0.6990603465285545
0.6897142366471236
0.6826188951380965
0.6725996739525281
0.6678471754095594
0.660104419676969
0.6467261893810948
0.637888951499557
0.6290154541007654
0.6235264751065013
0.6202814868854784
0.6185982680089774
0.6170564751160532
0.6109193853795164
0.6013101157889662
0.5946458283185128
0.59093255433474
0.5754068631651489
0.5701458355860408
0.5677804957820434
0.5644307864164891
0.5618704109677854
0.5579013810259744
0.5540094183812155
0.5507279025050362
0.5485055476467673
0.5481560140891343
0.545654658152511
0.5425371694566791
0.5386126344087887
0.5347622638767456
0.5307648858836439
0.526038182024289
0.5225029423460505
0.5206902512481502
0.518711850060787
0.5145688311793409
0.5107467746107553
0.505572726192061
0.5037974075240772
0.5006286855892066
0.497126154313618
0.4953671412691629
0.4913507350929519
0.4871989803030282
0.4832896114134416
0.4799376140156149
0.4771874905552754
0.4762445654877799
0.4732269855753621
0.4696167045378927
0.4667793997811084
0.4652111792040443
0.4639666502545806
0.4620340916174944
0.4599098187265817
0.4584346277617052
0.4570148967327759
0.4552312682872778
0.4532276990962266
0.4525100907657774
0.4516080051532281
0.4495214627893793
0.448398848848896
0.4480579070759969
0.4470575557244758
0.4461119352988038
0.445692874554213
0.4453086089162173
0.4446788738151244
0.4440004815401674
0.4436966005840249
0.443535772875725
0.4431474823079398
0.442881578265757
0.4426113140507554
0.4423846996189236
0.4422077167596403
0.441696546977449
0.4415647818472005
0.4413538999297443
0.4410583097188742
0.4409057881125846
0.4408051687292848
0.4406920848893068
0.4406038677652727
0.4405282161993456
0.4402687507842937
0.4400713946024224
0.4399950508479095
0.4397158506849051
0.4395984628872411
0.4394824754309163
0.4393323097095034
0.4392768645970799
0.4392350138410005
0.4391119063701058
0.4390405584912951
0.4388843255727395
0.4386684713161667
0.4385236228015534
0.4384550979224246
0.4383316529192536
0.4383016950070938
0.4379518792167338
0.4375468288036285
0.4372039437153664
0.4366112101358634
0.4362181387731534
0.4359667307053374
0.4358087059659013
0.4356421516122319
0.4353253321565012
0.4352318672176255
0.4352016044023035
0.4351073079128236
0.4350344189895984
0.4348553628145895
0.4346526282872829
0.4344872853180379
0.4344041128209355
0.4342259381950762
0.4340088027908415
0.4338947990373765
0.4338480091336493
0.4337607583663153
0.4336968313278489
0.433659657007018
0.433618998920571
0.4335059275991697
0.4333552757313478
0.4332670214887956
0.4332090006642139
0.4329918377609814
0.4328818351377556
0.4327738644530585
0.4325353591990588
0.4320627118227664
0.4317501725770515
0.4316006175073887
0.4314382420793541
0.4313448899834256
0.4312471883095602
0.431114310346219
0.4310368772889514
0.4309771664935053
0.4309082703209577
0.4308571045511325
0.4308205342422392
0.4307675398973739
0.4307220855437006
0.4306315168543289
0.4305253957963683
0.4302486868899074
0.42979031494069
0.429533819916924
0.4294205331619593
0.429184413749074
0.4289619902175414
0.4286738941804915
0.4284962668735239
0.4282808628472597
0.4280928570474817
0.4280125258585122
0.4278391063856005
0.4276372655739466
0.4274988509127315
0.427409771244448
0.4272986940539657
0.4272419579662913
0.4271987438381823
0.4270382034758171
0.4269920482911641
0.4269331804224593
0.4268317924906735
0.4267920363956453
0.4266395421454043
0.4266013070266686
0.4265388873621964
0.4264834990201429
0.4263602970091906
0.4261802079942582
0.4260340695831333
0.4258949063203257
0.4257466248243413
0.4255821675437142
0.4255018047495636
0.4254760650021306
0.4253149954878156
0.4252515480112137
0.4252034485785051
0.4251245032430152
0.4250494984784541
0.4250038059672174
0.4249458520648834
0.4248246751839516
0.4247497239293958
0.4245214512783662
0.4243641268019095
0.4242858877598826
0.424195489044621
0.4241263282436882
0.4240861205877149
0.4240005836002717
0.4239319938636157
0.4238219315889354
0.4236639431164683
0.4236289974646581
0.423561684015998
0.4235206302096868
0.4233996961087806
0.4233038573106009
0.4232613502198875
0.4231129553668718
0.4229467609778924
0.4228859517093216
0.4228372792165911
0.4227792938471888
0.4227138194051488
0.4226590356316495
0.4225327511019777
0.4224036114402557
0.4223394864423206
0.4222588547824974
0.4221230458762075
0.4220553097749841
0.4217971215636537
0.4217431847726973
0.4216560155736521
0.4216161728921261
0.4216041997907291
0.4215291680422132
0.4214833785745709
0.4213740333214147
0.4212810262737046
0.4211659414913073
0.4211219361323019
0.4211185066023518
0.4210399227342965
0.4209943550759347
0.4208800917208877
0.4207135278445733
0.4205740867653711
0.4204867357504273
0.4202880000806356
0.4201615481425481
0.4198870383268022
0.4197621859846711
0.4196920726176245
0.4196086174071779
0.4195084550294756
0.4194674135189478
0.4193728368285021
0.4193243904560254
0.4192522052926131
0.4192022445250085
0.4191043606227784
0.4190343921457499
0.4189179327077253
0.4187148845831004
0.418656008970704
0.4186064001930582
0.4185348434842646
0.4185004496072958
0.4184486346597209
0.4184256007910039
0.4183654837157725
0.4182378719129072
0.4181638421212376
0.4180644602429527
0.4179094314041368
0.4177965757973678
0.4177343240006711
0.4177053651435927
0.4176736099146243
0.4176448747914648
0.4175632109702183
0.4173949177845827
0.4172898550894883
0.4171785667253193
0.4169902913310634
0.4167819838057915
0.416571375829387
0.4164822361803066
0.4163754231874587
0.4163232250439165
0.4163019700782512
0.4162468335574174
0.4162114748245834
0.4161925201432726
0.4160392273258962
0.4159338296888755
0.4156817861589464
0.415583343350761
0.415406615858729
0.4152726234403648
0.4151710424493893
0.4150808205860608
0.4150232210573514
0.4149525105270898
0.4148616755814581
0.4148129594784412
0.414747220277396
0.4146931457995214
0.4146313660754857
0.4145605838941741
0.4145068468645165
0.4144053279081091
0.4142655721389892
0.4139532325281687
0.413772609049235
0.4132751975040451
0.4127727482511233
0.4121997857371916
0.4117109335992316
0.4113918949710608
0.4112217523320577
0.4110696532631988
0.4109356108082749
0.4108291272502764
0.4106510064904328
0.4105697946868452
0.4104901935180493
0.4103910182786017
0.4103206983481464
0.4102326775950686
0.4101399007507032
0.4100869389335748
0.4100089296718652
0.4099593051071629
0.4098984603128706
0.4098216640091237
0.4097550667415483
0.4096326293770542
0.409488161589189
0.4091349760796038
0.4090313096309247
0.4088880197861643
0.4088481100516104
0.4088371561490347
0.408737410499535
