2.305408148240594
2.301323295546701
2.301162342763014
2.301119538711959
2.301119185710831
2.301109678694982
2.300859290919954
2.30079532541055
2.300779601819197
2.300758858206926
2.300746623270979
2.300699832000089
2.251168106796647
2.251076270754131
2.19276717779374
2.163287439443914
2.145020595288065
2.100914507044369
2.034176698575735
2.001892309718255
1.961611894969966
1.941292292703747
1.934284230797195
1.902324850091114
1.892374620389871
1.876157678685127
1.834463229654946
1.687568617741865
1.60085476910869
1.536332893249773
1.464870739242448
1.431005695517416
1.384808803613976
1.355246315161628
1.322740872822132
1.291052839849169
1.2632715061599
1.217148435444233
1.194635871705244
1.180560713045344
1.169867897203875
1.149053170016247
1.117130401730587
1.108144319383226
1.099713855681727
1.092406174743453
1.082222805778305
1.071013857082674
1.059494339874733
1.020928209021722
0.9845745666441488
0.9518088216388837
0.9345201268297436
0.9202856743325367
0.8970231778256279
0.8807527015109043
0.875391186289093
0.8691796256702292
0.8635800008092961
0.8594386834623275
0.8496653343423802
0.8410381182696998
0.8264636951779379
0.8145745547668098
0.80211742265876
0.7937399403430968
0.781323309508287
0.7752086237151259
0.771485558357478
0.7649423194672971
0.7550947358348077
0.7433119879519162
0.7309549094336374
0.7230954611660819
0.7202552419042095
0.7198133923917233
0.7161632928981954
0.7086512955698703
0.7019352768218368
0.6920470646448967
0.6916607936424563
0.690314020487901
0.6836859793380042
0.6789239592378399
0.6775740076604559
0.6763760972934163
0.6731875036149758
0.6696624575948997
0.6656073875080729
0.6623129841317357
0.6617656230856185
0.6611653990248505
0.6585423317472224
0.6552761563661647
0.6529306990485761
0.6509643631779068
0.6487825534003112
0.6467045301456426
0.6460623604579278
0.6458698252772598
0.6447809100326671
0.6431409175311508
0.6418230805191192
0.6412206367506287
0.6410285350182318
0.6400386900323611
0.6389741596675877
0.6381765842007756
0.638092827016722
0.6364026369404309
0.6357704764879311
0.6348436732433073
0.6341613415370635
0.6334863555051931
0.6319750169287222
0.63156669522707
0.6313394599739749
0.6307377684365774
0.6299669983708015
0.6294969653728006
0.6292981098145577
0.6289948055513226
0.6286057302856927
0.6282063042502343
0.6277979399276014
0.6274345843665008
0.6271761232275996
0.6269598702166259
0.6266490778422815
0.6264815193185985
0.6262999030508566
0.6261966646873052
0.6260066541048321
0.6258078102671391
0.6256335991451379
0.6254803584995163
0.624942171744438
0.6244169758704081
0.6238490226967889
0.6231655794219966
0.6225912336865282
0.6220493232308019
0.621107930687085
0.6196400093515717
0.6184019768533654
0.6175987870777228
0.6161835284986643
0.6129084070056019
0.6111385247040452
0.6070380592701728
0.6030100729915836
0.599352559825844
0.5982002500290198
0.5951929950747262
0.591739534157528
0.5889023380875656
0.5871965547377964
0.5869959092439131
0.5865052912978534
0.5851929282300576
0.5837440907445234
0.5828241957374595
0.5823416021923107
0.5817942761575389
0.5812427191774805
0.5803366870993097
0.5800678420505743
0.5800260342909473
0.5793388934424142
0.5786216681263814
0.5784805415951036
0.5780223112301111
0.57732733696328
0.5771800532343585
0.5768349495063353
0.5763611614386863
0.575761811739237
0.5750003057816205
0.574298478449366
0.5737938133496446
0.5737571606601499
0.5735901323208759
0.573296025533341
0.5730522672169748
0.5728041180140959
0.5721066477111622
0.5718565673390748
0.5716098402924488
0.5712573156538843
0.5710280350189257
0.5708137772987248
0.5705750389063958
0.570449162594495
0.5703385801391461
0.5701836559213516
0.5701147294124222
0.5700767894948147
0.56997200196399
0.5698795109338105
0.5697888798875569
0.5696504707790425
0.5695471835902322
0.5694296896825387
0.5693658375786032
0.5693187043596725
0.5691500467186345
0.56910675105661
0.5690644623668217
0.5689729608610692
0.568896435408852
0.5688313608998431
0.5687367945125847
0.5686135284304673
0.5685309773667691
0.5683308651949096
0.5682854694669802
0.5682734756474872
0.5681260507724322
0.5680708588470559
0.5680313124078793
0.5679523522056297
0.5679124988454151
0.5679044638475608
0.5678637611170224
0.5678345247356616
0.5678089695379057
0.5676806439356624
0.567625621573044
0.5675635808332522
0.5673398637254041
0.5671421948839904
0.566966961784086
0.5665270520882727
0.5659687583227301
0.5654524668164214
0.5652134486546843
0.5648456710173692
0.5645484221336561
0.5644154634529029
0.5642280701347138
0.5640958282594492
0.5639141024313573
0.5637571897389305
0.5636218225920866
0.5635183449240317
0.5633860681622892
0.563192827056074
0.563075773041849
0.5630066891504215
0.5628893747056992
0.5628280971954501
0.5627462752299679
0.5626592498967511
0.562561977270972
0.5624790635535722
0.5623296348129945
0.5621631555202763
0.5620211472251384
0.5619148028129793
0.5617779277004001
0.5614873170196469
0.5612282875074375
0.5606553708484282
0.5603425969645435
0.5601548087497946
0.5600085950587163
0.5598271257271368
0.5596072204955299
0.5595243327568176
0.5593578377215997
0.5591938983856852
0.5591403421340295
0.5590254008510724
0.5589883271169316
0.5589713377312631
0.5588480573289907
0.55875026899189
0.5586740172655642
0.5586342348478667
0.5585729608581987
0.5583547170820216
0.5582542770608133
0.5581740112564986
0.5579825213406421
0.5579080240876163
0.5578176558580481
0.5577682844845669
0.5577234529730456
0.5576553418621966
0.5576003873914125
0.5575511892155764
0.5574770240314423
0.5574135101619385
0.5573670580652405
0.5573128900930104
0.5572474986712663
0.5571780663074422
0.5571444558474746
0.5571072312544229
0.5570671483968218
0.5570204746897467
0.5570095960690359
0.5569676590422946
0.5569281690397937
0.5568798723957489
0.5568268636752765
0.556784974024074
0.5566552996417373
0.5564904655839357
0.5562274669205717
0.5559275695626518
0.5556839440791087
0.5555542491783507
0.5554224787538594
0.5552197792146543
0.555085544214915
0.5550524737009256
0.5550092785409123
0.5549714552977981
0.5549277686957256
0.5548252944478339
0.5547458407748925
0.5546485302252254
0.5545481035105294
0.5545031594263191
0.5544896629215087
0.5544241554450995
0.5544032284187662
0.5543807946148881
0.5543465773109084
0.5543386940859948
0.5543291830728584
0.5542552201878205
0.5542242569047041
0.5541451366421626
0.5539899567606085
0.5539325156094319
0.5538504608981714
0.5537548421197581
0.5536897331118582
0.5536415958984474
0.5536366445799764
0.5535722212738039
0.5535036421008038
0.5534717269975462
0.553429912300426
0.5533562260179954
0.5532799059222222
0.5532466476526904
0.5531975131939451
0.5531670382376488
0.5531252356614362
0.5531035991304861
0.55309933643804
0.5530545525372177
0.5530349531780419
0.5530152299899409
0.5529701323421008
0.5529522073745763
0.5529292626489004
0.5529096806881297
0.5528868996179068
0.5528475266861038
0.5527971478202072
0.5527190172865334
0.5526847005964832
0.5526392927533741
0.552560744788462
0.5524937942311727
0.5524456102981761
0.5524214468862624
0.5523675469515847
0.5523170716593281
0.5522821902404723
0.5522362300393803
0.5522055716227589
0.5521948900560835
0.5521717889475173
0.5521591045960248
0.5521296823346962
0.5520887679749007
0.5520650121400954
0.5520520535544755
0.5520098900268812
0.5519884387004488
0.5519601822341108
0.5519403530894771
0.5519119387805416
0.5518794321379207
0.5518692333282922
0.5518682818849917
0.551842757459831
0.551833683613095
0.5518210925396814
0.5517916534130255
0.5517530801970023
0.5517126643205433
0.5516893777387535
0.5516696590342681
0.5515659445815227
0.5512723946181339
