2.338808170252097
2.310788802233906
2.302529793593655
2.301399676436248
2.301219883955465
2.301212767656142
2.301208131477214
2.301147019781293
2.300985108489345
2.299953816438582
2.296683456132806
2.280647247865175
2.27791869203553
2.166818712849241
2.089646380126507
2.030435997190223
1.970684902799228
1.891470555479478
1.821532925166396
1.750600226509141
1.614816680528975
1.574263051011202
1.517239579227686
1.472490029967347
1.455838651214008
1.402156223735309
1.349342883771497
1.319298233403518
1.294572079068036
1.265860964699183
1.250026618743519
1.247318749474768
1.220462599877837
1.207689367977578
1.186041666905414
1.179560985017442
1.171206464260651
1.165011572196457
1.157322785031129
1.150707749130555
1.133836759249956
1.046949604588217
1.024346657848486
0.9991266289805195
0.9754444651308378
0.9618570055276024
0.9345306415049721
0.9177883933754282
0.9142768885953703
0.8995803158201308
0.887432156647276
0.8783803586025939
0.8675580138381268
0.8630319808390482
0.8548842797845566
0.8453506415429409
0.8314657866995037
0.8243278941054941
0.8084991018757837
0.7794519312706171
0.7559358910031674
0.7404087272166652
0.7276314803614553
0.7134282763734621
0.7081306398926644
0.6985140346766109
0.6861276236091354
0.6760248999020938
0.6672956457517123
0.6594784086737041
0.6502948051529283
0.6436255342351126
0.641053321992712
0.6365707484679752
0.6311856849749993
0.627088134777209
0.6148996973454671
0.6040683409358069
0.6000770000748346
0.5962915855011753
0.5916427765084233
0.5848258551095664
0.5792713751196763
0.573549017243589
0.5690659680181279
0.56360564090417
0.5578926081024816
0.5528573703691289
0.5475516498472994
0.5446151065658994
0.5397583973413024
0.5356897762650816
0.5324853573757421
0.5303421368868931
0.5277439374180217
0.5247823059223523
0.5228099433588242
0.5199534375862433
0.5170767232822109
0.5152047435189128
0.5141183871357544
0.5122967704858071
0.5113708506497996
0.5087344637255083
0.5065656125759289
0.5046615544288005
0.5031954429981054
0.5015944429648788
0.4986054029238
0.4952488402996317
0.492632878173303
0.489136136653709
0.486207832176824
0.4832868758796958
0.4815132628065872
0.4800230246664401
0.4772276946965892
0.4749262460799972
0.4729697907510901
0.4718676414713185
0.4705261167373556
0.4684295064407575
0.4666378655550834
0.4652307707948808
0.4640192031959221
0.4629893863813693
0.4625923579129332
0.4617431485190841
0.4617026626363862
0.461324002173321
0.4595182709863572
0.4578116693605627
0.4560119272776443
0.4554882088699556
0.4550927824535771
0.4528543134331446
0.4517013569593651
0.4512738338338546
0.4502122062891803
0.4494183704063691
0.4488896126322176
0.4486347399913896
0.4482269915974528
0.4481556699837219
0.4479554735216829
0.4474480937266167
0.4473979483261736
0.4472430158961943
0.447024251600184
0.4468762021589515
0.4467868296498817
0.4465151441136387
0.4463541915355961
0.4460125723220452
0.4456280365496866
0.4453323879683591
0.4448875387098929
0.4444457108888594
0.4441648733431612
0.4437734561576133
0.4435607181062399
0.4433830669008959
0.4430633626052133
0.4428031454444506
0.4425797594850661
0.4423509802180947
0.4418839039619523
0.4416024507299413
0.4413818466957886
0.4411368525124506
0.440908075333338
0.4407299708473019
0.4404632646673592
0.4402110725774209
0.4399716426620318
0.4397025487580314
0.4394039709137051
0.4392352318568614
0.4391100669157021
0.4389194832318266
0.4387516637646142
0.4386288787259274
0.4384537391584934
0.4383173399805799
0.4381866624914644
0.4380112608641338
0.4378751089372174
0.4376054081601748
0.4374954601375576
0.4372277600447646
0.4369505796284679
0.4366790311760232
0.4364485829117029
0.4358797026120118
0.4352805134479353
0.4349808420906175
0.4349660921591018
0.4347590117933423
0.4346431794049987
0.4345304817578239
0.4344577266415964
0.434363818966659
0.4342621728386276
0.4342263366206997
0.4340564355400268
0.4340174409784905
0.4339299233253475
0.4338080522802831
0.4335894458461489
0.4334610465895625
0.4332533613098176
0.4329336450271501
0.432786151223604
0.4327380544028746
0.4326716808845795
0.4326139691736513
0.4325507275560734
0.4324384925492677
0.4321235389650137
0.4319001413419966
0.4312615076468416
0.4307719934150572
0.4304095651433338
0.4297294643891182
0.4293556672303093
0.4289579611568634
0.4286634663794593
0.4283839656163157
0.4280177552646686
0.4278573764472217
0.4278005552630718
0.4276595437365083
0.4275903431959155
0.4274821067201985
0.42739618691812
0.4273130985937562
0.4272662334778012
0.4272351010085449
0.4271180111358417
0.4270549971271845
0.4270161459881435
0.4269275195621979
0.426834495765851
0.4267850045658981
0.426732237182317
0.4266198945890294
0.4265077682212606
0.4264509296570938
0.4263685525242391
0.4263138539263351
0.4262445341807123
0.4261658162425379
0.4261071641075848
0.4260747440638232
0.4259731329630659
0.4258794306822957
0.4257750183807044
0.4256567414673122
0.425584359625131
0.4255401734499395
0.4254448337090558
0.4253916669021579
0.4253352318062981
0.4252526623913479
0.4251980651394637
0.4251400568612058
0.4249787480649903
0.4247300212113629
0.4246307068655715
0.4245892325988088
0.4245335307045583
0.4244871914535235
0.4244359989203082
0.4243829691527211
0.4240947832348166
0.424001303620083
0.4234667103119442
0.4230355750545963
0.4228996529204229
0.4228276871140294
0.4225992149789425
0.422436284534114
0.4223081746949904
0.4222515167007836
0.4222033864537051
0.4221345516572528
0.4220742408410059
0.4220164972172637
0.4218622940092874
0.4217664842500668
0.4216103117724301
0.4215358815018954
0.4214650359193687
0.4214204892160318
0.421367063877241
0.4212138520412318
0.421085432546129
0.4209555812585758
0.4208057157455308
0.4206892597293688
0.420556208473975
0.4203781268890545
0.4203121444666885
0.4202412832841075
0.4201472045173001
0.4201068830429323
0.4201034734907867
0.4200202754786448
0.4199380919515371
0.4198626725801139
0.4197665004242898
0.4195879590394923
0.4194818359482846
0.4192459357239781
0.4189960909799426
0.4186837718054676
0.4184908934871701
0.4182566301355898
0.418175085857193
0.4181249145058968
0.4180844850076262
0.4179036493939317
0.4178719710786157
0.4178465867868634
0.4177669327517653
0.4177364648422097
0.4176164071579216
0.4175021650648503
0.4173696135207663
0.4172262116102478
0.417124941372941
0.4170056202889936
0.4169004637788891
0.4168367475133845
0.4166891522787204
0.4165078683872721
0.4164298792782505
0.4163308780565796
0.4162368671318408
0.4161520795227546
0.4160559899646235
0.4159717393866826
0.415880697599077
0.4158264704437004
0.4156928740812827
0.4155481546742768
0.4153830595260851
0.4152589890673259
0.415203092143005
0.4150760647070792
0.4148623193250319
0.4147758594801075
0.4147578155693441
0.4146740977966498
0.4146340056874628
0.4145985748327594
0.4145534271021791
0.4145139243938253
0.4144653330397332
0.414366327458047
0.4143036603288675
0.414149082490563
0.4137990671578977
0.4135489062752711
0.4131720490542288
0.4127891853712113
0.4124702606799868
0.4123064324334091
0.411908876165417
0.4118893577444769
0.4112074020779639
0.4106487937555067
0.4105324859167117
0.4104165209260669
0.4103358972100793
0.4102563774540773
0.4101650997570256
0.4100800974784605
0.4100414941843832
0.4099132408821574
0.409866458147691
0.409779057517797
0.409739622539789
0.4095774108367456
0.4094008634799846
0.4093634731416316
0.409347571819335
0.4093349561323845
0.4092961084014937
0.4092570318658637
0.4091632041439536
0.4090790293006098
0.40892286206739
0.4087830093939632
0.4087160800144233
0.4086565175229183
0.4086231281389152
0.4085780559912298
0.4085524345655087
0.4085366990543254
0.4084798127603185
