2.31433697064509
2.30109511056923
2.301072337115035
2.301071778529812
2.30107158429377
2.301071061793903
2.301004770001458
2.300991405066664
2.300984418738103
2.300967706617064
2.300963565408106
2.300936477212957
2.29817001591421
2.298157578953036
2.289977266717294
2.230002196908263
2.224331163171507
2.157711712803647
2.12041848164112
2.111788564966841
2.072329197946645
2.053930799246145
2.028558584424977
2.019001903407788
1.980564547006415
1.948512962049021
1.895884147595313
1.885829616908721
1.877117238493516
1.867180146331327
1.852688947789003
1.843945347943093
1.829169582300877
1.813259972401974
1.810631759588891
1.779171713860517
1.760647501859005
1.75233243430653
1.733072363637856
1.733031491568158
1.71736778151897
1.712655209202587
1.689033635111876
1.682859878027605
1.679255536524481
1.663287447182925
1.644071313071769
1.627053843468514
1.61392050266654
1.603904419704959
1.586077067167319
1.579576408298819
1.573496646681404
1.56665047851265
1.564523124220769
1.555495587640709
1.552125656965391
1.548976275773569
1.54597300821487
1.543040823122606
1.540213951577774
1.537190103801884
1.527929878079139
1.491450265691593
1.475380141563934
1.444167436010089
1.422702553646562
1.40527773681073
1.404401972271133
1.379697009812026
1.368341455448994
1.367903857218503
1.358336303393387
1.354588311592973
1.351546854310804
1.34920219938961
1.345886706472859
1.340971996288684
1.33450900528811
1.32477300080148
1.313512440599053
1.310542360230865
1.308231474160607
1.305666234782449
1.303857298046936
1.300551209761226
1.299894558035006
1.297481070775788
1.296537444714436
1.292478471535294
1.289315162373496
1.288761288787227
1.286738931985039
1.284219176485697
1.280932127206311
1.280721189824862
1.279973195014907
1.279388438383402
1.278006325851595
1.275660220260213
1.273972550072366
1.271892176913758
1.269428896584037
1.264884568498244
1.26010205546224
1.255902445337246
1.250595026884797
1.22672069623466
1.192585745282665
1.173557153490513
1.167285346704233
1.16248494977364
1.154969248332865
1.154665823700237
1.151010219333878
1.149152408355993
1.145902885774996
1.141825681740076
1.138506745124602
1.136244877070486
1.13215733670348
1.128070119824332
1.120840792348364
1.108308607600477
1.095863667965064
1.086831449750314
1.085719194787705
1.071877182455709
1.065428170667704
1.063312632946814
1.059519709971715
1.056939491572947
1.053753791676605
1.050858355691806
1.045975877697726
1.041992569276546
1.03703378606981
1.033086267742065
1.029747790783055
1.027767800635969
1.026925846814207
1.024066053839628
1.021727131548329
1.020243406978865
1.018801759286251
1.018553433997608
1.017256781182847
1.014439018556321
1.012546992279457
1.010331025910142
1.007396903026966
1.006055465346553
1.003639599519719
1.003163090673139
1.001546789194946
1.000175674970459
0.9978789110988961
0.9961658711601572
0.9925309220446407
0.9916933519918075
0.9885634398280884
0.9881354289274478
0.9864549292381301
0.9837384562752092
0.9810238587514609
0.9769791231454914
0.9757061311719034
0.9722439201148654
0.9664917088846224
0.9651347750743852
0.964410189009853
0.9614793217452079
0.9587160253159449
0.9574241901955282
0.9550998506105907
0.9535633937531122
0.9524260648436303
0.9511850510886067
0.9495542668686439
0.9478700301458033
0.946925361869982
0.9456423747383438
0.9442591111282723
0.9429120093025832
0.9408511782179728
0.9396671324071763
0.9393761188553864
0.9386260327425668
0.9377134097982606
0.9376519346206308
0.9374634807526733
0.9369379022846429
0.9365399305872011
0.9356213572195359
0.9353883078100543
0.9352012840899483
0.934821947737251
0.934578755774468
0.9343964352159428
0.9341812953643015
0.9340669064383387
0.9339113763565072
0.9337635602715392
0.933454587988056
0.9333876497943661
0.9332458353836688
0.9331604843748764
0.9330378186004084
0.9329164662489382
0.9328546885752219
0.9328278916149896
0.9327327352456231
0.9326531307306817
0.9325621159804535
0.9253341984901389
0.924981232954367
0.923936569936592
0.9232654026582553
0.9223731319306525
0.921748000624699
0.9207310814414768
0.9200508673177769
0.9189492545206576
0.9183552613097002
0.9166274422181373
0.916099288120761
0.9149423850381444
0.9143079072328623
0.9137330231757835
0.913118268932305
0.9125850053990034
0.911404953698675
0.910393139868139
0.9094734234605635
0.9065313841264341
0.9043474242162661
0.9039380889430417
0.9038083459712853
0.9032949553401821
0.9026406815803512
0.9020991872173786
0.9018997456052792
0.8997798270078767
0.8984155316599741
0.8972123879337949
0.8962558711858282
0.8954068084363714
0.8942897004034278
0.893269857525896
0.893040849851618
0.8925048519108316
0.8911915074050216
0.8904038634193684
0.8900935699747581
0.8898830837943262
0.889299296865374
0.8891810264724772
0.8890386517778168
0.88886333630838
0.8885306898079683
0.8882698005854285
0.8881817316792244
0.8880307238288195
0.8878570157509561
0.8878097820226009
0.8877368031055003
0.8876914296651907
0.8875408380242339
0.8873999718813282
0.8873759244877168
0.8873105412427547
0.8871588119846733
0.8870720352394708
0.8869130532223573
0.8868532241491385
0.8867437773329933
0.8865531871948109
0.8865276904769123
0.8865063211771843
0.8864296143185605
0.8863932750702006
0.8863587019817142
0.8862774541579759
0.8862092107309938
0.8861814661053141
0.8861464798222823
0.8861242574906861
0.8861130262948672
0.886088443334533
0.886076943830819
0.8860590754109304
0.8860268804725033
0.8859960261614734
0.8859717345279443
0.8859617337666691
0.88595004185217
0.8859162230848096
0.8858858816255489
0.8857903292451487
0.8856836304564695
0.8856149910759525
0.8855589244379192
0.885444678189348
0.8853233370961391
0.8852366594748063
0.885097913647297
0.8850407984354342
0.8849914779998338
0.8848585214601715
0.88483313982587
0.8847302277235485
0.8846422603151325
0.8845542884312668
0.8844513230103451
0.8843404849302691
0.8842956299761056
0.884236882931297
0.8841804597910586
0.8841316907785309
0.8840756110211611
0.8839519720126139
0.8839053063795765
0.8838036571499711
0.8837201730131993
0.8837106749025107
0.8836514658296101
0.8834903711753819
0.8834801884373298
0.8833929183291253
0.8833082952172729
0.8832614253207146
0.8831593998323898
0.8831453994886784
0.8830691779255273
0.8830166625257987
0.8829906106309008
0.8829520098313565
0.8828667521901482
0.8827930109284831
0.8827683474950042
0.8827455391025157
0.8826861298579137
0.8826591533191218
0.8826443282764698
0.8825380000498811
0.8824719745837358
0.8823902460294173
0.8823480371104871
0.8822530824727636
0.882200286401548
0.8821025233400712
0.8820434642683092
0.8820006001663936
0.8819944618230906
0.8818728206612907
0.8817686839687874
0.8817333553120575
0.8816661578944507
0.8815966517604684
0.8815067027742097
0.8814834738753055
0.8814510986623254
0.881422607089546
0.8813950093787168
0.8813881663810172
0.8813307620883517
0.8812147955106963
0.8811344278130634
0.881092422930867
0.8810798548278684
0.8810600646261164
0.8810544192334885
0.881052191061352
0.8810273057820938
0.8810020942958147
0.8809228996553731
0.8808466546126241
0.8806755609704499
0.8806041769141687
0.8805739226529128
0.880535143450449
0.8804944948554361
0.8804837034260723
0.88044884804114
0.8804266780576184
0.880388059505736
0.8803677421796439
0.8803546698029001
0.8803436612613155
0.8803199699438364
0.8803063361971234
0.8803031366743187
0.8802758025655441
0.8802609554796733
0.8802453302196965
0.8802304107638336
0.8802124064994736
0.8801988500415079
0.8801713452418252
0.8801463138223869
0.8801167670156002
