2.328659520667975
2.302422428607545
2.302392418901597
2.301319255040602
2.301191319101756
2.301180461851387
2.301175308911859
2.30112652682087
2.300823998641421
2.29960230033508
2.299086343459684
2.299085177500126
2.298677327562015
2.298544429796693
2.298234654306266
2.292254570759882
2.290008813168579
2.287336560540898
2.281149027915958
2.248822827748884
2.232359764637646
2.203868536447932
2.116248279985767
2.015886455775547
1.944553176423059
1.83610281205216
1.761288788453417
1.735045485237918
1.696780668746633
1.671218382365282
1.608116758520075
1.54946691882336
1.423757430890436
1.393289332553108
1.368169974904027
1.337531766200731
1.315677084009313
1.273691583814104
1.255083974895842
1.246710210998338
1.223497044662751
1.205754138102445
1.184161182055267
1.113094353510923
1.077086715506421
1.056841486496591
1.033210744778663
0.986524002320131
0.9654388672755989
0.9491546874260137
0.9370667154897238
0.9273286864481441
0.9161147839490726
0.9064738491255369
0.9005924955065093
0.8931517028106906
0.8863174014623442
0.8781607986021833
0.8710285969124575
0.861644744508576
0.8274395722503147
0.7867700962575216
0.7678890736380357
0.7618151738267833
0.7490857804573606
0.7434797537918184
0.7298555003790145
0.7240868955236162
0.7186120299762763
0.7112900731098456
0.7043956016408228
0.6982710498085735
0.6895552927754575
0.6840166953009114
0.6725308841058388
0.6664957325776869
0.6651540523991957
0.6553798406953403
0.6515051290540801
0.6490365667698209
0.6406054716490188
0.6397716260087702
0.6381275044695489
0.6337914002714579
0.6301376267220775
0.6265965970304236
0.625188392345073
0.6229032141864135
0.6205582421267215
0.6173686381460586
0.6144145627489007
0.6126384854729844
0.6117863501992089
0.6100386400380674
0.6084212962811143
0.6061780493457231
0.6042968123519936
0.6029213856031261
0.6019890356409667
0.600634061778003
0.599733092158084
0.5989068011174469
0.5973167683223698
0.5954321508075595
0.5938323317739608
0.5924748230651172
0.5916031998037844
0.5898808369216938
0.5888947865530164
0.5876083526568625
0.5854050452596997
0.5839284774030742
0.5821566192874451
0.5809939535451933
0.5795796557781799
0.5784619932739137
0.5780196737495116
0.5770225791254394
0.5759537446986557
0.5746207452283505
0.5734373716350847
0.5719775457739283
0.5703486828159535
0.5696547656281382
0.568759205872741
0.5674275904814952
0.5654814120837532
0.5644409970115788
0.5640662256922396
0.5632663329831705
0.562263626838103
0.5614226669476461
0.5604648484455749
0.5602318237703585
0.5600113522611231
0.5596732059371615
0.5593228923004308
0.559187221260369
0.5589774529961052
0.5587793513802165
0.5585801090880931
0.5584021371601962
0.5581886591530149
0.5580205713042881
0.5578410279690973
0.5576703506333508
0.5574676787876276
0.5572733476246542
0.557121696248751
0.5569149060065458
0.556700140602299
0.5566133508309036
0.5566038899422334
0.5565335815173641
0.5564886567202322
0.5561835184511887
0.5559927770103776
0.5556811625844098
0.5554275701018311
0.5551755082498155
0.5550258997828473
0.5548445201909999
0.5542722234515818
0.5539693846575776
0.5537139123915025
0.5534393482261435
0.5530197807553717
0.5527944590815341
0.5525156274166174
0.552416985645763
0.552269921594539
0.5522048047386872
0.5521621320475388
0.5519924270817623
0.5519386623387958
0.5518854073323257
0.5516534526680248
0.5514884067699573
0.5513512045076212
0.5511794316857493
0.550952041655453
0.5508780432550293
0.5508716131982204
0.5507195459710101
0.550668853556064
0.550557599362691
0.5502580039341232
0.5500962602040833
0.550003942995653
0.5498069800614452
0.549583773753393
0.5494860728013992
0.5493981112641798
0.549326279523189
0.5490871406516309
0.5488942592890701
0.5487816834815449
0.5487240115399415
0.5484949768631797
0.5482721325533699
0.5480589397753403
0.5478311904652376
0.5477278699485504
0.5475011980264149
0.5472929489896179
0.5471482440169456
0.546929210154934
0.5467844001358341
0.5465754964458457
0.5464972816179993
0.546428252785286
0.546224172349753
0.5459799089030137
0.5459009262543544
0.5457984242702665
0.5457054720187243
0.5455840799185421
0.545501469579012
0.5453960250674565
0.5452694067538426
0.5452367947576158
0.5452140021995209
0.5451948613003824
0.5451327471706161
0.5450610780724002
0.545000203884542
0.5449270794874012
0.5448542327332793
0.5446372976199803
0.5444405397147792
0.5440636694049806
0.5438549355894464
0.5434956290307982
0.5429870453416505
0.5427090296233871
0.5425249010911786
0.5422768337445164
0.5421054188759599
0.541997001038146
0.5418695593010677
0.541793373090611
0.5417374813231957
0.5416676431058934
0.5416063782070086
0.5415468791111122
0.5414090888570632
0.541022420034297
0.5409284660757402
0.540789066747747
0.5407415746738186
0.5406678006153799
0.5406412063045279
0.540495741803846
0.5403724953048873
0.5402044618835256
0.5401454641096872
0.5400081269815402
0.5399105175784402
0.5398054838801115
0.5396822041925499
0.5395428257145987
0.5394962679294116
0.5394336321361765
0.5394074389971621
0.5393909019297991
0.539346553072692
0.5393249035847553
0.5392979062737607
0.5392810693017415
0.5392133339436337
0.5390992306915857
0.5389348626033031
0.5388853672169013
0.5388850643784981
0.5388315579600645
0.5387574281759934
0.5386882453873402
0.5385626594230357
0.5384282205470272
0.5381667887521701
0.5378519822500446
0.5376479677799703
0.5376202986301323
0.5372925253036209
0.5371897743257481
0.537063696740777
0.5369513097059408
0.5368184990481643
0.5367541507495006
0.5367267216678847
0.5366382817105593
0.5365895967259223
0.5365679602297864
0.5365044095226051
0.536439262053618
0.53632001715427
0.536202604249567
0.5360412269107854
0.5360085639450246
0.5359680592362678
0.5359378346047284
0.5358682577462778
0.5357920065212362
0.5357510153265745
0.5357140419445788
0.5356243911328484
0.5355301273344328
0.5354498610249628
0.5352577370083789
0.535052457140883
0.5349564029485427
0.5348820491032101
0.5347551056979151
0.5346466088461652
0.5346065603810235
0.534572237017924
0.5344759609207265
0.5344188750813503
0.5342606353305239
0.5341694430653567
0.5339865294509774
0.5338180682291681
0.5335373922774287
0.5333719507063804
0.5332166212252789
0.5331366635766829
0.5330366172577451
0.5330104196918845
0.5329544465278823
0.532894700820787
0.5328157588293142
0.5327741799628133
0.5327211171409199
0.5326440938416332
0.5326075669467332
0.5325892301243389
0.5325646465948596
0.5325421422386142
0.5324766820578926
0.5322838283485961
0.5320422073501279
0.5319550684985186
0.5319509665407443
0.5318104673047831
0.5317324802452131
0.5317047970663041
0.531592698891171
0.5315475011910238
0.5315192793549599
0.5314783966718055
0.5314144369428527
0.5313613401252411
0.5313376083262287
0.5313153942482098
0.5312548280509116
0.5311740278245108
0.5311390124029873
0.5311036455860754
0.5310804496691269
0.5310547476090738
0.530967630841513
0.5308487839216761
0.5307960878911796
0.5307281587054709
0.5306710794779044
0.5306405369910167
0.5305350139731216
0.5304820696473231
0.5303839882627152
0.5301377483227423
0.5298808463812194
0.5295400740124566
0.5291738106721554
0.5289385562949792
0.5288730835466762
0.5286916384150064
0.528605098302781
0.528563711017461
0.5284858173445085
0.5284222130131567
0.5283415710727553
0.5282292734825657
0.5281812612501023
0.5281600401161999
0.5281325552238125
0.5281062615634983
0.5280449843274645
0.5279945833098098
0.5278085487310797
0.5275738934705912
0.527508648249156
0.5274406235719524
0.5273924254684833
0.5273486637776357
0.5272895912231158
0.5272539710102191
0.5272104260574328
0.5271843698730272
0.5271607970104287
0.5270938886556668
0.5270600105796184
