2.312411560036029
2.301397129502408
2.301282975216773
2.301181416386852
2.301181053853721
2.301179501045303
2.301178263593708
2.301174485076759
2.301114791153107
2.300852209985877
2.300295350985436
2.275884840504952
2.275780447582389
2.229392960357781
2.168361631373493
2.110042903043654
2.078460855012398
2.030910791343719
1.996963519864042
1.956933671196365
1.910278188387852
1.868045644775502
1.820552765498079
1.739537368070861
1.702648315975162
1.641817563992888
1.593628417341883
1.56175650536985
1.535949661756997
1.475618510935943
1.433286287281797
1.385579981641404
1.364546789453074
1.343287777257058
1.292286883369923
1.220121675185516
1.181682844105611
1.157667629420737
1.123479503216517
1.108299918936376
1.082743333080054
1.064262851557838
1.052561223677058
1.036112502049566
1.023769986457298
1.017292516265415
0.9743417277566958
0.930751208018688
0.9098210070859246
0.8941327571409657
0.8407444202976804
0.8207228406478462
0.8191046818743072
0.7968791615952586
0.7792626274344853
0.7674860002255732
0.7557574683518155
0.739178914483995
0.7255318175414099
0.7134329752664571
0.7012674036975471
0.6856861194238418
0.6702311337549302
0.6555617208087579
0.6395804391103028
0.6256561474480282
0.6089701822595327
0.5964054192304961
0.5832580735040649
0.5686135650348998
0.5582853762818439
0.5469047904458627
0.5376509314506336
0.5338746732327243
0.5233355599921731
0.51564767147045
0.5139498940001695
0.5065140438018797
0.5004347111300703
0.4885534450030024
0.4811969403704887
0.4788620253136816
0.4748818486475977
0.4700148948993011
0.467898754714359
0.4668786554243539
0.4664387375131617
0.4645663171137531
0.461335293248313
0.4580831170778701
0.4561609073349659
0.4540283336060922
0.451934322642453
0.4513405339575846
0.4508865969411967
0.4493914145952099
0.4470627827031383
0.4428060601277485
0.43999398179469
0.4394933895498452
0.438352203781322
0.4369502857094009
0.4357167271073019
0.4349160119205001
0.4342720426435077
0.4332958251406169
0.432554394451055
0.4314432139518606
0.430392250376301
0.4295280538437212
0.4290236148536936
0.4287084791177668
0.4283672409689501
0.4270323185693407
0.4266502838901501
0.4263744628205166
0.4259603744200138
0.4254023443636365
0.425086184617709
0.4248240768160931
0.424687196720615
0.4246306587799177
0.4243965794358348
0.4241442800926791
0.424051284255624
0.4239969026988898
0.4236018485326274
0.423525137014952
0.4234495425034854
0.4233205394757861
0.4232258576684712
0.423121973775282
0.4229990074604034
0.4227791613654721
0.4225926464290093
0.42232730180125
0.4221284406248489
0.4219101688589036
0.4217924336283816
0.4216065055818976
0.4213212694295437
0.4212203714673542
0.4211126860165199
0.4210214315230456
0.4208848647263055
0.4208360700911503
0.4206350741554525
0.4205295160326989
0.420452506176886
0.4202663374036796
0.4201317614520629
0.4200710873865673
0.4200293550375869
0.4200032835652723
0.4199660433685081
0.4199140185651523
0.419849225420952
0.4197811710901254
0.4197279205501365
0.4196095220823003
0.4194660502658865
0.4191624150864867
0.4190973132017141
0.4190369915431341
0.4188861073289137
0.4186604835199378
0.4185774068246061
0.4184958133629275
0.4184089409020477
0.4183251106159138
0.4182037517023501
0.4181598999781191
0.4180967614925035
0.4180398203140747
0.4179342058783198
0.4178211306684774
0.4177600388809607
0.4176078123808428
0.4175143282057077
0.4173960054787119
0.4172053356641331
0.4171119343670507
0.4170184560747882
0.4169278348367239
0.4168742647415047
0.4168139981868851
0.4167305140041436
0.4166353980369278
0.4166101879157026
0.4165733427736945
0.416497828870714
0.4164460530722736
0.4163678096230083
0.4163364989788232
0.4162896851410062
0.4161537165263578
0.4160274137518434
0.4159001578348982
0.4157957198921733
0.4156619345088931
0.415581940940933
0.4155096725150693
0.4154236577498027
0.4153754885460064
0.4153304337784613
0.4152723886621754
0.4152391280074753
0.4152095156413321
0.4151016054985823
0.4150307362753582
0.4149742909841925
0.414858861307122
0.4147538835478138
0.4147184323826021
0.4146708411524103
0.414646140228715
0.4146124326097621
0.4145849359132663
0.4145280609379106
0.4143824361242455
0.4143070656610768
0.4142940123552775
0.4141474774097219
0.4139205057863127
0.4138614190321748
0.413727815850238
0.4136281748531653
0.413507727612631
0.413459175145569
0.4133792757281398
0.4133028303916359
0.4132638574272485
0.4132281920230542
0.4131091986006743
0.4130083059216485
0.4129267662502471
0.412844586323197
0.4126892873371332
0.4125960059920483
0.4125089235459469
0.4121234951389142
0.4118857910592084
0.4114005752191393
0.4112210728442199
0.4111484302168082
0.4110851840551075
0.4109342745078835
0.4108766352922622
0.4108130888220827
0.4106170189976158
0.4104684319517435
0.4103540946188692
0.4102631730788107
0.4101476058741126
0.4100212009399598
0.409894497002339
0.4097990084356431
0.4097214872597262
0.4094102115802691
0.4092282487684017
0.4091889579715566
0.4090451416517291
0.4089674434242839
0.4089509409900438
0.4088364800126916
0.4087857141609637
0.4087407903688656
0.4086151776276207
0.4085082040385053
0.408455416168008
0.4083526665984287
0.4083209267110513
0.4082840587714288
0.4082603213625992
0.4081617231729846
0.4080781441078268
0.4079887023858524
0.4078718436364291
0.4077832865595573
0.4077220571445296
0.4076493754534984
0.4074642339982816
0.4073287344259702
0.4071794594914426
0.4070948719918955
0.4070123660170159
0.4069659451743918
0.4069289080704064
0.4069052930102169
0.4068345779467407
0.4068081232028705
0.4067732307043055
0.4067526477091769
0.4067263388739196
0.4066902995782659
0.4066628752174042
0.4066404715959931
0.4065554139598755
0.4062733308840293
0.406018259217064
0.4057838888642168
0.4055109737048701
0.4052004196393693
0.4050582982259884
0.4048442680236458
0.4046994432992224
0.4045500172256738
0.404455621851917
0.4044083272797234
0.4042529715446644
0.4042029715362234
0.4041499193188151
0.4040419187983616
0.4040135572374483
0.4039745385552444
0.4038893234294496
0.4038459360463009
0.4037856315592269
0.4035979353541828
0.4035577116291187
0.4035027011772362
0.4034577129623876
0.4034105435363497
0.4033498012683369
0.4032890469565304
0.4032616543147994
0.4032159458524561
0.4031630114633655
0.4031213879552489
0.4030757848596031
0.4030424243643873
0.4030096382958064
0.4029618262968135
0.4028583719180706
0.4028163172253943
0.4028015221254596
0.4027429552012057
0.4026928354958138
0.4026642453553455
0.4026256608603669
0.4025937339001792
0.4025549016854855
0.4025171478574407
0.4024162034220269
0.402309827812812
0.4021291788056871
0.4016727654395037
0.4014363759959099
0.4012433341613146
0.4006944586074237
0.4003577058354972
0.4001501029432604
0.3999491080222238
0.3998381818994473
0.3997240359941187
0.399648229264821
0.3995228144472918
0.3994212292990378
0.399371066713884
0.3993515831893075
0.3992624575008722
0.3992320362946531
0.3991970349467932
0.39915995449185
0.3991124868686819
0.399042067559312
0.3989877643550285
0.3988938853493777
0.3987248634253018
0.3986222115560594
0.398569074280622
0.3984371109288361
0.3983657478327064
0.3983234056301927
0.3982951148868869
0.3982504296691417
0.3982206374821726
0.3981892997416818
0.398157580875087
0.3980750107200683
0.3980226428419975
0.3979478291116776
0.3978378228867301
0.3977764289985917
0.3977518885450789
0.3977215521408201
0.3976967595940533
0.3976629335985434
0.3976095238736391
0.3975492415610674
0.3975172270377527
0.3974818665230371
0.3973849563080146
0.3973465759689143
0.3972918552573006
0.3972590494429598
0.3972367804442183
0.3971502165734211
0.3971380031633081
0.3971181134929365
0.397100039854404
