2.311515156408356
2.301117446221902
2.301073105801652
2.301073021420101
2.301072961466251
2.301072761658758
2.301070858234657
2.30106306537564
2.301045753609141
2.301008683165251
2.300962872235262
2.300861812889849
2.300819091248068
2.300105240371969
2.299826713937491
2.298534760123936
2.294910910559695
2.277595502502975
2.269722009991179
2.255844029279591
2.230538418341154
2.197888541743315
2.144469520969015
2.105604020638406
2.098965132133437
2.076446222321735
2.065752273782544
2.046004843113221
2.034440213455023
2.000937020353331
1.996172688062216
1.985752500589179
1.972325037325553
1.94613451996381
1.93581329103709
1.913892824662341
1.906102820081859
1.894403803006148
1.884809850738694
1.878598515147895
1.874131577725219
1.868041903066575
1.863195530174878
1.858313835219888
1.849734601803363
1.844849799097513
1.835585076017165
1.813515412068151
1.805497267606095
1.798321488062504
1.78933408411695
1.752811571270395
1.744320320788585
1.7382623249621
1.696292816547181
1.677037258468698
1.673493638049552
1.649291067628957
1.64213250398878
1.635724358250908
1.628418370892977
1.618898461863318
1.593524643057951
1.52874074048866
1.491255067566713
1.455877579460475
1.443450852388275
1.427098263606366
1.410570986592103
1.399138176997645
1.384417620393575
1.364157158043031
1.351516911149102
1.344414674476614
1.333560067697151
1.332849524380106
1.318490715346742
1.295018621339195
1.29128771113651
1.290432930470558
1.281074589991646
1.275687408517246
1.268990102979314
1.263777165521075
1.256403915559039
1.24823694493107
1.240084792869872
1.231355356318923
1.224575569799142
1.21369026145125
1.206358598281667
1.179309747358665
1.155464782222676
1.131261582907172
1.107805969205415
1.088929745693964
1.043859748980331
1.024009037788753
1.013041604346697
1.005044702056235
0.9942431205780976
0.9807648784126093
0.9690669764167686
0.9645867004056564
0.9483224775722052
0.9361307544508006
0.9271894301417464
0.9225838597021783
0.9108872663002863
0.8947975035721022
0.8855015890082084
0.8706115927561109
0.8600445584920564
0.848482460819206
0.8443182597392282
0.8426712825880334
0.8388033183546929
0.8340910984215034
0.8326826233454898
0.8303775553420146
0.8299345352450044
0.8287537798212022
0.8242907334770495
0.8204284761916368
0.8197741672296626
0.8192569175689516
0.8188970651191497
0.8175488512575236
0.8161466966497768
0.8127187774351887
0.8108241665115187
0.8099799560694457
0.8098589860454998
0.8080885921558842
0.8067701839012185
0.803945218783378
0.7988091060896422
0.7984785655613299
0.7972753998162069
0.7951815584135032
0.7945437891954387
0.7942200071821129
0.7924859674780332
0.7918925773513368
0.7891535545713274
0.7857910937042676
0.7834775943508662
0.7781739404456521
0.7762045260033651
0.7755043145486009
0.7750959679352478
0.774682603077586
0.7736373919482135
0.7735636292503176
0.7727718341591787
0.7685216872708907
0.7679744191688038
0.7657817076960527
0.7639363415200577
0.7604886285999922
0.7596727498474493
0.7573737336525252
0.7550910911810195
0.7526534410829753
0.7506124610425278
0.7504009038030522
0.7494500388796348
0.7488783878807554
0.7458939814659034
0.7446940718639325
0.7436456732550044
0.7431011193827639
0.7418171920137802
0.7412623034658039
0.7399488427019536
0.7384848479283633
0.7370057598844175
0.7363056762048458
0.736150447197347
0.7355318447717607
0.7345920856239407
0.7340404207446961
0.7333042493905826
0.7326501754228237
0.731354846926041
0.7312772569162138
0.73112245493489
0.7307424511391645
0.7304747207118463
0.7302024685928262
0.729774656663158
0.7295747457610889
0.7293715971298075
0.7291537152000775
0.7290154888658251
0.7287236046624351
0.7285456602008309
0.7282584703216906
0.7281462974607641
0.7281018814462559
0.7277907440042565
0.7274820304978757
0.7273336844838073
0.7272849392518794
0.7271047369217712
0.7269964665690276
0.7268499538792853
0.7266939492066945
0.7265434215071871
0.7263414865127813
0.7262787105094195
0.7262599179372849
0.7261633674305491
0.7260821639105992
0.7260689069890969
0.7260380953848722
0.7259769857502405
0.7258679388962392
0.7257756535811187
0.7256766344964296
0.7256204098473606
0.72552520269716
0.7253543686565651
0.7252042295928347
0.7250583028403502
0.7249308628934239
0.724770186631537
0.7246155713431642
0.7244766732904809
0.7244470292979743
0.7244314071840312
0.7244089420898252
0.724357165055719
0.7243422874549915
0.724210247342552
0.7239534806411657
0.7238259067975158
0.7237292111842523
0.7235947241555919
0.7234677237781781
0.7233592767396505
0.7233089441543696
0.723181320592043
0.7231295065358055
0.7230806272452677
0.7230394400555996
0.7230022467198516
0.7229682132290881
0.7229253247856141
0.7228930033759843
0.7228527016780681
0.7228319951716001
0.7228051517342032
0.7227853990153709
0.7227602206932778
0.722753885385329
0.7226696206403415
0.7225184131656579
0.7223698520916269
0.7221308435975154
0.7220227348909724
0.7219079792150378
0.7217272093469738
0.7216586586770261
0.7215683741509055
0.7214678500262803
0.7214175538369478
0.7213641545493497
0.7213181389529949
0.7212966123042102
0.7212667908084773
0.7211709951044799
0.7211409097151765
0.7209531013931711
0.7208450349941379
0.7206783662341626
0.7205444695305139
0.7205358748755214
0.720392357654369
0.7203690292617524
0.7203625178643792
0.7202740112186522
0.720261802291592
0.7202436274329748
0.7202306216788288
0.7202132644514967
0.7201799812936045
0.7201636743730558
0.7201236802092372
0.7200639113160593
0.7200041546411441
0.7199442940953203
0.7198960218797366
0.7198620848896718
0.7198071559186782
0.7197586245643081
0.7196981896427469
0.7196409389533215
0.7195753486456556
0.7195700091892776
0.719564448622997
0.7194964403929415
0.7194810385200134
0.7194690076756828
0.7194180365414971
0.7193972456634613
0.7193873202089857
0.7193761258420868
0.7193698465719383
0.7193650577016496
0.7193531323535908
0.7193345477066964
0.7193171064167262
0.719285888967691
0.719259993098618
0.7192362199550963
0.7192240545336623
0.7191956778501226
0.719132714139286
0.7191116140901112
0.7190785117601378
0.7189556470629475
0.7186371098782383
0.7184730049582637
0.7183549162318748
0.7179898976088301
0.7178695691637973
0.7178212315813853
0.7176206032165958
0.7176024600724037
0.7175413062879626
0.7175226231683479
0.7175032896147098
0.7174795344566383
0.7174676669830066
0.7174278515519634
0.7174045697096668
0.7173769461280908
0.7173271094163188
0.7173089567838304
0.7173022957064543
0.7172913875696402
0.7172819258816665
0.7172677633717517
0.7172649418620195
0.7172433166936697
0.7172301479605275
0.7172038205166463
0.7171938188937076
0.7171864400048776
0.717173885103134
0.7171302716180352
0.717085564187342
0.7170420974408327
0.7169389134394378
0.7167997883003943
0.7167215025490657
0.7163527831035649
0.7160529755650944
0.7159234680903045
0.7158564591611393
0.7153169269305032
0.7152605463353309
0.7152232801922244
0.7151341316015228
0.7151238418376052
0.7151147311764477
0.7151044074913636
0.7150944725119814
0.7150773992435863
0.7150722424639618
0.7150510716876902
0.715027661340345
0.7150198422920315
0.7150107281216648
0.7150017347770072
0.7149923372900476
0.7149622359834176
0.7148964035217448
0.7148564716158318
0.7147706842976457
0.7146898740858765
0.7145825971361103
0.7145126480387091
0.714435422340155
0.7143409127263994
0.7142966308862264
0.7141899451858373
0.7141295134844162
0.7140761190116637
0.7140105525141052
0.7139674323351385
0.7139476797061391
0.7139203390394412
0.713854411295848
0.7138297745076849
0.7137550632521372
0.713705618413277
0.7136228461994799
0.7135558577792059
0.7134879193483648
