2.316096639119377
2.302452943462926
2.301359893665115
2.30113115643323
2.301129919461177
2.30112846244475
2.301097134456499
2.300773039185162
2.300484163268767
2.300177749369311
2.295871203263277
2.295471322656737
2.288936739374246
2.273153521201933
2.22476441759285
2.190430266320985
2.051401597157509
1.984201108166546
1.936702477929032
1.880789935313189
1.82396578193826
1.793997632375346
1.752726075313954
1.711853419095939
1.691234654713397
1.678634433758257
1.624340904375253
1.605564850494237
1.602908076653096
1.579357329696909
1.565801517195159
1.516840754328717
1.489690154727944
1.452036082285455
1.429126715101947
1.420680520622215
1.322313886851127
1.248992963781459
1.213794115945765
1.180457298148812
1.154833415041812
1.122832873238118
1.094649872212168
1.05497887021003
1.042284219095656
1.032867456101689
1.017292188850211
1.003666811961436
0.9883939295868174
0.9710672204723195
0.958983954528441
0.9558358646307974
0.9454618507457008
0.9349200835958111
0.9293725977240392
0.9258249908352473
0.9207333444888478
0.9113763090821967
0.9031941752693271
0.8955047179523535
0.8919916265881428
0.8917060271711034
0.8866402737279113
0.877215073193121
0.8671155242390131
0.8596025004969268
0.8586406467781763
0.8548853999081392
0.8505604740752578
0.8415841237699156
0.8352003353605313
0.8289459498167606
0.8267416974493106
0.8255695582806594
0.8246018753517024
0.8225296552419277
0.8196709610966574
0.8153357783170052
0.8123789499894776
0.8096464893461091
0.8082377562229101
0.8070057637437282
0.8065483400011187
0.805296807836042
0.8041531188130101
0.8022240055393063
0.8010508199853873
0.8001509593782382
0.7991336013858344
0.7979820691946026
0.7967290626221192
0.7956635656752207
0.7943145340254573
0.7926106784050536
0.7919805727026856
0.7875492788373024
0.7836672735172773
0.7818195621024481
0.7802611898583224
0.7774173334857725
0.7749753363251458
0.7721814432513427
0.7706362743734296
0.7701647776648046
0.7651260234252579
0.761596242855718
0.7577377667591008
0.7557420365794076
0.7525155055098386
0.7490812972790762
0.7471754514287992
0.7456464092098096
0.7428668627242426
0.7387952825401209
0.7378087202427772
0.7369447259591186
0.7326878561136327
0.7302161600006605
0.7291403339723523
0.7279616066204618
0.7260542156752
0.7251557586371883
0.7246151153486485
0.7231815943551728
0.7230715918924782
0.7224449839623169
0.7206611535147877
0.719534240993727
0.7190288028331632
0.7190031905603934
0.7185883980721195
0.7182410829367596
0.7177916963897727
0.7174533877999608
0.7169634200391219
0.7165712724455668
0.716080998187882
0.7158412881945423
0.7156822092950836
0.715371372134896
0.7151984614346821
0.7150729300540956
0.7149038232950354
0.7146463875286545
0.7143500299310007
0.7141941660968281
0.7140167901386927
0.7138175157643271
0.7136201825058575
0.7134950260538534
0.7134055835708802
0.7130703451636096
0.7129810622875701
0.7127065168155163
0.712317644642917
0.712104824386644
0.711993532144786
0.7118813267576836
0.7117539113796698
0.7114563770285431
0.7112044004953432
0.7109709925351486
0.7107504926798726
0.710411672936208
0.7102821430259009
0.7101960694755608
0.7101142411357433
0.7100457341587986
0.7099426859648673
0.7098776780502638
0.709851212674272
0.7096328888589266
0.7094948678972435
0.7093142854997883
0.7091992261407811
0.709050078125261
0.7086685073816751
0.7083985336227834
0.7081089225201435
0.7072386730501456
0.7069536235087781
0.706785740409357
0.7064727764075998
0.7062053544966919
0.706078415815018
0.7059265305803559
0.7058556301532859
0.7056897952680247
0.7055362009617969
0.7053939978055006
0.7052938213673299
0.7050447247045936
0.7048559810939448
0.7047357882807317
0.7046558450566061
0.7044504331261568
0.7043281333315434
0.7042430713378738
0.7041660506137518
0.7040249407234833
0.7039273493842669
0.7038740006204625
0.7038068591821807
0.7036612886904682
0.7035533846145101
0.7033713551715725
0.7032073991737616
0.7030721147218028
0.7029265551922927
0.7027851954357131
0.702700011688581
0.7025880597178129
0.7024870599164389
0.7023968926239516
0.7022968141156489
0.7022218377582439
0.702158175999795
0.7020765779607619
0.701955273880109
0.7018633149767179
0.7015944828502055
0.7015301232105018
0.7013515035957238
0.7011100699745459
0.7010416521948905
0.7009522764643348
0.7009172597587895
0.7007631597001394
0.700675078432381
0.7006156087511622
0.7004740037162884
0.7003896628272577
0.7001810370968096
0.699981995639367
0.6997363239883702
0.699442037752728
0.6992434701089137
0.6989830616336681
0.6988209095226173
0.6987842177904043
0.6986287076596035
0.6986031578545883
0.6985406329663361
0.6984250716334595
0.6983690271468331
0.6982503233642897
0.6980917589313206
0.6980057701700838
0.6979043220167247
0.6978522684246189
0.6978018691152034
0.6977416250901264
0.6976685732671843
0.6975881237401039
0.6975523567868783
0.6975200560418887
0.6974507139983906
0.6973590281261676
0.6972573079313604
0.6972322163882592
0.69715676554184
0.6970748557244542
0.6969706131716917
0.696936112493578
0.6968893343448292
0.696869653974783
0.6968216292115815
0.6967906276018858
0.6966905940454046
0.69664391064287
0.6966220357960933
0.6965525440668937
0.6965284905472068
0.6964981531702557
0.696389229669851
0.6962797242207303
0.6961660242740698
0.6957054351696766
0.6795172032759967
0.6784248090138787
0.6780472418842763
0.6768544177111958
0.6754756338230806
0.6726659104349471
0.669145133567852
0.6651365487119788
0.6620623497758796
0.6582351478912686
0.6560258215292282
0.6533539537557789
0.6526236048293649
0.6503281316941102
0.648482254837828
0.6475492905865912
0.6467491640665073
0.6452322158482537
0.6419599522881864
0.6406472167006779
0.6403824576963533
0.6378599129963091
0.6366404304120926
0.6346845173894227
0.6339600296280611
0.6338606358148542
0.6334679711063312
0.6325652972812625
0.6313765410614065
0.630489728100065
0.6295647771005225
0.629018637137877
0.6282903077466537
0.6281965576376356
0.6274525761784853
0.6270770014223038
0.6264486607777937
0.6259419901310329
0.6256244648599265
0.6254373476338446
0.6250861181218538
0.6248903530176169
0.6247820976157136
0.6246379575430325
0.6245112759165365
0.6244253417714166
0.6242461792324122
0.6240928620272588
0.6239106249277907
0.6238236536443255
0.6237790339916022
0.623559356509287
0.6234558384764746
0.6233177281575716
0.6231848309856687
0.6230573712768694
0.6229333043378718
0.6228095574238991
0.6226794943966684
0.6225202311283525
0.6222923293027659
0.6221170493670989
0.6220043329939308
0.6217801954380298
0.6217047456574722
0.6216294291962837
0.6214714206979222
0.6212948339038747
0.6211764505895663
0.6210942426619057
0.6209837344907874
0.6209337797291726
0.6208773025413187
0.6207739097757664
0.6207332451513363
0.6207100096554994
0.6206987967914476
0.620640443515556
0.6205928047109226
0.6205774659943712
0.6204601230266802
0.6203741964015677
0.620250191794271
0.6201151557726691
0.6200521912308099
0.6199208112068094
0.6198541631698572
0.619686248522582
0.6195847173971315
0.6194638826716065
0.6194229115677122
0.6193668268986213
0.6193401218652843
0.6193165861101042
0.6191885327740806
0.6191311789849677
0.6190534464449222
0.6190153935063041
0.6189892110107535
0.6188800944570605
0.618842281679055
0.6187914600702906
0.6186952405907616
0.6186463014560537
0.6186312600445577
0.6185606439032981
0.6185061369671867
0.6184497180357293
0.6183954532749411
0.6183351133385609
0.6182839538903935
0.6182102903056371
0.6181527301827014
0.6180811761199758
0.617926164415931
0.6178305423187058
0.6176064746789214
0.6173898946286543
0.6171916104361411
0.6171166675277251
0.6170902204797782
0.6168963999450311
0.616829371001314
