2.315663597918855
2.301217893952694
2.301144664332613
2.301140160834307
2.301129299518009
2.292592684386923
2.291937325733538
2.281827242174694
2.261147619387978
2.22657273065443
2.183456722646739
2.072017199193021
2.011030569146155
1.947685744435888
1.913667637729449
1.906841577454495
1.872903151393361
1.859295787666671
1.848393048447104
1.796908688741671
1.76826076515841
1.757488039696381
1.729629688370967
1.714341219725301
1.695431596975942
1.678473997664688
1.564115067897602
1.434961579625645
1.333943385342562
1.309880521671003
1.27282882151793
1.247253826513266
1.235361273380213
1.208827143485379
1.155679134235966
1.129004102649667
1.091372999807166
1.084694371235814
1.081018402604325
1.057720769401528
1.043760871279471
1.013203657278051
0.993965563020006
0.9890060085813973
0.9844785104690246
0.9685685086466127
0.9408393103533516
0.9312613670029574
0.9235509150813351
0.915063255410408
0.9017449937726272
0.89452168845361
0.8569462283320775
0.8480859075282693
0.8459810825591678
0.8221945604696329
0.8162595582066816
0.8125482172081449
0.8025858286333398
0.7909642087942814
0.7865901577842912
0.7685203717486999
0.7531819930034357
0.7408961254299464
0.7365541573471688
0.7319407726927859
0.7248857442599308
0.7176303033926108
0.710020393837692
0.7031007441622421
0.6984071646718795
0.6929849010055932
0.687875275964686
0.6798840122479958
0.6734001370023125
0.6599653928517328
0.6562323458163083
0.6446590360086338
0.6322462715429463
0.6263870645761378
0.6234624358746509
0.6194123857599301
0.6150615235686073
0.6099856645294018
0.6064904979396923
0.6053104706175374
0.5998390522900809
0.5954678400121775
0.5914073061144354
0.5879664499472749
0.5848596727596297
0.5827386674670795
0.5784623877852031
0.5765683515269336
0.5721674334074421
0.5679676087267472
0.5650514582974944
0.5613278913862049
0.5578716277117024
0.5551225588637541
0.5506150646006208
0.5468406055482858
0.5436528412833493
0.5405719450127413
0.5379701501278432
0.5358024751938582
0.5351154315113403
0.5341692770316339
0.5310829178293001
0.5254468325963679
0.5205649649256783
0.5162963473394405
0.5151385003721568
0.5149317052526928
0.5126323406678127
0.5099621021416159
0.5074366425387254
0.5060330853976251
0.5057866797692635
0.5047504321771639
0.5038130266247656
0.5030583915611129
0.5021459436126512
0.5009592180797691
0.5006051268961014
0.50012413808484
0.4988351009805628
0.4978846543582427
0.4971158222399202
0.4970243471728388
0.4959833285465782
0.4951248787044972
0.4941724393690954
0.4940110830204101
0.4935930585219608
0.4928577101844678
0.4923189909195202
0.4920544186217263
0.4918712299289806
0.491226375829942
0.4908611186831377
0.4905350652767707
0.4901955167116386
0.4900301234156247
0.4898723770412919
0.4896969893165727
0.4895086184422552
0.4893361312734428
0.4887511827859146
0.4883333001099041
0.488115023413634
0.4878072865649813
0.4875035463573772
0.4873890494825959
0.4873437576738361
0.4871192098183144
0.4870344159736976
0.4869027371473318
0.4867922066862675
0.4866714769681618
0.4865824210213891
0.4864318975647905
0.4863043621884401
0.4862121850868044
0.4861801779621068
0.4858769063158836
0.4856988225317002
0.4854920648438516
0.4853050373392359
0.485175883290647
0.485091960200626
0.4847292645616642
0.4845634680147881
0.484532471488713
0.4843286284143374
0.4841625201384966
0.4841130471846005
0.4840585659462289
0.4839905847272668
0.4839301843853188
0.4838925912473823
0.4838209390667473
0.4836653461980977
0.4835154317199012
0.4833911369076729
0.4832400793271039
0.4831092528921674
0.4830522955662583
0.4829205108308975
0.4827659244333912
0.4826929399735928
0.4825514787251452
0.4824972693455161
0.482447074758689
0.4823732062769318
0.4823257128579391
0.4822166324684546
0.4820180165863514
0.4819382564210519
0.481163944726396
0.4808268058721394
0.4806830009061761
0.4804972734572979
0.4804328629018662
0.4803407099583985
0.4803011743120877
0.4802860081959056
0.4802342534716704
0.4801991876536831
0.4801451825818049
0.4800497369438338
0.4799309891780352
0.4798053459353354
0.4797639734567877
0.4796755434109188
0.4795858143812783
0.4794919237245712
0.4793294590805141
0.4789827593987814
0.4786428793611103
0.4783466506983193
0.4779074746177372
0.4778272318103615
0.4777247670866618
0.4776294808853206
0.4775924404996517
0.477548399143613
0.4773541584335294
0.4772947342496962
0.4772176382757689
0.4771480490630932
0.4770613806280607
0.4769065388877589
0.4767000269266345
0.4764628682143545
0.4763197770466252
0.4761349557561276
0.475985299845923
0.4758432067634362
0.475687474491764
0.4755876026359688
0.475460966472681
0.4753427199610744
0.4752239591362731
0.4751279532272267
0.4749783190264828
0.474663108750937
0.4745952203703715
0.4745532325194881
0.4744813255141914
0.4743626637422694
0.4742818930950233
0.474251768574201
0.4742110094440029
0.474120945088695
0.4739209025986724
0.4737981684312615
0.4734189857899444
0.473213893620424
0.4730522146508507
0.472939199626502
0.4728325497053941
0.4726025236993676
0.4723853920922085
0.4721869291114016
0.4720048346903065
0.4719145564987672
0.4717421310702493
0.4716031512788281
0.4714487511097025
0.4712486736142266
0.4711774078119401
0.4710892608325357
0.4710227338514762
0.4709786371648543
0.4708070092297096
0.4707326500217657
0.4706396966542066
0.470562989622595
0.4705166597686354
0.470440104586305
0.4702766943520579
0.4701720234434824
0.4701233538360282
0.4700829250709576
0.4700332270081595
0.4699934154894988
0.469880926073749
0.4697406938296369
0.4696215788407494
0.4694697680617538
0.4694047685274863
0.4693680446982741
0.4691926663121804
0.469136573550258
0.4691190027080137
0.4690810092532256
0.4690410986842924
0.4689931999078366
0.4689558680495091
0.4688982381887266
0.4688610203591373
0.4688206937805579
0.4687692344631951
0.4687269424301775
0.4687033713436044
0.4686283496724852
0.4684563304161641
0.468251900791373
0.4680389746979248
0.4677881889513845
0.4677762102490861
0.4677539963186894
0.4677296626848187
0.4676801332159397
0.4676199735159067
0.4675541173164454
0.4675235189931551
0.4674839952309736
0.4674557567256145
0.4674185081371894
0.4673835688610453
0.4673477861006052
0.4672463821954755
0.4669351555176969
0.4663927002989594
0.4662955107794207
0.4658964477346281
0.4653889870969702
0.4652236331610651
0.4650207706031067
0.4649296044874189
0.4648060704029139
0.4646056142448108
0.464479840446346
0.4643769343299792
0.4642445421570347
0.4641264095775154
0.4640454067661341
0.4639395218327035
0.4638440658864279
0.4637149444305314
0.4636612391297277
0.4636279225410653
0.4634853462475918
0.4634562504169512
0.4634373593696067
0.4633086506509732
0.463246831285984
0.4632289863333544
0.4630951748064879
0.463025474205
0.4629816313841277
0.4628802507353802
0.4627537016839564
0.4626635318179339
0.4625796721600914
0.4624830424992185
0.4623849522370476
0.4622517617261873
0.4622000672056107
0.4621325973874291
0.4620861565786084
0.4620622113018196
0.4620244966428099
0.4620137381192785
0.461998727990145
0.46191056690757
0.4618447072831485
0.4617728044208005
0.4617507338111453
0.4617197492111202
0.4617039297709279
0.4616723013829026
0.4616479407106753
0.4616107652273863
0.4615702852843278
0.4615500258355972
0.461542497269775
0.4614930909560237
0.461461560288119
0.4614494719577509
0.4614283826172803
0.4614079413226145
0.4613903069394664
0.4613697284252377
0.4613291919490326
0.461272283973245
0.4612376510462507
0.4612167406573824
0.4612036510348029
0.4611919184042607
0.4611736643937748
0.4611608544422834
0.4611455376974796
0.4611275567774002
0.461112009436689
0.4610593586504642
0.4609324668162069
0.4607840924275806
0.4606981853690062
