2.335684704300704
2.307895659683714
2.301594040252491
2.301352547488479
2.301247948451697
2.301243925468312
2.300823716679671
2.298215146994699
2.297001575150794
2.294563560112404
2.286564836283028
2.281955940217957
2.273244959086305
2.233682081297121
2.117396874763936
1.990725129363201
1.865495873720975
1.803425947880028
1.784937750521189
1.648022941823797
1.594671364023057
1.532277048787303
1.504375037365376
1.464823807199001
1.451155194733411
1.43281549865609
1.413010663272696
1.375531735686959
1.319169309007879
1.269481068405354
1.24764556760019
1.23836786567595
1.193473645126349
1.10629706409043
1.06359886373467
1.053248119179797
1.035098557396503
1.023914653662277
1.00959523604948
0.9891991254447945
0.9720921432938141
0.958052288259469
0.9222826046357672
0.8809061297266381
0.8350397596530941
0.8131205778219993
0.798455035853109
0.7797357126652044
0.7603273243220318
0.7441490154314659
0.7280294189897656
0.7127689119884899
0.7000437025474158
0.6853174358253645
0.6745831646086616
0.6655855062234191
0.651062361783589
0.6450051667492193
0.6393019574947906
0.6347807349159292
0.6264256980970542
0.6204807160140143
0.6173792913255123
0.6101985611569481
0.6026583146765088
0.5978480108982372
0.5953756178514085
0.5901804648994069
0.5850795839276692
0.5820826572184102
0.5768322370599134
0.569917023739513
0.5639620942012856
0.5612053551402183
0.5600913897530786
0.5574708570084099
0.5511086894937109
0.5438134466679577
0.5382154640522666
0.5351981996453247
0.5299499706857173
0.5250595462041061
0.520821418116637
0.5162526696091991
0.5145403765287394
0.5129260636336098
0.5102742793220386
0.5091836365280509
0.5088205344072054
0.5065591755914741
0.5034789610381563
0.5020966658076863
0.5007355025508791
0.4989485529981579
0.4968113073605674
0.4958728350732619
0.4946460855456161
0.4938702333605657
0.4908554895825823
0.4887446426250033
0.4859202615528004
0.4834402031244664
0.4817239504935075
0.4800349109081225
0.4785779600151435
0.4764586499492517
0.4755340872281109
0.4740884651426139
0.4724416709493406
0.471851399607316
0.4709628470220563
0.4702472739085892
0.4692598171842577
0.468430987784509
0.4670640587317212
0.4662696163043257
0.4655879606287397
0.4647879442721418
0.4644001749213102
0.4635587672267092
0.4621712434537856
0.4611210634206662
0.4600925446948803
0.4596774491026084
0.4586075383147166
0.4578944159693294
0.4578020736837447
0.4577159045845443
0.4570539636645727
0.4567939017346545
0.4567182609976381
0.4560457428760974
0.4558466250488785
0.4555250222306491
0.4553285572403713
0.4552259964609897
0.4549288236289762
0.4548076701011801
0.45465703776094
0.4545055045774443
0.4543773064644911
0.4542301164345482
0.453925044665391
0.4538455123005652
0.4537911483048525
0.4535288723015564
0.4533826817506971
0.4533246914219325
0.4532311590098925
0.4531813879690498
0.453129152718848
0.4528374789528768
0.4527371781007576
0.4527201718173381
0.4526940939091149
0.4524396055441664
0.4523794147460982
0.4522402074815532
0.4520364531827339
0.451910353637584
0.4517795231983491
0.4515796107937801
0.4514102203089903
0.4513637966633559
0.4512946674025529
0.451255694419183
0.4511945818142872
0.4511328304638799
0.4510346401441384
0.4510001252866128
0.4508835469813037
0.4507697972517346
0.4506495601001543
0.4506092764397855
0.4505603187081237
0.4505039412451632
0.4502731568840133
0.4501549411679326
0.4500268256533533
0.4497444643263087
0.4493855732855223
0.4492622930866493
0.4491032894403815
0.4489968248721221
0.4489344403199827
0.4487938095482419
0.4487264443587845
0.448636461866962
0.4485360417276342
0.4485065000715074
0.4484695039086466
0.4483887059213453
0.4482616356941904
0.4481130626337305
0.4479352945765109
0.4477681839854422
0.447708231079388
0.4476725788214447
0.4475685041378538
0.4474929212581853
0.4474289225168938
0.4473556834370056
0.4472725550475441
0.4472222356405918
0.447187620449379
0.4471095744734401
0.4470566089777379
0.4470164626840301
0.446877238921853
0.4468398319961971
0.446753826833297
0.4467083961716333
0.4466018340015856
0.4465298736084031
0.4464361686489167
0.4463974877203613
0.4463630930187627
0.4463164551958379
0.4462769834918575
0.4462232368545609
0.446187168493407
0.4461348286551483
0.4460818378644243
0.4460605186752373
0.4460399494323883
0.4460089465079761
0.445985088130836
0.4459078131040619
0.445826480892199
0.4457475519003136
0.4455028931289794
0.4453166877205812
0.4451092684679326
0.4444811108343603
0.4437483292960265
0.443524437155782
0.4433520543788685
0.443133478506224
0.443052228404532
0.4430072421485722
0.4429057374113413
0.4428388299860489
0.4427611876522611
0.4425003342339176
0.4424151506490616
0.4423274892389393
0.4422354941745419
0.442149034876574
0.4418602229698136
0.4417132114056984
0.4415364073515095
0.4413802728133071
0.4412100795865896
0.4410408115007247
0.4406975617868051
0.4405071102559533
0.4402210808329256
0.4400750073610501
0.4398948520117285
0.4398273286003577
0.4397430069058209
0.4397046723415567
0.4396139519806891
0.4395212713970239
0.4394022544012921
0.4393178211048566
0.439233639041195
0.4391254847812806
0.4390157479075616
0.4389478907421693
0.4389142982922956
0.438869796088143
0.4388304538622678
0.4388039781431425
0.438786208510685
0.4387626420575912
0.4387428505857557
0.4387232281576756
0.4386631948780187
0.4385683455950113
0.438313459238311
0.4380670753631665
0.4377070912700236
0.4374407780197413
0.4371368943786889
0.4368170714997466
0.4366414428303878
0.4364514121659663
0.4361734420267868
0.4359104163374368
0.4358565928659717
0.4357714221005514
0.4357496963551927
0.4356769897794759
0.435582450363888
0.4355153565428693
0.4354867965477887
0.435394077353223
0.4352940055282548
0.4350843684946095
0.4349790020333146
0.4348242609361943
0.4347077547221507
0.4343790697558212
0.4342155518328298
0.4340131332401478
0.4339279368782179
0.4338047089277066
0.4337251968923904
0.4336384776929431
0.4336012350418199
0.4335478485685975
0.4335034845565517
0.4334523424090257
0.4334145699608781
0.4333420428365918
0.433242891436927
0.4331021639873638
0.4329691568951454
0.4329127169139068
0.4328503373529607
0.4328086970667746
0.4327766344406172
0.4326988309889553
0.4326699615951837
0.4326296421973438
0.4325914624444877
0.4325564148327608
0.4324604957156176
0.4323798792179587
0.4322843422863082
0.432157446980394
0.4320733907728718
0.43203262475154
0.4319792965770844
0.4319378636610106
0.4318960744005947
0.4318364025149695
0.431818810050651
0.4317986442903337
0.4317494344815225
0.4316791097318758
0.4316177017885107
0.4315483280195205
0.4315194493200417
0.4315109010564245
0.4314349320785501
0.4314155432491145
0.4313957005146803
0.4313501621433003
0.4312901936300945
0.431259233151767
0.4312321842476343
0.4312033490323274
0.4311836843179505
0.4311666379641965
0.4311104552845166
0.4310595855930133
0.431006769347872
0.4309066291062041
0.4306616038610585
0.4303876464353116
0.4300337040821799
0.4299135122610282
0.4299014930070131
0.4297965716554478
0.429738282599921
0.429704787399087
0.4296311804422233
0.4295847681682159
0.4294674052479073
0.429417654881708
0.4294162837866913
0.4293309412602979
0.429293053675212
0.4292385101567259
0.4292207845500967
0.4291669994085128
0.4291001455955796
0.4290195123379887
0.4289519869947534
0.4288795536117815
0.4288520117438913
0.4288203544603091
0.4287918784411169
0.4287106375271916
0.4285196614440306
0.4284118132325784
0.4282830535023124
0.4282320004813843
0.4281686167107843
0.4281384898239218
0.4280566814267825
0.4280290798816554
0.4279626979375105
0.4279096465404811
0.4278519587221853
0.4277698033347986
0.427746821130838
0.4276781094549362
0.4276447160557673
