2.305800492699015
2.301090058184114
2.3010790580792
2.301078995292908
2.301078913693676
2.301078821119886
2.301078403636772
2.301076693352696
2.301065205318659
2.301041286831238
2.301021890332986
2.301015950969471
2.301006272884591
2.301003009138454
2.300989268892903
2.259499660554631
2.259486935095676
2.250769561423658
2.179406091761581
2.086926479670666
2.048417802057301
2.024090126482519
2.001277049469675
1.965764438400563
1.943285141862198
1.931001178928231
1.922080111683214
1.85743258629646
1.768105537353378
1.712418908627477
1.647231158959083
1.570966307492333
1.541230902538592
1.495701971365328
1.459884529424983
1.440802719178744
1.417881714624051
1.372693376406434
1.341280925726756
1.327182661821161
1.325237034474018
1.31857321131633
1.300430531229815
1.293667920263427
1.285346744539996
1.278190917384626
1.27254897014391
1.265502757732097
1.258290620580595
1.253151563484358
1.244442704175393
1.23974822814104
1.23383928353047
1.233365590367256
1.229013743275221
1.2188319058653
1.212046910944362
1.204803589797396
1.198515560952275
1.197268029035795
1.194175331220347
1.191678371475242
1.190178520802573
1.186862292954151
1.184107745375607
1.183212059703647
1.178271140147895
1.176169900461825
1.170886439571306
1.160279536109015
1.147525471583265
1.130457448385481
1.12587953198011
1.114367840338186
1.106412996113603
1.091808330329175
1.084313672648453
1.077160779814557
1.067687110870916
1.058320072281192
1.054626923160944
1.051936392230562
1.049883359250703
1.045464732567751
1.041046369445273
1.038455721095883
1.034669692100862
1.031512042696858
1.029087876514938
1.027607809061429
1.024760780927863
1.019102537711452
1.016624845350969
1.010586452449393
1.008407751766111
1.001594936118586
0.9956897214490757
0.9912011229199863
0.9874821273684945
0.983250904160356
0.9822604154097705
0.9809888318074275
0.9795035892005205
0.9728663296771599
0.9688522039328917
0.9687640205216141
0.967522483802824
0.9641296383454735
0.9624449494294134
0.9618664043569382
0.960426121442111
0.9592355771936938
0.9582628564457021
0.957114929101567
0.9557371951956788
0.9539457682235291
0.9534276154762616
0.9532071254576345
0.9517035493817557
0.9511432011474963
0.9508579073048607
0.950213476320475
0.9493061482726666
0.948767413431873
0.9483253529191444
0.9476987869646002
0.9472677767886782
0.9468375223413837
0.9461438676687589
0.9451201617374206
0.9447803131729987
0.9441146182199726
0.9433647212474464
0.9426855917250778
0.9418186862692859
0.9412216840019626
0.9401549556924806
0.939461295691965
0.9391276331327908
0.93859344142007
0.9377424338990967
0.9359244729345561
0.9345739464126825
0.9333575192161765
0.9330735888143993
0.9328436667785485
0.9321195293287197
0.9319030597357625
0.9316022646204319
0.9312793342837965
0.9307671426165794
0.9306846453824418
0.9306561936686238
0.9301109053162175
0.9298317261217759
0.9293669200624269
0.9290820072293328
0.9289404701298791
0.9287041347391268
0.9284187424251803
0.9281014745525126
0.9277997514876262
0.9277329755994633
0.9274473109151802
0.9272253820273305
0.9268995705133047
0.9265742681099974
0.9263472633354487
0.9261974136574945
0.9259353808402258
0.9258455472666035
0.9257358764880458
0.9256682164865825
0.9255156011598346
0.9253077674370973
0.9251988781408792
0.9251218331090946
0.9248736682604798
0.9233436273879966
0.9229129511146889
0.9212839888855097
0.9210072070110206
0.9200372389057119
0.9181866498122389
0.9177285253457081
0.9164778103593562
0.9164371436398041
0.9155120483977561
0.9149575502356005
0.9143114136966255
0.9140042619745884
0.9137149861096691
0.9127356383550139
0.9124869847262724
0.912112615197606
0.9117693872351733
0.9115494582332807
0.9110968895671824
0.9109668114531075
0.9108784448226505
0.9106027521677142
0.9103845822942891
0.9102829004692092
0.9099195057404419
0.9096849886080178
0.909260569234575
0.9090581422893188
0.9089433299571673
0.9086901537367703
0.9084810226537063
0.9081173224591514
0.907918599758783
0.9077339254756386
0.90732953154222
0.9072252526786451
0.9071885637262244
0.9070388177197093
0.9069851882688129
0.9069660363069503
0.9068735944289028
0.9067930337176719
0.9067649218017492
0.9067188408683874
0.9066909847887423
0.9066230498022244
0.9065749847406086
0.9064829307866231
0.9063990459703888
0.9063730896329512
0.9063194950913158
0.9062423401081352
0.906164360639382
0.9060920313572886
0.9060195680687637
0.9059014240133756
0.905760402221873
0.9055947026932152
0.9055060713800941
0.9054505709135604
0.9054428719457993
0.9053980187864518
0.9053563517087188
0.9053420679739119
0.9052779232581957
0.9052344801445108
0.9051306972662722
0.9050887023155553
0.9050619248502239
0.905024291875356
0.9050027254028949
0.9049773476417574
0.9049665040448434
0.9048814184815119
0.9048501181346019
0.904822357926671
0.9047783716405414
0.9047451886836472
0.9047216303904007
0.9046314356160623
0.9046061838638551
0.9045411818330505
0.9042791018328808
0.9042369445632115
0.9041921609439069
0.9041348225986814
0.9041065039431891
0.9040912203318408
0.9040246286670599
0.9039611958621432
0.9039388935210785
0.9039043187986217
0.9038857399683424
0.9038728032773532
0.9038396329169869
0.9038192681466359
0.9038114429786388
0.9037771981832585
0.9037510876175392
0.9037410506006982
0.9036833431917929
0.9036685309209288
0.9036241680343123
0.9036093909430756
0.9035754815985808
0.9035562355113953
0.9035317858848524
0.9035088360621485
0.9034279441971697
0.9034039307575817
0.9033892296581127
0.9032566108601988
0.9031997436187718
0.9031740774497936
0.9031558860245446
0.9031457846860127
0.9031208505588021
0.9031166870879943
0.9031041746286932
0.9030928427945899
0.9030647834331135
0.9030517686064743
0.9030085821930833
0.9029922807645925
0.9029368947211018
0.9027464755245258
0.9027262082241783
0.9027034624648889
0.9026775896037099
0.9026235175106564
0.9025933719433714
0.902579765009664
0.9025448299267652
0.9024710590608247
0.9024284063006489
0.9024141553551565
0.9023713646869003
0.9023646389496409
0.9023578172819977
0.9023426474707148
0.9023366362999538
0.9023324367934019
0.9023273673456822
0.9023186940485853
0.9023045716047376
0.902297126665991
0.9022945585565725
0.9022665048767976
0.9022447833145796
0.9022377808236199
0.9022018050496193
0.9021718983509621
0.9021552147760186
0.9021452415591429
0.9021098161121703
0.9021072458183607
0.9020827277399187
0.9020699693064779
0.9020183809996798
0.9020035734781169
0.9019713433259743
0.9019337347834792
0.9018268708986664
0.9018190659121156
0.9018128378081011
0.9017928524958898
0.9017692265647012
0.9017423101627094
0.9017241924636754
0.9017184254840607
0.901613799735579
0.9015669424035405
0.9015134256328761
0.9012640120170871
0.9010527974589785
0.9009049805221055
0.9007118907254286
0.9004709401464729
0.9003012263309771
0.9002276871064012
0.9001518141516813
0.9001212655511618
0.9000416891945973
0.90000685089055
0.8999525272948634
0.8999255037714262
0.8998896302226791
0.899863880555983
0.8997343887026286
0.8996971078655279
0.8996460765674864
0.8996300186367021
0.8996073652800886
0.8995871777604759
0.8995705951008797
0.8995303166926781
0.8994822566671151
0.8994630040066444
0.8993805515825171
0.8993623411217894
0.89935146388904
0.8993259200930862
0.8993012577226873
0.8992886990301785
0.8992764202055747
0.8992298655857413
0.899216891706649
0.8992112376920638
0.8991931225921262
0.8991808691846086
0.8991601288180424
0.8991529680496186
0.8991443953426008
0.8991396141933564
0.8991343055254748
0.899125820159711
0.8991180095089496
0.8991152294846583
0.8991051627608972
0.899099982857821
0.8990948918842414
0.8990776524892991
