2.309566996046314
2.301530232948842
2.301210653452196
2.301208090914077
2.301185437101553
2.299720905622726
2.299520452623746
2.29836878838432
2.282792417741792
2.28233804954439
2.245802170636384
2.169119027622103
2.121511424109469
2.031257500310742
1.973874989776212
1.842424488656253
1.694725139144649
1.621457189588491
1.584040090867078
1.556895370439733
1.450291501011103
1.388405958029129
1.368338195031055
1.344496180736694
1.32506479235237
1.24855977828494
1.181075238607911
1.142430755873374
1.124293388044046
1.076899475370006
1.053324329913715
1.040057722415255
1.030406746362397
1.013896779700508
0.9945529029503317
0.987673277334375
0.9814408193397002
0.960080238693736
0.9448586983524138
0.9380349898427979
0.9336997830589707
0.9203533443884661
0.9021449279794237
0.8954670542682919
0.887614883592853
0.8811873138189595
0.8710406588778897
0.8620221603486273
0.855124417203624
0.8457206946891015
0.826185746090595
0.8007787704533644
0.7824106697806589
0.7313966273557544
0.7196743059672603
0.697285537926905
0.6806334656603877
0.668444846988494
0.6610518630988119
0.6504326057481338
0.6418625739241143
0.6414034623893312
0.640240435268827
0.6331918413285829
0.6269092802709693
0.620820335144271
0.6159190284736948
0.611133966622955
0.6092553740556966
0.6052447071064657
0.6032146488129696
0.6000476024608483
0.5958130354935998
0.5916501593434924
0.5879397566604406
0.5802194128702081
0.5717209583340978
0.5615058023479641
0.5598764634395588
0.5536187918472871
0.5393406050995578
0.537238304381403
0.5368523872834147
0.5201659186704588
0.513882444407164
0.50571807323632
0.5032913408534296
0.5015230315098643
0.500573041118382
0.4994619443975439
0.4936982585002274
0.4898614532530579
0.4857391567322022
0.4809962571429607
0.4742915034678345
0.4719399828247404
0.471047657446477
0.4688801727974714
0.4658785097056018
0.46223800047595
0.4593402603455988
0.4557441158028489
0.4514072091528185
0.4487340176490298
0.4470930849236744
0.4448200871439031
0.442686274750083
0.4397516433828706
0.4375646919830231
0.4369038887748981
0.4350617337371525
0.4338869804319302
0.4327215975558057
0.431841558862942
0.4310715938523093
0.4291748411612166
0.427705219739196
0.4264579862757262
0.4260534545456988
0.4252057317711428
0.4237155559159256
0.4224426281234842
0.420998622267548
0.4204731392150582
0.4196608163024408
0.4186143704983726
0.4177622505283858
0.4170843454613505
0.4165996152788815
0.4160516833698847
0.4153579079191621
0.4150438030135364
0.4145914167137714
0.4141115018850908
0.4136339752208825
0.4131935792620014
0.4129541382906899
0.4127320878611629
0.4124153439902634
0.4120131023478498
0.4118101790403976
0.4115556710735347
0.4113885843137312
0.4112084891410575
0.4109411313134722
0.410860883882909
0.4105718499878204
0.41030093587953
0.4099333599556378
0.4097115664306797
0.4093890652465138
0.4092538376382659
0.4090791489227029
0.40897367601743
0.4088773124577014
0.4087566546909699
0.4086976040147711
0.4086386191003694
0.4085682575000104
0.4085041861627778
0.4084276813084667
0.4083407082974366
0.4082750522190738
0.4081914636358898
0.4081582716683407
0.4081353884868581
0.4080517291031623
0.4079959550180809
0.40792568625544
0.4077862293240377
0.407625353410119
0.4072299818604687
0.4067765567083979
0.4062061136883635
0.4056760182551763
0.4053133403070592
0.4050617906572286
0.4046587658235663
0.4043141653534907
0.4041645135058406
0.4038783508578629
0.403636776620328
0.403467962829458
0.4032115658308169
0.4030833463348608
0.4029767111535354
0.4028297435967126
0.4027424562809407
0.4026427782728803
0.4025328910978192
0.4024666722635586
0.4024122843922139
0.4023146933950192
0.4022509076760437
0.4022062179286529
0.4021297579959301
0.4019067476267835
0.4017814361545682
0.4016301325684348
0.4015067500373483
0.4010495038223453
0.4006424900658436
0.4000871272237546
0.3994333619124252
0.3989886765172958
0.398421352321698
0.3978452182259783
0.397315659109077
0.396902385988884
0.3967166958980541
0.3964765849872461
0.3959039727513632
0.3957482552507718
0.3956021391034387
0.3954766126416173
0.3952982143190272
0.3951383931548644
0.3950027325298852
0.3948129771516117
0.3947540110938285
0.3947089582112145
0.3946494570056543
0.394525235202809
0.3944514057376012
0.3942604362972372
0.3941779879981752
0.3940133017923533
0.3938211635287172
0.3937171841145449
0.3936708129372409
0.39355752550301
0.393482393777172
0.3934671530115098
0.3933775771591238
0.3933367725148372
0.3933019304474332
0.3932751527149883
0.3932248378587703
0.3931741413582884
0.3929076463825898
0.392759293089628
0.3926263885675912
0.3922930903508139
0.3920473142289382
0.3919903788545988
0.3916917813743436
0.3909127265353309
0.3904816885513409
0.3902492717900677
0.3896523818127087
0.3892289062458146
0.3891042896245592
0.3888475160628819
0.3887767317929656
0.3887578863341035
0.3885446992756641
0.3883563324415319
0.3882300088771096
0.3881381988434281
0.3879406153905299
0.3877510502251671
0.387629007024503
0.3874914651342563
0.3873778295914324
0.3872381951279452
0.3871194787042306
0.3869930812528515
0.3868419192449794
0.386748008316315
0.3866722196129087
0.386569872843741
0.3865303811590077
0.3864910255191127
0.386432986280815
0.3864023978374069
0.3863649871321393
0.3863067377981882
0.3862482402674214
0.3862025919867066
0.3861509406666498
0.3860175478880093
0.385871555501768
0.3857099464069282
0.3855558373208381
0.3854924149827014
0.3854440839005948
0.3853677498792117
0.3853171272869754
0.3852809760650791
0.3852294414185733
0.3852082862631056
0.3851654790512024
0.3850759913196412
0.3849885851094881
0.3848586255683994
0.3847789449241874
0.3846927077716906
0.3844609286358224
0.3842875995673474
0.3842225905360253
0.3841327728192445
0.3840686720909731
0.3840112071410719
0.3838119827135169
0.3837485293068568
0.3836638703406264
0.3835895918793384
0.3835059553911324
0.3834242182002168
0.3832581175523948
0.3830610674100273
0.3828867956123097
0.3827368226867813
0.3826292922270353
0.3825374863516802
0.382283574827026
0.3820335150376083
0.3819659639222704
0.3817449979653459
0.3816122690119624
0.3814949081194571
0.3813561409539787
0.3812456937143318
0.3811715320544838
0.381089541598146
0.3810064228428346
0.3809177733956259
0.3808210202227019
0.380799008761003
0.3807726532452412
0.3807026026107634
0.3806640312518424
0.3806413862562752
0.3805685641567287
0.3805175134100163
0.3804866028135556
0.3804095645771205
0.3803361785852195
0.3802668654588473
0.3802311513456597
0.3802061679054436
0.3801671625209052
0.3801512780068643
0.3801310090959549
0.3801186171350218
0.3800868337580135
0.3800526960693801
0.3800244281273816
0.3800010959685426
0.3799680374590568
0.3799336910769207
0.3799016501405948
0.3798919740386995
0.3798743580985046
0.379768324489571
0.3797301817166198
0.3796881062109308
0.3796625262562165
0.3796550930997857
0.3795951862392727
0.3795357965685487
0.3794972167211955
0.3794169019508162
0.3791916300522795
0.3791393684487145
0.3791128243325079
0.3790980256098893
0.3790658468227153
0.3790394142483998
0.3789314461083914
0.3786221621918123
0.3784654388793225
0.37815255569169
0.3777294926866296
0.3775116565369432
0.3773563642808915
0.3772250905427543
0.3770980324739835
0.3770295614022691
0.3769638993257678
0.3769106743775279
0.3768725226468737
0.3768278161554817
0.3767844233737401
0.3767244354460094
0.3766873827195181
0.3766322387899077
0.3766003067702564
0.3765618258746511
0.3765203441978315
0.3764856335616768
0.3764369138447895
0.3763875233486814
0.3763403026805964
0.3762203986754554
0.3761945971475848
0.3760925276377845
0.376056693019354
0.376033199145134
0.376012713878099
0.3759997932838317
