2.33169082940272
2.30478003718571
2.301869334849027
2.301157175780265
2.301128639784542
2.301128206527854
2.301040479423219
2.300936727217798
2.300934588017993
2.300908939710428
2.294879784673932
2.294786740372706
2.223195200608219
2.219391374017764
2.084249204216738
1.956121789223105
1.915669186617476
1.880831623760619
1.870315677210071
1.8461122061616
1.825356596116449
1.777297925967623
1.751043183644375
1.716002688291286
1.686452320937995
1.665846437485957
1.656453987272509
1.62174140827507
1.588661835484797
1.575246758722939
1.574236471778923
1.563028959834603
1.5535936234962
1.541311590583313
1.531506286770772
1.507035406421916
1.464135033090149
1.430837863921762
1.39478762232105
1.369073196049733
1.353147929098802
1.332763496632607
1.30016521786064
1.264453869928895
1.239979078193005
1.231154759278692
1.21523583188154
1.201966402069051
1.192165717027494
1.188586186410055
1.184255352329167
1.171218627780235
1.157350425642911
1.147360786126811
1.136715093981688
1.12688169399908
1.120582136678252
1.107793183239755
1.097231121479177
1.087963873446894
1.076629156072362
1.065601933744807
1.050795238497968
1.0297702732242
1.015340444356774
0.9891626202933148
0.9728310090216885
0.9609948395438986
0.9531611842651609
0.9366703413893857
0.9240980495190764
0.9132837047429778
0.9081280892109626
0.898092720521537
0.8898280747880025
0.8763302135380795
0.874074689319135
0.8726690138855665
0.8635154505321497
0.856983894609272
0.843065114928744
0.8325081483180705
0.8299891511134666
0.8271720147927747
0.8217281959163271
0.8188064341496576
0.8136222456659818
0.8120240375584625
0.8110773079290594
0.8075886671701161
0.8024490316165273
0.7986068188171018
0.7963961951360008
0.793247974588923
0.790777934865257
0.7872247375722077
0.7845066578688724
0.7811529582329446
0.7798203271053719
0.7787854808447008
0.777906012699677
0.7770063813985324
0.7752485242245277
0.7737222541410144
0.7718345176712182
0.7708692659855706
0.7706943747103798
0.7699809338492011
0.7694128611103339
0.768918613314479
0.7680341391425303
0.7670695665778996
0.7663882380715825
0.7660717179415196
0.7660189174679803
0.7652373108299207
0.7650405079951432
0.7647083742104279
0.7644657211809081
0.7642252299984411
0.7637506683413492
0.7632523719981541
0.7626905151520856
0.7617442692914201
0.7612898234836095
0.7609325209330506
0.7600444556915397
0.7597815733316784
0.7595338963296969
0.759229604669842
0.7589455959061373
0.7585688474073223
0.7583478959359065
0.7579714001626092
0.7576081404439069
0.7573407089608086
0.7569712262102652
0.7566129870465289
0.7564425112311786
0.7562458945351751
0.7560293305663647
0.7559083861002738
0.7558323989570782
0.7555944275438008
0.7554569608659862
0.7554008442617897
0.7552196439434903
0.755095662495779
0.7550243574003698
0.7548023898485904
0.7545824849066879
0.7544661545364034
0.7544500578637738
0.7538972710059756
0.7533290137789356
0.752663888404816
0.7518411922843199
0.7515681582927543
0.7513830733033261
0.7511752987994068
0.751040914041289
0.7508370820382587
0.7506249498546674
0.7504869965199721
0.75027517274216
0.7501595037035105
0.7500546529983595
0.7497508996699814
0.7494620453734249
0.749222727837649
0.7490822541843573
0.7486587742353717
0.7485050038599818
0.7484280879004342
0.7483053803703384
0.7482021353200032
0.7480984446707727
0.7478738535443233
0.7473687683133962
0.7467339861349545
0.7459839811752469
0.745303749721816
0.7448563577522047
0.7429278703054847
0.7410698303905681
0.7395423895992851
0.7379928286314422
0.7330803142995077
0.729119156279605
0.7225069364148541
0.7183128767091752
0.7155993286462874
0.7115860509410826
0.7051744201937099
0.7015487243607271
0.7004944240547432
0.6992171553642929
0.6957317838343832
0.6908175446128729
0.6870216464127453
0.6831897423301757
0.6795479920146149
0.6775549590922798
0.6765896314273649
0.6763946802419554
0.6720829973083694
0.6685372781739006
0.6659288593958675
0.6645404489672555
0.6639115620067925
0.6608226933059907
0.6589863427758054
0.6574133382118786
0.6565256561808156
0.6544127313808632
0.6539464083973419
0.6528244365109651
0.6516957911084658
0.651081927806251
0.6497852175631699
0.6488106368771668
0.648451496441938
0.6478562680913699
0.6466245414692462
0.6461882967461792
0.6459443900766975
0.6450168544168962
0.6445695157863766
0.6444045205690875
0.6437487990892011
0.6434631123843421
0.6431209446848852
0.6426837352922848
0.6424866967101792
0.6423149139697499
0.6420757196780051
0.6418839380536729
0.6417699632560965
0.6417157305710405
0.6414785502785687
0.6413870314558276
0.6413097889364399
0.6411797075941396
0.64105480901194
0.6409365545624163
0.6408169873656072
0.640415670698443
0.6402444577602181
0.6399922993305641
0.6397614734036048
0.6396888911456535
0.6396051255108691
0.6393706336582607
0.6392046768068642
0.6389868355070879
0.6387114874951091
0.6384309806154882
0.6379413281440542
0.6376973170263248
0.6375755821360991
0.6374555250971724
0.6371152531382727
0.6370424621829129
0.6368856319614737
0.6367391704042802
0.6365699446745153
0.6363833891728302
0.6363012973467708
0.6362497419205334
0.6360108652055666
0.6359568219203119
0.6358055827085598
0.6356025025908622
0.6354600143963066
0.6353351636531132
0.6351790250312156
0.6349727156078375
0.6349262832135077
0.6348598368462537
0.6348102341781002
0.6346476374831098
0.6344569899291727
0.6343252812959459
0.6342449085045568
0.6339605148186107
0.6336704340784983
0.6333682743952085
0.6330547802610738
0.6327781202588032
0.6325098532523437
0.6323440921678177
0.632266465546745
0.6315188542763962
0.6310940788576627
0.6310089452305742
0.6299206055162186
0.6293689338408519
0.6292682663372219
0.6287230265253103
0.6284317062238
0.6282352016478854
0.6281389480274577
0.62778660922909
0.6276400882004466
0.627567849382202
0.6273438801956583
0.6272104245265752
0.6271537553894702
0.6269854438602549
0.6268744461801643
0.6267145533202626
0.6266210802739151
0.6265607750584106
0.6264091259014763
0.6262656179531113
0.6260901406355215
0.6259212359161236
0.6257309130475065
0.6255372682949919
0.6254139373182523
0.6253140200326497
0.625100636388307
0.6249341427338473
0.6248174707583936
0.6245827218284499
0.6244449464657861
0.6243215100871428
0.6242686177002097
0.6241877893642355
0.6241140339283399
0.6240532505576996
0.6238711522334079
0.6233922089911086
0.6229720229037891
0.6224909612298218
0.6221743160616331
0.6215530816682382
0.6209361370259854
0.6206793616525945
0.6204430365768574
0.6200961461238156
0.6198237457765475
0.6196104957063634
0.6190736163006683
0.6188130225157584
0.6186203683549043
0.618302810006081
0.6181441712847505
0.6181199038048146
0.6180030907948546
0.6179411494517594
0.6178440232695906
0.6176744595748369
0.6176077374950507
0.6173885481834318
0.6173001112198732
0.6172175185589844
0.6170377084723848
0.6168355547935536
0.6167178464694988
0.6166674062113029
0.6164653760573923
0.6164112551556931
0.6163768453132095
0.616240680429319
0.6161429137542568
0.6160374312593467
0.6159001098195579
0.6158181706719692
0.6156963269498013
0.6155899440790547
0.6155201679476239
0.6154833059126837
0.6153780082461254
0.6153156289140006
0.6151983295849709
0.6151195636422442
0.6149537389310836
0.6147501650418772
0.6143645650156958
0.6142338375633674
0.6140512743036547
0.6139506107980974
0.613919206912507
0.6137900140105689
0.6137307348690993
0.6137090893245479
0.6135071840450789
0.6134580444663641
0.6133876947503502
0.6133229558789511
0.6131941598270109
0.6131265240206163
0.6128665562095136
0.6127190328513022
0.6126151037586977
0.6125769522214755
0.6125223814047246
0.6125039234224562
0.6124953623034444
0.612438044296485
