2.334949686536606
2.303276469220966
2.303193339583511
2.301212841183989
2.301204138736954
2.30117746196961
2.300123834498224
2.299667674278495
2.299656617223849
2.298973710062162
2.296470867974779
2.281345179409215
2.280831825981866
2.151784467944442
2.090113559052791
1.980301563228904
1.891179943866154
1.854902654057266
1.825743098683182
1.734984970003689
1.677305409396776
1.640682020764326
1.584414209067833
1.542465138424763
1.515765899935617
1.476240787779764
1.3642328091777
1.250744424654053
1.229235016872742
1.191707868004866
1.164330741979821
1.14222170686128
1.114220477473114
1.094907876638712
1.084042724958538
1.050348467777534
1.042837796218559
1.042064572492577
1.026715337355995
1.017664326268646
1.010315614228213
0.9976459463737459
0.9871889252564487
0.9792174285052336
0.962987153431397
0.9493243618498992
0.940797355968099
0.9285774743893889
0.9221254801271865
0.9133624645561919
0.8984334535504372
0.8864469538015614
0.8816251876310353
0.869134695112046
0.85851658213477
0.8505664917140874
0.842513965453453
0.8284701334631631
0.8219014805428413
0.8211991585057679
0.8122144649418942
0.7959002579852308
0.787759097989242
0.7804913733084206
0.7755033914998184
0.7671671850714813
0.7608543506698831
0.7527726801805176
0.7408431791637664
0.7347201133003284
0.728883163751756
0.7197880098208791
0.7162268543243674
0.7121291610241167
0.6973892320617011
0.688105396795557
0.6861325880562805
0.6815876074424726
0.6775553733113504
0.6672915110382285
0.6589740019562751
0.6513752040178536
0.6462131961183064
0.6405598255516898
0.6387761844281675
0.6355981255095494
0.6276063096548686
0.6182991510732235
0.6097194762140771
0.6045927296150936
0.6024510464317728
0.5983779848712701
0.595272730024382
0.5928495436032009
0.5892205408945036
0.5853676834944966
0.581422797639873
0.5782676927280853
0.5767205531521
0.5754868576671055
0.5719315108946921
0.5685337808426176
0.5643482941620223
0.5610373690837331
0.5578564900030681
0.5549682485739376
0.5530843539024808
0.5502726399535144
0.5481602488981728
0.5468026911233188
0.5430404568601521
0.5403444490331933
0.5383830996934797
0.5377835342093825
0.5345229035398675
0.5316507359914775
0.5296181001952819
0.5281802792096711
0.5267769836483865
0.5252391766605135
0.5213957948492532
0.5180133352514301
0.5175309658774453
0.516898429504227
0.5153214193117053
0.5123570781234704
0.5105800802145535
0.5098260219087306
0.5073533880716317
0.505624070344772
0.5047006195717569
0.5039190066714733
0.5029081070697479
0.5019154826709518
0.5015423172409413
0.5013232460677438
0.5002477361269301
0.4996395488549139
0.499257067730835
0.4989664936928729
0.4988884019840769
0.4983204470692818
0.4980890455396272
0.4978861064703924
0.497634119383501
0.4973814085665997
0.4972560942308864
0.4971781713593817
0.4963933279906854
0.4962149301415774
0.4960802452176978
0.4957320255259912
0.4954672610931258
0.4952750557618069
0.4951015913855311
0.4950283725678591
0.4947340766681912
0.4946054562962846
0.4945140073332484
0.4943436386351211
0.4941779455780569
0.4940834474863016
0.4940164777376886
0.4939229874590085
0.4938519287265726
0.4937818177537689
0.4935700359970847
0.4933652473636608
0.492937437340093
0.4924581641061943
0.4921325257094711
0.4919115948612474
0.4916495720707443
0.4914951650205406
0.4914231308786008
0.4911940800842769
0.4910729432898442
0.4909805635794178
0.490835887119556
0.4905670485437002
0.4904524077038969
0.4901962730760359
0.4900365465479244
0.489094345880933
0.4888671031676312
0.4887463295983582
0.4884649483317957
0.4882940531268463
0.4882004805031124
0.4881380972877146
0.4880134271886685
0.4878594267972779
0.4877260277136644
0.4876320078174105
0.4875138900148268
0.4874524106236252
0.4873174006294568
0.4871562366236496
0.4870048649534272
0.4869307739770746
0.4869160005456509
0.4867471236606962
0.4866729068608456
0.4866319057127574
0.4865727749681053
0.4864628656185938
0.4863132667681122
0.4861102376213971
0.4860702458018887
0.4856820084477526
0.4854198002914738
0.485344191845228
0.4852510077594802
0.4849994583150269
0.4847979713557644
0.4845642707304246
0.4843019704977647
0.484094376648119
0.4839259944938943
0.4836245036668156
0.4834669336816727
0.4833585927862284
0.4832957784684291
0.4832409669111127
0.4831785515444394
0.483129014678008
0.4830521505385854
0.4829864983009751
0.4829100354753298
0.4828368671193287
0.482660338745413
0.4822151744378289
0.4817699251083425
0.4814215227221388
0.4808816273193194
0.4802874148640924
0.4799952463524779
0.4796106207065697
0.4793401067717461
0.4791264907597547
0.4787491785027924
0.4784458518490579
0.4782924651273682
0.4780809282781685
0.4779106077943461
0.4777208853428181
0.4773606746616963
0.4771636636116925
0.4770962341824387
0.4767811596383265
0.4767013247924884
0.4766002988736968
0.4764269227204904
0.4762222137565715
0.4761469998869228
0.4760605850970148
0.4758813500166323
0.4757606441996493
0.4754351733045734
0.4751937098471334
0.474949380507987
0.474596119306107
0.4742088832072757
0.4739437832976971
0.4737888192458646
0.4735260584885129
0.4732387603551272
0.4729509499459848
0.4727340883129992
0.4724911842236215
0.4723233097731557
0.4721884911437753
0.4720252693095542
0.4719026035494461
0.4718101863852293
0.4716964299240875
0.4716282299774308
0.4715331169385428
0.4714795185250883
0.4714130911161775
0.4713536881739861
0.4712835720917061
0.4712288358181201
0.4711124554476518
0.4709732147373651
0.4708020557472261
0.4706776203744401
0.4705666711029957
0.4704590088202817
0.4703457193375096
0.470197060506615
0.4701375605097081
0.4700960146121618
0.4700170174854566
0.4698900174490788
0.4698203404721526
0.4697585374541098
0.4696999552476252
0.4695660447522287
0.4694858684711093
0.4693690415894501
0.4693180461984773
0.4692064407616476
0.4691425357710989
0.4690597577908451
0.4689757329046889
0.4689516690181295
0.4688741380719154
0.468832415161779
0.4687808645475282
0.4686340129702736
0.4684735591366049
0.4683642590911351
0.4682823131510871
0.468026809788829
0.467776763620374
0.4672891096241034
0.4667397260735237
0.4661318536201237
0.465603569233817
0.4651327068633984
0.4644667120415178
0.4641342046123888
0.4638886473628518
0.4636919530527511
0.4636216713004694
0.4634649072815948
0.463223060452393
0.4631010528932898
0.4630291071949374
0.4629546416613258
0.4627822446283332
0.4625456509735068
0.4624184971348042
0.4623742212690893
0.4623156758757811
0.4622742411386492
0.4622237027613186
0.4621003340605426
0.4620074153549187
0.4619397954524003
0.4617932159151307
0.4617412013086158
0.4616913618736828
0.4615637191269406
0.4615285040291662
0.4614424776496176
0.4613279589757522
0.4612596008422575
0.4612223217081601
0.461175203910871
0.4611142724080829
0.4610620686034549
0.4610320465482408
0.4609962869439952
0.4609128211758203
0.4608693520177748
0.4608499430784457
0.4607654453242319
0.4607342387947994
0.4607138263242061
0.460696613742294
0.4606767549410959
0.4606395788608012
0.4606124993123777
0.4605222960008502
0.4600419173626862
0.459389115823769
0.4589148497144877
0.4587575823370971
0.4586090057326062
0.4583998554045343
0.4582692364894934
0.458167057797373
0.4580141764352369
0.4578345585802855
0.4577573488306987
0.4577102430511417
0.4576694930182772
0.457587363126459
0.4575441581330035
0.4575330840623172
0.4574949984479272
0.4574654643889314
0.4574502478929844
0.4574398568846914
0.4573991156616609
0.4573860369788479
0.4573681498091987
0.4573321254509222
0.4572334706658979
0.4571090103943761
0.4566924221990685
0.4566513997224683
0.456601492523778
0.4565787543256166
0.4565662317605564
0.4565283356025212
0.456487343379688
0.4564434672635173
0.4563561509103282
