2.309491450624282
2.301087141156489
2.301071313073358
2.301071222955152
2.301071132866687
2.301070306855553
2.30105962112139
2.301044348052651
2.301038645182993
2.301011227763352
2.30101099047476
2.301009779644817
2.301009198265808
2.300982838715435
2.300928776568847
2.300927049439555
2.300915838933092
2.300798339449133
2.300057952680913
2.29938093555125
2.298144745069445
2.241467368498534
2.238962436840656
1.994339473423046
1.936420505412037
1.881882444949982
1.874677064696004
1.849358718843834
1.830946281802543
1.770398907102487
1.732089245744313
1.719707177324681
1.705374039909228
1.69818872802205
1.693832949773327
1.684550481136424
1.676742969605054
1.67179317880092
1.667107188223879
1.661685001031772
1.655993248836681
1.63543612800073
1.615138349080965
1.592859028478531
1.576957705012492
1.554808759423269
1.534156834443367
1.532327386064008
1.531636971464911
1.520475135787734
1.510050082819668
1.505099734076629
1.498785512685142
1.491509867201154
1.479510861130864
1.473337481253807
1.465246435117818
1.454926602058473
1.4410336302707
1.433516901749161
1.43169684938235
1.423951763637602
1.418812189385168
1.41535825300045
1.409013105807928
1.402909754027165
1.398726824087375
1.395761828198399
1.392883244818121
1.387673548590369
1.38107839463907
1.376263479079351
1.371580909331752
1.367053225609923
1.361808214644841
1.355253341944467
1.349056812218602
1.346649909714585
1.341001695607708
1.336492773582096
1.330756429537872
1.328257713509428
1.325815473273951
1.323342604226438
1.321589304981687
1.32054576574602
1.309785222108842
1.304086730411346
1.298214319316623
1.290431566995677
1.286413026377079
1.28167405147716
1.278777572847273
1.277858786245271
1.276866620344322
1.271794508462091
1.267809278659566
1.264889702535934
1.261257843171572
1.252184562739647
1.249033773327223
1.24772999050907
1.244821056923363
1.241202300431067
1.238171994605926
1.234063753369244
1.231409525736503
1.229196036396229
1.226927395507118
1.224906872201356
1.21723371302943
1.215414925991158
1.214460746100749
1.209602452940652
1.205457388282697
1.202022880844795
1.199999698010268
1.196787747809378
1.191168926097586
1.189495982773948
1.188756254661082
1.188398993734681
1.185214498142754
1.184822594003667
1.183917961561858
1.181052188445063
1.177607221671516
1.175193261599797
1.17031019468432
1.169181030249534
1.166489088824494
1.163164088864005
1.160352721360596
1.159140811294216
1.158873527856896
1.157589400674055
1.157079383422613
1.156213795698295
1.155809050680817
1.154722040973786
1.151412249388079
1.1501047752577
1.149060501365317
1.1459896340192
1.144738146245878
1.142897968998578
1.14240861156591
1.141578172691079
1.141482435156828
1.141275342150082
1.140154297267497
1.138886616626612
1.136769184702307
1.133779937051478
1.13226855821007
1.131037369267236
1.129148449293535
1.127472153215766
1.126287038528819
1.12588797388631
1.125832403408191
1.125458891463505
1.124218297172881
1.12316958262346
1.122069911900129
1.121651920959499
1.121487191715143
1.12124419583005
1.121011204921063
1.12080589340088
1.120520844771387
1.120285238939735
1.120067627243414
1.119978938332012
1.119771741938603
1.119474308595671
1.119337444395082
1.119183013041013
1.119000216766851
1.118799809303721
1.118693784498187
1.11851536066524
1.1183266788302
1.1181476883923
1.117996328470484
1.117665127093932
1.116792527735896
1.116334798751421
1.113664032018776
1.112269338724258
1.109438524512165
1.107003493341033
1.105468802571517
1.10419598708346
1.103604974501785
1.102614479500036
1.101664256139481
1.100594055608508
1.099893018369357
1.099303125610543
1.098978859260307
1.098415153693031
1.097577002291488
1.096294726330299
1.095606639857962
1.095091800468829
1.094763033728658
1.093941171926466
1.093915531613114
1.093188202097247
1.092633310738398
1.092338656525217
1.091926791865023
1.091341740062542
1.091059632574819
1.090977719418556
1.090947187117618
1.090487247855146
1.090395986499493
1.090250812205325
1.09000313321531
1.089839553598447
1.089786812081899
1.089583954169676
1.08952162388408
1.089465211992645
1.089269989083837
1.089181736976411
1.089031102063072
1.088909808152003
1.08871745879991
1.088362448553227
1.0880915737998
1.087869641821254
1.087504200672034
1.086923378934129
1.086668526087725
1.086459737272929
1.086191501765344
1.085930021228647
1.085754560267401
1.085530377924061
1.085008842279784
1.084889335931728
1.08461443430419
1.084176578354888
1.083860407972378
1.083534118645059
1.083119372098682
1.0829756723284
1.082845511343702
1.0826662631231
1.082611186276101
1.082475881395905
1.082333935259273
1.08226529915198
1.082183062516094
1.082103516219559
1.08199761231627
1.081915517849587
1.081831103985648
1.081732839285714
1.081633993405825
1.08141299624291
1.081152760955287
1.080867008585192
1.080321232098092
1.079834197387818
1.079573350557966
1.07925235176186
1.078809870160434
1.078328352320482
1.077966053551725
1.077730565655199
1.077304762376503
1.07690505877356
1.076609542137945
1.076319570972785
1.0761947958028
1.076079187089116
1.076020053236046
1.075961887438687
1.075881623188959
1.075858141519503
1.07582349893687
1.075787682084839
1.075681258983631
1.075446327275504
1.074986988200149
1.074746322628371
1.074407954540146
1.073645686000908
1.073298526266865
1.073241644236457
1.072702512508035
1.072220396735065
1.071765182373734
1.071613401773921
1.071416135341183
1.071270117291787
1.071118511269416
1.071020021750732
1.070919751938378
1.07087929376392
1.070734317746085
1.07065544384563
1.070603249277042
1.070568805227395
1.070387191492947
1.070295603579732
1.070065143649841
1.069815976950533
1.069666385125126
1.069625437294328
1.069058771345418
1.068905255656679
1.068796220726329
1.06852818519717
1.068493284141205
1.068474055792139
1.068437067246862
1.068358729898229
1.068270068325657
1.068176827785879
1.068093535798823
1.067993736644612
1.067918436972511
1.067816949382429
1.06774380433554
1.067682541518157
1.067580781673809
1.067501363041468
1.067465730150238
1.067437972422601
1.06739674693574
1.067342750782978
1.067310454992275
1.067292888096872
1.067214388340151
1.067191726118154
1.067185141888145
1.067164633563133
1.067129380954051
1.067067681202118
1.067040014503936
1.067009984931516
1.066948562899133
1.066892477449029
1.066765551767086
1.066615202545266
1.06648030450418
1.066441420441438
1.066429022661363
1.066286416985336
1.066265346946619
1.066247416830276
1.066225278563182
1.066207155903345
1.066182405454487
1.066143142482648
1.066101586257731
1.066037418072887
1.065988350328436
1.065925181617226
1.065871437747982
1.065847845677193
1.065820425627779
1.06580773247657
1.065788059949669
1.065723409572065
1.065651867728255
1.065500862681472
1.065300950802724
1.065130017655274
1.064918353344592
1.064668930739596
1.064446534338346
1.06440383239289
1.064291572254559
1.064223660705146
1.064136530805976
1.064077680257821
1.06405674011807
1.064001846814966
1.063961877620398
1.063951615505
1.063885091175036
1.063825959791259
1.063782005506045
1.063661230372453
1.063601746489652
1.063532134331054
1.063506849945092
1.063485597265806
1.063401556644944
1.06338200275366
1.06336306725549
1.063327187275944
1.063210556669902
1.063107908914898
1.062986645995198
