2.31336604396399
2.301358519775984
2.30132243368181
2.301229695632137
2.301209091428355
2.301205062749181
2.301177108529647
2.298895261180488
2.280697276176924
2.279869751825488
2.218228072491828
2.199600441615615
2.141202290004689
2.074855895196618
1.965684660168407
1.879540545161033
1.794882838799388
1.756616616028334
1.670266571276734
1.620248543771171
1.551040728538176
1.4566765283928
1.407750982116749
1.401445785338441
1.370525512037781
1.348239078315671
1.317957290923279
1.290908513489759
1.258908120885774
1.235454113649013
1.193051780783353
1.156894474975701
1.115512768326033
1.093058979412907
1.088692016195835
1.064579062198948
1.052328111393653
1.039162847080407
1.026152117587252
1.013744044805121
1.000102792804652
0.984346702037511
0.9683435459746107
0.9549806011009417
0.9328701108241708
0.9079659334150495
0.898088630916053
0.8958494175962229
0.8674516164249648
0.8498935640310632
0.8405073206113065
0.8219174119744997
0.8141686333346223
0.8111185706743926
0.7912992055395552
0.7880106846956851
0.7876481006131547
0.7801482428019201
0.7738910425373917
0.7702955565946941
0.7672509124642114
0.7640281537217625
0.7584069123755129
0.7542016377103348
0.749509302115104
0.7446837358307479
0.7384569258541456
0.7331554455646446
0.7280386159240413
0.722078571597251
0.707165406218265
0.6896738707978946
0.678067015141558
0.6672780017351569
0.6671911634571512
0.653705147330333
0.6436842200623532
0.6369685274117346
0.6280109210544101
0.6214519461718543
0.6146256617387376
0.6091133186625651
0.6026560169058196
0.6011041068510764
0.5953067356533526
0.5920465260319223
0.591817165184779
0.5870087023281374
0.5851629558423643
0.5839619915626951
0.5817959439769785
0.5804596467652575
0.5782010338405741
0.576639470510902
0.5763142125979951
0.5749914681357629
0.574001464376456
0.57337137005953
0.5727783269560738
0.572096446544462
0.5710456025632408
0.5707861577616359
0.5701817427975818
0.5697870611726434
0.5694513509259954
0.5692852992338309
0.568772265347783
0.5684997817712119
0.5682732101468675
0.5676965599164452
0.5673579286179723
0.567194205545671
0.5671791391172257
0.5670882435001037
0.5668143258306501
0.5666728896069256
0.5665852446002164
0.5665022166313705
0.5662052162352413
0.5660737677900227
0.5660736448009217
0.5659815417570906
0.565885229624166
0.5655808226316235
0.5654602469919733
0.5652916936994025
0.5652138608414869
0.5651216801206688
0.5650814662864435
0.5649196258135671
0.5648389567272046
0.5647797038993762
0.5647376540968256
0.5647195250460432
0.5646779243142735
0.5645837568440621
0.5644916834251761
0.5641648243519578
0.5638292944621093
0.5635296493904169
0.5628729086984978
0.5626996309084689
0.562430276051138
0.5621182735564547
0.5619660923224852
0.5619381044233559
0.5617668511477315
0.5616328837154502
0.5613782317556486
0.5613205819495919
0.5609399648521207
0.5608183450870136
0.5607375601532198
0.5603940681981195
0.5602674484108568
0.559955633573729
0.5597528752109676
0.5594286556579879
0.5591624937369268
0.5586726520407321
0.55855835122711
0.5583750145084835
0.5580698663002298
0.5576620106406891
0.5576184231655698
0.557544222305382
0.5572855267540776
0.5572581626806108
0.5571968027193245
0.5571180174949235
0.5570894362650137
0.557067467536884
0.5570071334596951
0.5568737135564514
0.5568349371849892
0.556671126713553
0.5566139028381174
0.5564707315576292
0.5563924740092828
0.5562926438420951
0.5562396881656841
0.5562170301704714
0.5561282109992518
0.5561144965380596
0.5559735227026478
0.5558817515673862
0.5557246610641831
0.5555760462992572
0.555434019975499
0.5553668035549396
0.5553240202868505
0.5551314028873461
0.5550549901443589
0.5546384383411695
0.5545361274563166
0.5543715935829949
0.554304035814484
0.5541528888817148
0.5539405042516179
0.5538393372117063
0.5537444016562261
0.5536333958577493
0.5535104717696858
0.5534332964499379
0.5532663340773268
0.5532220784858273
0.5530880052313389
0.5530090858765432
0.552945637479709
0.5528675911989328
0.5528169851512317
0.5526500365731994
0.552565366438704
0.5524778619086372
0.5524140374018763
0.5519170985052971
0.5518613802800464
0.55151778664342
0.5514317010347946
0.5509401707878941
0.5503868933873243
0.5501156671504949
0.550056028752955
0.5498934650061877
0.5498118434787785
0.5497587537559248
0.5496814570443717
0.5496120579716074
0.5494809600883326
0.549436238269072
0.5494156160393109
0.5493079360444486
0.5491564214677481
0.5491429318906573
0.5490478424070206
0.5489969331385136
0.548969078700571
0.548921454468599
0.5488559691286847
0.5488169560259103
0.5488157155282432
0.5487992442568737
0.5487529394392408
0.5487375892856429
0.5486012469212674
0.5482516071231762
0.5481074901590245
0.5476855782587717
0.54731707158993
0.5466935986033556
0.5465364125320222
0.5463536805587252
0.5460649860501515
0.5458900548174961
0.5458490756907297
0.5456332168080206
0.5455369052144221
0.545428338419376
0.5453549838208132
0.5453233085196848
0.5452896161887655
0.5451799940009218
0.5450346904049085
0.5449037553356013
0.5448316149404473
0.5448109339269034
0.5447270812163261
0.544559962800001
0.5445240873980211
0.5444444889508339
0.5443845394368126
0.5442828840050187
0.5442379480919739
0.5441906879795735
0.5441474722226676
0.5439585750658961
0.5439100698368654
0.5437663745534773
0.5437368771000914
0.5436132726261205
0.5435769112202411
0.5434809709750668
0.5433637858061706
0.5433056983103098
0.5432883835599297
0.5432692271206302
0.5432507882041655
0.5432346846383105
0.5432114909920541
0.5430072365845198
0.5429698649559599
0.5429472178388906
0.5427557613684386
0.5426828732687543
0.542591978129019
0.5425664650266073
0.5425322741281563
0.5425267296595297
0.5424654784822753
0.5424283242707066
0.5424021397958965
0.5423093022171515
0.5422563976649115
0.5422215059607014
0.5421859758604055
0.5421712513258891
0.542033907655875
0.5416618012482054
0.54151135427206
0.5404686066506764
0.5400308136462407
0.5390226922334899
0.5384388748358594
0.5379395079032863
0.5374384605226837
0.5367386334081262
0.5360009040559536
0.5351717991989012
0.5347630973225206
0.534648926004665
0.5343509357557014
0.5340470556355563
0.5339668441402053
0.5338477074178244
0.5337943174855154
0.5336636910817415
0.5335039501801151
0.5333485246100812
0.5330663120271315
0.5329544477122153
0.532790975566649
0.5326368729306801
0.5325026751379007
0.5324420308127568
0.5323760066830969
0.5322973160702055
0.5322310873064409
0.5321457187892547
0.5320037157842966
0.5318125965035616
0.5316776946866397
0.5316059875931545
0.531424467839017
0.5313564124519289
0.5313086975309952
0.531273040594801
0.5312663372624404
0.5312036920939166
0.5307231838024548
0.5306549050556972
0.5306363514027631
0.5303914834686844
0.5297310259539021
0.52960575844446
0.529447514660687
0.5292083994564853
0.5285385181388386
0.5283625328971412
0.5281333003227154
0.5280342146240059
0.5280195205968047
0.52784783376763
0.5276743566982968
0.5276068801728421
0.52741251579134
0.527330347159764
0.5271105190714637
0.5269623622747009
0.5268993067818399
0.5265683382013314
0.5264729492570042
0.5262395685802452
0.5261165788724358
0.5260173254878796
0.5258919991840254
0.5257737694811323
0.5257377036230289
0.5256012096972821
0.5255518417993543
0.5254290072356977
0.5253972386193712
0.5252847768916437
0.5252626710511181
0.5251962260306088
0.5251327228612737
0.5249811969473754
0.5248919220249828
0.5247896616522502
0.5247694077443152
0.524745980547912
0.5246964585344071
0.524653485227123
0.5245995897590056
0.5245511430868474
0.5244015939783164
0.5242354720350746
0.5241658090580883
0.5239289389718136
0.5238085620576357
0.5234730420747559
0.5233910540458666
