2.331590075723714
2.224422184068779
2.119685110672587
1.825814734416382
1.622077504020532
1.332857712892567
1.197689422177726
1.126292094820512
1.019055150352791
0.8697995994786729
0.8311141758803952
0.8067738592584547
0.7863734780938154
0.754356438437992
0.7258406377343087
0.704477368964556
0.6892533534179593
0.6843333169341812
0.673301883407713
0.6616583039322077
0.6528857307740731
0.647104198102494
0.6372157370456302
0.630552387014307
0.6223030305581675
0.6146314310248164
0.606534584966296
0.6019890286543602
0.6002157558872625
0.5925719205943171
0.57536627492709
0.5662781067435345
0.5527699594675271
0.5456169891111289
0.5378911041788578
0.5282410146207297
0.5155647865706999
0.5112777970781995
0.5054790139703925
0.5013324871354725
0.4982409074309091
0.4921788421134916
0.488001527308537
0.4850973962029227
0.4845850843834871
0.4829996331603433
0.4812488504706475
0.4796003947730025
0.4774713391525771
0.4756230445675008
0.4744783277595768
0.4737691612508588
0.4728306095140981
0.4712755389960466
0.4698855152465194
0.4683950540043543
0.4672095362810543
0.465917388334527
0.465346597738976
0.4641912577700276
0.4632729854245129
0.4623764213078482
0.4614253705047965
0.4606434453396849
0.4604279050753034
0.4600660617031435
0.4598479088243774
0.4587919068148812
0.4578625873445777
0.4575215913372751
0.4562430913270096
0.4553165309278058
0.4550451210170177
0.45453093435325
0.4535057712155647
0.4531307235237362
0.4529942878663005
0.4524907591846227
0.4522925058501376
0.4520058573424474
0.4517768211736711
0.4515640336960757
0.4510948664878599
0.450871257994205
0.4506907962435052
0.4504090965489538
0.4501221578815863
0.4497799081600281
0.4496190725690151
0.4494616488327823
0.4491507975444546
0.4488792097556374
0.448749110540913
0.4486530886472254
0.4485068714957232
0.4484043680442452
0.4483265652369205
0.4482220390150258
0.448080437634821
0.4479963324810326
0.4478640395889892
0.4477364283998182
0.447653589032663
0.4475738203698296
0.4474599596362971
0.4473557753082854
0.4472123935815698
0.4471657545082769
0.4471085703513064
0.4470024674230352
0.4468324803683555
0.4467053201435991
0.446618007707862
0.446550675618216
0.4464727358453062
0.4464417537755813
0.4463761537570314
0.446330099259685
0.4461921472099431
0.445922391773782
0.4457070563636011
0.445606509618899
0.4454465072497572
0.4453184630788442
0.4452728175965259
0.4450939107876097
0.445040252808739
0.4449863533398715
0.4448430382990439
0.4446368955697135
0.4444639297700702
0.4443825212158282
0.4441762472021816
0.4440066196311826
0.4438016513021543
0.4435641070558856
0.4434438348367858
0.4434227134143658
0.4431652717154181
0.4431070013880304
0.4430229655483484
0.4429174689924883
0.4428859296299479
0.4428528862532816
0.4427436490034288
0.4426352157804836
0.4423431563693017
0.441928689459449
0.4416531579487186
0.4415277190203437
0.4413981649729489
0.4412286182221027
0.4411437418385755
0.4410543991002888
0.4408787293468514
0.4407038414863149
0.4405038515384184
0.4402687595807879
0.44013661245748
0.4399555711680927
0.439834167420765
0.4397073969558538
0.439580435665086
0.4394069966364372
0.4392987253349887
0.4392553119176587
0.4391155432462588
0.4390017676433391
0.4389073429326326
0.438713821920879
0.4385805649316804
0.4385211726599397
0.4384498855258404
0.4383719909124446
0.4382531864269338
0.4381447327780967
0.4379818488298173
0.4378729111094991
0.4378344827414391
0.4377792547394603
0.4377440819671599
0.4376897961475317
0.4376446102753976
0.43759863928652
0.4375511399581131
0.4374398284077646
0.4372744431954986
0.4371647579979685
0.4370941501800447
0.4370237148204718
0.4367786340016783
0.4367523553754809
0.4367132216749888
0.4366834232299991
0.4366457684324183
0.4365679712412615
0.4364596803112843
0.4363501920654916
0.4363213777935996
0.4362955100308742
0.4362595095883565
0.4362164387450229
0.4361818090194004
0.4361108513544487
0.4359130490184338
0.4355017415098993
0.4351601929911345
0.4345262661166927
0.4340878705844703
0.4339494564271972
0.4337956912893199
0.4337124295139779
0.4335481406620472
0.4333519463295863
0.4333044128653635
0.4332403144639485
0.4331923103551957
0.4330966018353096
0.4329578269594516
0.4328636497210725
0.4328164387444146
0.4326865180527116
0.4325629061405816
0.4323780092532741
0.4322013182105234
0.4321068918372692
0.4320586672628765
0.4319154169989027
0.4318692139344796
0.4318099265536057
0.4317094204229378
0.4316417890321389
0.4315417196394579
0.431425841899017
0.4313751774305062
0.4312998307212632
0.4312836325488967
0.4312382386274295
0.4311212708718448
0.4310172694553439
0.4309419107710769
0.4308702999528092
0.4307444487219176
0.4306925192748615
0.4306580553173037
0.4306185707747116
0.4305903522578022
0.4305523458127524
0.4304799911879519
0.4304165274546757
0.4303659491136255
0.4302188479694749
0.4301410685515955
0.4299920294289731
0.4297634901522616
0.4295408435133856
0.4295173751238279
0.4294912947793008
0.4294619688483602
0.4294024360206773
0.4293256097628098
0.4292470821005807
0.4292150923073367
0.4291947102856768
0.4291486714003118
0.4291023536627045
0.42903778138421
0.4289712955050826
0.4289370081991444
0.428905131129328
0.4288373359440509
0.4287963602600853
0.4287778018384782
0.4287318619443673
0.4287144271216868
0.4286777588071298
0.4285485364057678
0.4284435283909895
0.4283445034630616
0.4282231519622751
0.4279990578588437
0.4278550149167906
0.4278233279082135
0.4276176553130731
0.4275049936999889
0.4274838538424469
0.4274574907159417
0.4274287238101373
0.4273634638593648
0.4272938830090089
0.4272344018902792
0.4271657756976041
0.427130115068083
0.4270956934971159
0.4269632429547658
0.4269499491372424
0.4269364435295613
0.4268929173373554
0.426853902229048
0.4267821100317518
0.4267166361998707
0.426440914224727
0.426347708272062
0.4262387278612106
0.4261804782831828
0.4261678064706355
0.4261200934649207
0.4260950425174932
0.4260495948020246
0.4260248015798851
0.4260150832117085
0.4259306965272799
0.425832870516026
0.4256690884564228
0.4255217620835654
0.4254192983733919
0.4253173812607588
0.4249208130497705
0.4247027311393672
0.4244864512198987
0.4242336128170762
0.4241593510922692
0.4240595999850263
0.4240000286581574
0.4239453569329602
0.4237940347243719
0.4237072893920748
0.4236095905782202
0.4235502936386743
0.4234953119272771
0.4233791694999198
0.4233321100228686
0.4233011466155139
0.4232289822023251
0.4231906926615364
0.4231155901489053
0.4230573629634103
0.4229336301063684
0.4228483247765011
0.4228062342426705
0.4226891924925322
0.4226040094402408
0.4225676886562904
0.4224708125793555
0.4224036174788163
0.4223806980799708
0.4223142601601472
0.4222623150833584
0.4222322873224942
0.42220334555775
0.4221747259393588
0.4221439246366697
0.4221077092446946
0.4220436218605612
0.4220056608300272
0.4219595340878431
0.4219327065244332
0.4219072328148887
0.4218887740599377
0.4218582782023363
0.4218475627993826
0.4218451417956029
0.4218215528713443
0.4218075921216234
0.4217808584887101
0.4217070428750058
0.4216844076719057
0.4216378075783506
0.4215501346919856
0.4214262246969664
0.421398275091332
0.4213848093557902
0.4213501446684259
0.4212959389868182
0.4211728163175367
0.4211273921812803
0.4210659171918057
0.4210091326729158
0.4209820796789008
0.4209607960524728
0.420937504295775
0.4209172528709982
0.4208976870042713
0.4208535305162882
0.4207904892920448
0.4206651301438515
0.4206394778281896
0.4205830103372645
0.4205431787681453
0.4203875716993533
0.4203066871546329
0.4202786996188254
0.4202601795175698
0.420247446645242
0.4202300296294298
0.4202148661550134
0.420178121900775
0.4201042401711134
0.4200030873100234
0.4199342701352943
0.4199128525843358
