2.346546687090182
1.995570222408525
1.642613639667479
1.277090567226934
1.026611999832032
0.7730856753596365
0.6700832314817546
0.6261907820012734
0.5787737368763338
0.5748548578683319
0.5166316814840811
0.501854417854862
0.4901170051781878
0.4641320390436702
0.4529227451948027
0.4464604443326139
0.4383064557162974
0.4270721203350608
0.4152214027338632
0.4115690682498362
0.4063451858832046
0.3960426642558287
0.3879835160524043
0.3808759105747785
0.3747898192662595
0.3684190454218169
0.3642455027255965
0.3605454724481962
0.3584175538716215
0.3575528562240705
0.3519175682441085
0.3466973002404704
0.3414082955594913
0.3377676758969239
0.3339722151778746
0.3300616516585724
0.3248189373093147
0.3200477118814818
0.3177741780876188
0.3154489657247229
0.3139095801059585
0.3121121030119561
0.3104430339505376
0.3089042433622718
0.3062015130073485
0.3030347952854902
0.3014783465288005
0.2991538944389182
0.2976390749024468
0.29635808772356
0.2948859341793919
0.2930565812903034
0.2918693422258208
0.2916716435728257
0.2899685471787793
0.2889284817726247
0.2880926346993299
0.286418631639229
0.2845583518190216
0.2828584039207733
0.2814816656606151
0.2810213865429035
0.2799819756878636
0.2787194983921532
0.2773432220606868
0.2758047237605007
0.2748549106783272
0.274015689742245
0.2733340719263612
0.2724336532672216
0.2715549242153467
0.2703546779336447
0.2692629635382559
0.2687331750197598
0.2681074260499504
0.2673153664070552
0.2668690265795624
0.2665076235551494
0.2658369237546915
0.2651760331232801
0.2649720598718911
0.2648822467253574
0.2644517387951162
0.2637836276619377
0.2632505290094083
0.2630609913865079
0.2625111104777781
0.2619775215631279
0.2617531605847169
0.2616187723761652
0.2609719257531351
0.2602976636837068
0.2598743836532111
0.2596099174524788
0.2593250622872742
0.2589582970629684
0.2587512037748766
0.2587238261224147
0.2585027783097198
0.2583723286164946
0.258253239234765
0.2581013089501858
0.2580344130045963
0.2579773205282621
0.2578620326468757
0.2577849919415124
0.257699646232108
0.2575964310671922
0.2575032872316629
0.2574133236670563
0.2573213027927254
0.2571106364556844
0.2568662853607691
0.2565899703540487
0.2564086928009416
0.2562789194791139
0.2561841103498226
0.256069547047767
0.2559751837881717
0.2558668484271406
0.2557547469700756
0.2556628552011936
0.2555735142121007
0.2555153055129041
0.2554014947690001
0.2552791558177616
0.2552213637228314
0.255172408022188
0.255102670210794
0.2550409136061924
0.2549834361885432
0.2549231794740939
0.2548113280058964
0.2547427481151114
0.2545549682648334
0.2543877643576069
0.254204974870488
0.2540550847738209
0.253886074953457
0.2537359697543095
0.2536014864146524
0.2535056571744141
0.2533736808030084
0.253173231040846
0.2530301519218438
0.2528557587886052
0.2527264050011757
0.2526369578119225
0.2525035357034093
0.252443309333131
0.25242223059882
0.2523372728125837
0.2522823999281025
0.2522377987463873
0.2521483946573974
0.2521135907747834
0.2521017388377262
0.2520667615844172
0.2520272653336764
0.2519888197786144
0.2519509296739197
0.2518615846552748
0.2516471659940613
0.2514735530744615
0.251322959587219
0.2512286703561212
0.251001652562574
0.2508728181449318
0.250759774285786
0.2503958078960749
0.2502825103262283
0.2501780297661958
0.2500450435477423
0.2499133714115231
0.2498393376334479
0.2497690992376484
0.249697598502666
0.2496191431141976
0.2495386425325555
0.2494545768977655
0.2493681292368698
0.2492830750718372
0.2491962409444246
0.2491311575823519
0.2490519162824702
0.2489727185773155
0.2489423905968886
0.2489138421843763
0.2488357019658065
0.2487870429660896
0.2487231233825564
0.2486578411832847
0.2486252622720346
0.2486188872942212
0.2485670393806478
0.2485344274437282
0.2484974310064205
0.2484084529402555
0.2483059397731347
0.2481863918395339
0.2480806090821582
0.2479890660161295
0.2479185536960572
0.2478252619401572
0.247708650820428
0.2476613702947672
0.2476186843477503
0.2475493812747347
0.2474811611393395
0.2474483680298841
0.2474451778096451
0.2473735340193339
0.2473208285444333
0.2473091945497764
0.2472576583876738
0.2472182759973103
0.2472016926575833
0.2471506008898564
0.2471320118560019
0.2471265396491981
0.2470707904631075
0.2470592469539851
0.2470217350451887
0.2469424004955457
0.2468669255925345
0.2466554468037254
0.2464715510871029
0.2463605900599666
0.2462460472841756
0.2460949906643713
0.2460025266870696
0.2459487740156673
0.2458367917364567
0.245800789713999
0.245762867448055
0.245717741555056
0.2456879074266029
0.2456556348556032
0.2455556030308894
0.2454719823671193
0.2453190316959305
0.2452225118503612
0.2451758102670987
0.2451568133671271
0.2451121467657349
0.2450886282767449
0.2450663602699927
0.2449883319725613
0.2449214750582665
0.2448455027446212
0.2447530362750708
0.2446709469346197
0.2445938198104819
0.2445126747909961
0.2444448138731454
0.2443657357963068
0.2442957745419137
0.2442023037077507
0.244168814542867
0.2441243043577762
0.2441021020830217
0.2440820670206641
0.2440152108800852
0.2439898909497149
0.2439587062682656
0.2439221426517452
0.2438891131654867
0.2438573616786079
0.2438178924629728
0.2437613360235708
0.2437332977472507
0.2436481052846494
0.2436115833719316
0.2435755441755372
0.2435591481028537
0.2435007814252841
0.2434542415452536
0.2434143897985019
0.2433815829527172
0.2433268563070939
0.2432844484090571
0.2432666076607898
0.243228482071124
0.2432003069788712
0.2431782189890532
0.2431513789976707
0.2431223994019156
0.2430976672172086
0.243064483177356
0.2430335922921346
0.2430187193129464
0.2429970271910918
0.2429799296931311
0.2429512310645406
0.2428888150506561
0.2427027981593633
0.2424728257212041
0.2422393627835202
0.2421817640789002
0.2421004120800465
0.242035960320752
0.2419903162378402
0.2419573504455768
0.2419170060056202
0.2418869433628451
0.2418641775691119
0.2418332531478669
0.241738115247993
0.2416768539391467
0.2416047344758434
0.2415279813536679
0.2414378994874167
0.2413593333462475
0.2412818295592639
0.2412386273315031
0.241197470906831
0.2410666923570566
0.2408722183547125
0.2407924443377134
0.2407209000086611
0.2406550341719906
0.2405574017946074
0.2404967415190863
0.2404481292256596
0.2403937783414257
0.2403485620709251
0.2402896684351536
0.2402354194346992
0.2401249241098723
0.2400357865202704
0.2399702537945184
0.2398327006597055
0.2396935709623184
0.23959212898434
0.2395330522602956
0.239410919882102
0.2393485180446978
0.2392605616556411
0.2392197523666904
0.2391649276736943
0.2391065627553526
0.2390820247499626
0.2390498263497004
0.2390139035298169
0.2389912839674967
0.238956577394861
0.2389078480529724
0.2388824962679106
0.2388038294338451
0.23877840753115
0.2387250905152855
0.2386935148519086
0.2386543226217452
0.238614757398635
0.2385806674268368
0.2385375327960786
0.2385047664695061
0.2384748711813501
0.2384260555710545
0.2383808322974809
0.2383414115711291
0.2383266938293306
0.2382919769062906
0.238252477022306
0.2382012182695808
0.2381556139354427
0.2381165692931431
0.2380428072634489
0.2379548613165023
0.237888317362163
0.2378471824252041
0.2377891585451559
0.2377715569640547
0.2376642144577641
0.2376080979849877
0.2375802581808883
0.2375525827574829
0.2375337565272517
0.2374780344523322
0.2374222183785722
0.2373771663470017
0.2373377156780597
0.2372862740023099
0.2372089502932759
0.2371761452752554
0.2371476508011909
0.2371105666817331
0.2370679176426445
0.2370332999017787
0.2370031314639392
0.2369661085966197
0.2369202491959548
0.2369014654906515
0.2368879037105852
0.2368369450873423
0.2368120414109808
0.236793024103352
0.236766979924911
0.2367335194727552
0.2367130093669442
0.2366866376721322
