2.398882464864051
2.185216929329062
1.899512745120595
1.616595618090698
1.358912876059732
1.087973659393883
0.9015060510284892
0.6826273750043126
0.6004773843455066
0.5701871169471261
0.5507241169722857
0.5007798012262277
0.4598732045776173
0.4376252668493455
0.4332822059929269
0.4237308317913082
0.4092136176047762
0.3969897105526752
0.3870298511834427
0.3780110069688978
0.3732178667283631
0.3691073489236653
0.3586949012622996
0.3496011207345569
0.3393956933022464
0.3342490857493532
0.3307380888979963
0.3254050785778437
0.3191490858594246
0.3149016912333537
0.3114793382389547
0.3080407791328573
0.304025969705393
0.3009955640747978
0.2994710649705845
0.294608530783129
0.2890587983630145
0.285142991782694
0.2818425579987925
0.2801561590862495
0.2773555425967456
0.2741946444252428
0.2715284216166305
0.2697637003937968
0.2675428761877069
0.2660488495925782
0.2654738407461457
0.2634760889985589
0.2618193174659216
0.2602476746224998
0.2581126561853477
0.2563811006588056
0.2549557138622274
0.2529975737914661
0.2514963295666738
0.2505168003196118
0.2493203558230408
0.2467533651803765
0.2444490915057598
0.2426671077333072
0.2419321357351275
0.2410106127562737
0.2394027972412273
0.2380121796418515
0.2368645753269751
0.2359876595456255
0.2350100493119277
0.2344425013887932
0.2336052932023014
0.2328811485585311
0.2322033906996837
0.2318638139177385
0.2315065136144718
0.2309966741859042
0.2306736144217777
0.2303860062976835
0.2300774948517169
0.229883827027347
0.229784396103786
0.2293171663304172
0.22915672838815
0.2290000373431332
0.2287586911928492
0.2285684153087381
0.2284780293175516
0.2284210872127992
0.2281247814979823
0.2279608566526753
0.2279301159126323
0.2278295247711798
0.2277493320421364
0.2275652382333957
0.2273123843454845
0.2271042910813554
0.2269851854795004
0.2268459459136755
0.2267055022052492
0.2265460652590701
0.2264215855528608
0.2261448865907054
0.2258166050183065
0.2256238785815798
0.225537649159018
0.2253629073727088
0.2252763747879455
0.225138182659005
0.225081091049671
0.2249716930169932
0.2248533205869793
0.2247320113232695
0.2244899549447088
0.2242028476355921
0.2240692883591736
0.2238967744103846
0.2237287633609255
0.2236290456839558
0.2235363908864531
0.2233931464464669
0.2233085654652847
0.2232595851523315
0.2231351178434054
0.2229758597462959
0.2228260915612089
0.2227092719029324
0.2225797274987827
0.2224373807596116
0.222362317652429
0.22225922712988
0.2222136759477681
0.2221930217174081
0.2221223160780067
0.2220801998305404
0.2220484584965107
0.2219371914034021
0.2218905573553105
0.2217999219704147
0.2215534628020674
0.2212232376509616
0.2211300956011703
0.2210795951268319
0.2210245195055199
0.2209735044482504
0.2208998662968904
0.2208693508988076
0.2208305982498097
0.2207909352298453
0.2207055807468902
0.2205879816446323
0.2204599285182933
0.220425820262516
0.2204080681653358
0.2203939205997001
0.2203433522456835
0.220319554602339
0.2203007568778584
0.2202236993217452
0.2202004421706531
0.2201691737880606
0.2201209259083265
0.2200516265079973
0.219986071351212
0.2199609452332189
0.2199303435173129
0.2198282332658531
0.219667804954718
0.2195088776513227
0.2191152819348653
0.2186338797058941
0.2183278165182697
0.2180981495029738
0.2176345127256176
0.2174589926658963
0.2172115237367926
0.2171072327018059
0.2169635268184459
0.2168086825835973
0.2167500554417376
0.2167081476340058
0.2164979934492061
0.2164253231454906
0.2163300247153818
0.2162931613648914
0.2162722702166209
0.2160871998414829
0.2159221176303726
0.2157958417772648
0.2157012682999112
0.2155707020049313
0.215456581730312
0.2153304885538995
0.2152038767474363
0.2150977407683546
0.2149895047864022
0.214900290107647
0.2148108913033124
0.2147231120986721
0.2145355196770054
0.2144237104958496
0.2143005632392139
0.2141511461120641
0.2140216731822712
0.2137900299148526
0.2136132436268244
0.2134401472275757
0.2132710833251001
0.2130209968667432
0.2127253776574744
0.2126035921434844
0.212469826679213
0.2123353816214763
0.2122443360855502
0.2121999925495924
0.2120975251042225
0.2120290615710914
0.2120029260799848
0.2119211584545857
0.211886694204793
0.2118541458094563
0.2118089502072677
0.2117604101205962
0.2117272182754399
0.2116835562686496
0.2116361554272221
0.2115928221440697
0.2115223560942543
0.2114264520310522
0.2111802506766635
0.2110425926066411
0.2109200976206144
0.2107384356734796
0.2106172604327644
0.2105553172089066
0.2104903679150347
0.2104083440424029
0.2102651635085523
0.2101776127668994
0.2100971075726959
0.2099919526730861
0.2099275236066767
0.2098945074730716
0.2097820232037407
0.2097438690272603
0.2097205228227171
0.2097094409268028
0.2096724535655189
0.209639283353214
0.2096243924475414
0.2095634486251888
0.2095202232907956
0.2094592232867224
0.2094007542416993
0.2093818258509406
0.2093583889638952
0.2092965215835267
0.2092146596573801
0.2091607971250908
0.2091070639692195
0.2090574545435043
0.2090242777907362
0.2089461349331914
0.2088824353430527
0.2088515079457151
0.2088214517469927
0.2087891259726923
0.2086995032419462
0.2086222389181255
0.2085702964753308
0.2084367452745296
0.208294351840238
0.2081639056403229
0.2080770495960798
0.2079644512858396
0.207830827722447
0.207773906533437
0.2077208076926385
0.2076831436679529
0.2076297390639694
0.2075795819621424
0.2075202733354287
0.2074682139220046
0.2073951871349056
0.2073486246560209
0.2073212080251501
0.2072868898086569
0.2072630542405436
0.207233536817277
0.2071744543782932
0.2071209258496511
0.2070653424933311
0.2069747582432662
0.2069316081767073
0.2069116776850501
0.2068911931014427
0.2068818303578842
0.206870955080882
0.206831398152981
0.2068176386007485
0.2068061660865246
0.206774538208751
0.2066842957057788
0.2065662438652603
0.2065419252865902
0.206525637965198
0.2065035966079666
0.2064806108038135
0.206446164919347
0.2064116477221578
0.2062986841780059
0.206207665590058
0.2060725521883175
0.2059852634781497
0.2059278755589862
0.2058679916735999
0.2058298295834406
0.2058005107418184
0.2057343458125986
0.2056922683403714
0.205657291454635
0.2056227157300251
0.2055661870125799
0.2055460610202203
0.2055435422283088
0.2055185809080295
0.2055045533134645
0.2054476738323726
0.2053976071803398
0.2053539049247453
0.2052720077121787
0.2051005746763358
0.2049526952504263
0.2048248638838882
0.2046701970652502
0.2045838557107553
0.2045467729170822
0.2044163885197665
0.2043720250524397
0.204346913597989
0.20431065782261
0.2042812895404186
0.2042514740939045
0.2041663804544028
0.2040543131532445
0.2040275131247566
0.204008063011392
0.2039826958959207
0.2039551985962499
0.2039415334377621
0.20392945976815
0.2038790835625337
0.2038582383155206
0.2038457858889518
0.2038402737583695
0.2038209005845219
0.2038046836607158
0.2037960663695015
0.203787583775272
0.2036966957479017
0.2036246498624226
0.2035054575406962
0.2034475874744182
0.2034090437764148
0.2032745833363392
0.2032332362686777
0.2032038667708923
0.2031227517646842
0.2030768191151133
0.2030385085804569
0.2030200154937022
0.2029974444568529
0.2029838625636183
0.2029624236158374
0.2029505895844134
0.2029417878120154
0.2029304530221356
0.202920885156174
0.2029084881776295
0.2028556149542131
0.2027989775590522
0.2026710319954516
0.2026067820151739
0.2025419299061571
0.2024901421209989
0.2024079368230988
0.2023698643562202
0.2023600139731504
0.2023366877138664
0.2023114762979958
0.2022456462359496
0.2021996031049591
0.2021678779963994
0.2021243777241212
0.2020873293075816
0.2019794599515597
0.2019240914913106
0.2018606741698864
0.2017880295958884
0.2017210789316769
0.2016557168812826
0.2015892154771906
0.2015085878665417
0.2014537983809716
