2.371873387848267
2.16233082698452
1.758060275169391
1.422321534653776
1.034255673878808
0.8840457597032909
0.7550632281249129
0.6721239072326745
0.5925336736345095
0.5173065145817891
0.4887245240140359
0.4506585036245973
0.425190108119618
0.4134669221667053
0.404886772868882
0.3923543840826389
0.3779330282286826
0.3611067987956884
0.3518039659536574
0.3469001497237358
0.343944823118959
0.3371419450690133
0.3290750602881242
0.3220271218300589
0.3167040951705594
0.3058605624616883
0.2999425732418082
0.2978722843122643
0.2925433645686606
0.2892183062832921
0.2853043915274562
0.2837006056857885
0.2755310168481133
0.2724684797014398
0.2686194956138339
0.2623013238700395
0.2566786230907661
0.2541396527675877
0.2488281312494159
0.2464572804282813
0.2462319079377009
0.2448121487198113
0.2431530381221078
0.2414249725417475
0.2382126613476251
0.2350095756770594
0.2317312828006896
0.2285201325538975
0.2258883468706216
0.224877101384678
0.2242425048971587
0.2238024386571137
0.2223147469555878
0.221124590207197
0.2194032316870871
0.2180994393629354
0.2168447716603395
0.2159046537026585
0.2145860810993473
0.2136514735828471
0.2128519749655876
0.212148469125213
0.2111713801493784
0.2104165284802523
0.2095862188406562
0.20883092503321
0.2079189379865622
0.2071677376055774
0.2063056649275359
0.2055839404965093
0.2052106828151108
0.2047110304651658
0.2043924969547261
0.2036801562156421
0.2026337464109447
0.2018512945488546
0.2010769355137499
0.2005826504747601
0.200089317684296
0.199617333375881
0.1985502150686496
0.1980018525355637
0.1977893041272952
0.196967088930873
0.1964900703815483
0.1962582105724946
0.1959278489283579
0.1957037729104601
0.1954086062251262
0.1952431972856143
0.1950553507287288
0.1947942390172749
0.1946503211871048
0.194583308395042
0.1944882661382834
0.1943506584604531
0.1942229879826562
0.194160545187705
0.1940769801932308
0.1939969983905447
0.1939250867020826
0.1937836225517591
0.1936265847175099
0.1934713550213596
0.1932068625390883
0.193130459742776
0.1928463971356285
0.1926883206186241
0.1925898803306033
0.1923326509160996
0.192214648282642
0.192082412430174
0.1919335317347312
0.1918704278394159
0.1917895151338776
0.191639851110315
0.1914954621743557
0.1913559321265577
0.1911583088239553
0.1910148469334196
0.1909146683019542
0.190751726659781
0.1905893801168659
0.1905146468346401
0.1904933820833918
0.1903866853589457
0.1903015886752523
0.1902596661325093
0.1901989102501215
0.190155246688277
0.1901023866926378
0.1900407090025459
0.1899994976122959
0.1899412647505051
0.1898400490592266
0.1897750242906787
0.1896392585851554
0.1895737523183856
0.1894968631455842
0.1894635786593959
0.1894546542484456
0.1893977675357152
0.1893695274253261
0.1893227695158008
0.1892604120734579
0.1891569231433124
0.1891002444479445
0.1890267842540791
0.1890043468634347
0.1889742153731746
0.1889426703759453
0.1889083858838962
0.1888604800937696
0.188810922868624
0.1887503753610164
0.1887184044596628
0.1887030687450762
0.1886717177903041
0.1886490875339787
0.1885980221133208
0.1885506768942099
0.1884698881698318
0.1884189981978449
0.1883808825436166
0.1883152093551839
0.1882730149911837
0.1881936090093739
0.188150865139256
0.1881148855230827
0.1880646462939903
0.188023766062857
0.1879876147836293
0.1879009141336332
0.1877805132597322
0.1877144951691771
0.1876897691115296
0.1876139016013382
0.1875825819903904
0.1875549125615502
0.1875102011240355
0.1874780644182076
0.1874493449373516
0.187341897726846
0.18721421298498
0.1871608042632846
0.187108893788986
0.187030066224695
0.1869894441691288
0.1869654443546275
0.1869377543574793
0.186912229592557
0.186886508329433
0.1868210318350243
0.18675258909611
0.1866165323327398
0.1865273579372491
0.186425662065731
0.1862964275654969
0.1862393941215002
0.1862126488239756
0.1861126533155009
0.1860871541706334
0.1860537160968201
0.1859628801872556
0.1858535441210616
0.1857975743810072
0.1857636772787421
0.185657663621953
0.1856116330329461
0.1855589289523355
0.1854977624530841
0.1854693403896379
0.185391709051991
0.1852704741914577
0.1852231957124916
0.1851977987361988
0.1851649697940661
0.1851350671100759
0.1850831234101626
0.1850241123635147
0.1849576555961658
0.1849324757444182
0.1849006606239118
0.1848691184899447
0.1848087382793665
0.1847680839343012
0.1846719931746351
0.1845841102593586
0.1845246541548266
0.1843925607697066
0.1842394171867449
0.1841862531715368
0.1841624676731696
0.1841247787992433
0.1840707386691259
0.1840176066665853
0.1839472022827059
0.183895776508574
0.1838636131912509
0.1838455603914439
0.183788499772989
0.1837540135879094
0.18373517100751
0.1837093080621749
0.1836796038529923
0.1836509559725585
0.1836073140706982
0.1835778936733458
0.183489277708157
0.1833980657691663
0.1833056354636625
0.183211951169696
0.1830977432185698
0.1829995982471285
0.1829226452225023
0.1828355930698061
0.1827168195709725
0.1826329523410704
0.1826027120497002
0.1825646807475777
0.1825129804094457
0.1825048680843849
0.182411226008372
0.1823808395133111
0.1823465191098426
0.182297470693776
0.1822688693895689
0.1822200040688788
0.1821472829602577
0.1820897061649674
0.1820245222282356
0.1820014502150964
0.1819729245026967
0.18194591143654
0.1819011999562243
0.1818834175238309
0.1817625048902965
0.1816815441068527
0.1816336342148378
0.1814703171671756
0.1814267879889995
0.1813854225124829
0.1813597214132672
0.1812918563800295
0.181268112874476
0.1812391755407816
0.1811959395219506
0.1811749413084248
0.1811017997897826
0.1810721731903108
0.1810469601909221
0.1809907143469985
0.1809274269994077
0.1808807503550661
0.1808217391928646
0.1807531584022757
0.1807186683581072
0.1806730051171662
0.1806436049455777
0.1806123686856495
0.1805674980181485
0.1805508438091944
0.1805306782845471
0.1805069490769302
0.1804655826815831
0.1804302876751928
0.1803893031455467
0.1803656066055843
0.1803538965584619
0.1803398779950705
0.180326120486452
0.180313846129577
0.180272993850578
0.1802060430579101
0.1802049845357878
0.1801240543722724
0.1800944727688719
0.180066583823062
0.1800145016953948
0.1799688453924615
0.1799442589645228
0.1798848618880696
0.179800865361461
0.1797729775660875
0.1797344002804289
0.1797006715533795
0.1796691213930696
0.1795978478803993
0.1794961292213094
0.1794130063198188
0.1793182773712771
0.1792232570743141
0.1790909343042302
0.1789895711583708
0.17889488972109
0.1787915669096858
0.1787223528853996
0.1786716176500571
0.1785644221592207
0.1784987592852129
0.1784304664481353
0.1783437789893784
0.1782945478899156
0.1782775372741175
0.178227191424712
0.1782091553513837
0.178188927735042
0.1781319989062172
0.1780656239767742
0.1780071033464213
0.1779698532975437
0.1779439110673774
0.1778536687783109
0.1778278895379102
0.1778030922840263
0.1777800488812075
0.1777470496314367
0.1777343843793058
0.1777219175287986
0.1776742071444698
0.1775928835425186
0.1775446460681247
0.1774768884568766
0.1774447990626441
0.177418758884866
0.1773938686606317
0.1773776788676817
0.1773554579427646
0.1772978716564112
0.1772609941339656
0.1772226124272705
0.1771759323236261
0.1771560783398546
0.1771290074228081
0.1771013898953648
0.1770852073299002
0.1770756784599226
0.177046245686535
0.1770252719629669
0.1770027078108454
0.1769504338905492
0.1768570243217442
0.1768286591435022
0.1767955128478694
0.1767790904397171
0.1767642140270764
0.176732560180937
0.1766941169817483
0.1766733218742607
0.1766583604291174
0.1766208673487131
0.1765703302840713
0.1765526811404431
0.1765332013680053
0.1765088613785168
0.1764916852479724
0.1764485012857659
0.1763937016642675
0.1763351444895958
0.1763127073135864
0.1762974909630249
