2.412467366558441
2.202022022085025
1.91264102851455
1.640098956323133
1.366193278552638
1.105062975644239
0.8608177656652475
0.7000828221487823
0.559469567495857
0.507216673693611
0.4890121909417208
0.469256385706586
0.4463509722938571
0.4298636113696732
0.3949007634028245
0.3780056897035434
0.3703479211100001
0.3694642275493542
0.3662269816350717
0.3541030425138395
0.3419922365984195
0.3343877647668012
0.3288788088561838
0.3258710839395764
0.3204684959591371
0.3143143510709945
0.3085696438017814
0.3037000563224147
0.300888068772159
0.2965203551638443
0.2868513639560786
0.2828470646772122
0.2799642025354321
0.2770308307071693
0.2731852629149447
0.2687333357646243
0.2637715072428614
0.2600980109304641
0.257439833052186
0.2557254901039257
0.2551850370302713
0.2547421019630409
0.2507584521987451
0.2471370557462252
0.2439375938517611
0.2414332593102141
0.2398108134050813
0.2395043414008976
0.2387735212364444
0.2352611333837502
0.2323515616574433
0.2304348441160387
0.2278738394372106
0.2271469500190543
0.2259207857130051
0.2231269695496791
0.2211943194762494
0.219852091952377
0.2185828413559789
0.2168459323987604
0.2140483031592255
0.2131228026828283
0.2124703358616549
0.2108401430105513
0.2092462259715659
0.208183172822857
0.2072227841245714
0.2068718781721449
0.2057697686131909
0.2045317229503313
0.2039003441359004
0.2033559403332862
0.2025768349084134
0.2019283340636102
0.2012938110391061
0.2007600672985716
0.2007402827064741
0.2005380608627663
0.1999465905505486
0.1992405901434534
0.1987820549289221
0.1982597781645046
0.1979160682734159
0.1975927964605921
0.1971877307490546
0.1967554841780527
0.1960983064125421
0.1958529511737533
0.1955942295009652
0.1952966360179248
0.1949907978529663
0.1947610185295691
0.1945692464035629
0.1944185378453351
0.1942169144769318
0.1940473777386792
0.1938790752360616
0.1936929720392293
0.1935518573607634
0.1933802796664524
0.1932440386032694
0.1930991144850099
0.1929818294867624
0.1928659528936566
0.192747745381917
0.1925681757872365
0.1925154170209938
0.1925010793248153
0.1924266856476159
0.1924094933498773
0.1923409236894728
0.1923095718094953
0.1922622016819042
0.1920392273318836
0.1919827186847722
0.1919162313809158
0.1917444618130056
0.191547469777837
0.191437947200663
0.1911975284972499
0.1909667373770425
0.1908793435704512
0.1907872720714079
0.190656637882509
0.1906044082263174
0.1905539373048045
0.1904737832736338
0.1903631608884654
0.1902957459763338
0.1902268662833432
0.1901835360040539
0.1901496760196608
0.1900345212059478
0.1899813359339266
0.1899771276042989
0.1898702522139761
0.1898167787593358
0.1897432224029229
0.1896069136108517
0.1895246222785423
0.1893433521670317
0.1890995606588784
0.1888682517277071
0.1886897359406725
0.1885499569324715
0.1883566446986432
0.1883042805061245
0.1882580815106828
0.1881935934183934
0.1881225699675007
0.1880672583353653
0.1879901327416278
0.1879134251272981
0.1878641038523434
0.187815924624982
0.1877405260833188
0.1876834021438324
0.1876364598717187
0.1876212539625663
0.1875727328062121
0.1875428037316369
0.1875224224456755
0.1872917579039365
0.1870489534342296
0.1868847198362003
0.1867493076208176
0.1863341661586936
0.1861035686612018
0.1860818578233427
0.1858148418041182
0.1857357271009906
0.1856895500766056
0.1855748882620687
0.1854888587666117
0.1854181596992608
0.1853509930647413
0.1851626712347045
0.185047335179345
0.1849750458385354
0.1848115891076521
0.1847337589883206
0.1846861858521973
0.184554609798526
0.1844626477572094
0.184391175495325
0.1842981160020854
0.1841892397744838
0.1841282570288387
0.1840521389875721
0.1839441937345564
0.1838887488562223
0.1838486429499523
0.1837993502950032
0.1837485406612333
0.1836921779748006
0.1836123312612671
0.1835620976897581
0.1834366313268976
0.183303982616923
0.1831602236595061
0.183030248758028
0.182862283333655
0.1827357051477774
0.1825825259055912
0.1824491556515158
0.182319516613077
0.1821504352169788
0.1820084785070365
0.1818767971842296
0.1817193546687158
0.1815810774616564
0.1815016564975211
0.1814536688406203
0.1812994034896819
0.1812643193209791
0.181244521188961
0.181220373788147
0.1811320683359336
0.1811057467550324
0.1810651692354096
0.1810306506360623
0.180995590598847
0.1809612785818122
0.1808351296178732
0.1807355473764978
0.1806348744380896
0.1804539566142469
0.1803286976979908
0.1801591040428304
0.1800700878404378
0.1800129495218601
0.1799675769240902
0.1799006164991479
0.1798395801331602
0.1798075416041784
0.1797774569149088
0.1796925848324885
0.1796562748836005
0.1796176535518977
0.1795710134705664
0.1795200192412952
0.1794866643844268
0.1794366765834615
0.1793856319822477
0.1793681377857366
0.1793538596211351
0.1793268416471195
0.1793004187378046
0.1792111389665686
0.1790077277177395
0.178736968290726
0.1786241324012358
0.1786069087450178
0.1785197851980583
0.1784791903936091
0.1784607949882301
0.1784087979858859
0.1783188970853423
0.1782731022174018
0.1782110834965982
0.1781499354327623
0.1780983809605569
0.1780393190204041
0.1780117781722705
0.1780090437961588
0.1779749667817786
0.1779600413835104
0.1779239557587556
0.1779081160861117
0.1778499542460665
0.177731737929762
0.1776499751893792
0.1775554184915421
0.1775076758074946
0.177442842589001
0.1774172131698069
0.1773533875693692
0.1772777422702608
0.1772339974486274
0.1771769574670238
0.1771226783134956
0.1770640111267197
0.1770159652511774
0.1769558293106582
0.1768998618983938
0.1768546772801112
0.17675791993701
0.1765677740533316
0.1763654954661379
0.1761954337277833
0.176011977126859
0.1757415833031926
0.1756779923270589
0.1756462106127945
0.1755775506134778
0.1755377059028692
0.175439302311087
0.1753710269978469
0.1753371127384576
0.1752480534121424
0.175186353391727
0.1751159532608494
0.1750672647232923
0.1750281159493833
0.1749506240484612
0.1749074566604486
0.1748798924116632
0.174821712232047
0.1747911289005912
0.1747521479941779
0.1747099726182128
0.1746778292929633
0.1746198315942525
0.1745430776746457
0.1744687726245788
0.1744482039281594
0.1744269046958678
0.1744004464418629
0.17437589384343
0.1743067010843395
0.1742307966192489
0.1741487417550498
0.174077691461497
0.1739387467082552
0.1738219415108866
0.1736801083521702
0.1735922279135486
0.1735251134693799
0.1734531559088757
0.1734062920923049
0.1733728982107558
0.1732972978293785
0.1732431174270391
0.1731947543311835
0.1731452025426821
0.173095335391816
0.1730333216567587
0.1729980300976893
0.1729687901983506
0.17289927962739
0.17285957607629
0.1728134642486826
0.1727964040014766
0.1727612902557499
0.172724279171302
0.1727097942830631
0.1727071278678327
0.1726680422078923
0.1726590930092327
0.172638334925552
0.1725506127032325
0.172506093677216
0.1724539168501014
0.1724093032806985
0.1723755061236302
0.1723170195427397
0.1722735197377107
0.1722535050504088
0.1722155013615854
0.1721718553451209
0.1721369808668941
0.172095165904623
0.1720472402323151
0.1720269876838275
0.1720202396273059
0.1719796433515294
0.1719488849770636
0.1719161819330285
0.1718776416639241
0.1718567261543867
0.1718156602926003
0.1717161425511629
0.1715801483764182
0.1714763682394489
0.1714117383402144
0.1713445119920258
0.1712763120510399
0.1712346257533718
0.1711791951038011
0.1711200178972495
0.1710746500170046
0.1710401487896371
0.1710138305207973
0.1709217447002241
0.1708470388306396
0.170800725713728
0.1707495440349115
0.1706537099140624
0.1705005687490422
0.1704364996746493
0.1703727520951613
0.1703205558851067
0.1702770421461003
0.1702281765387444
0.1701792946541766
0.1700947672080716
0.1700775117582189
0.1699680350893044
0.1699124984603066
0.1698537546298934
0.1698149487244368
