2.332186076863447
2.169510419053886
1.806679162329803
1.428004559327452
1.160671848248362
0.8477071672278733
0.7803701520800352
0.7339696841118123
0.6763035730921265
0.6164680673306895
0.5740720255804002
0.5445733685936477
0.5406958373831233
0.5042088134990441
0.4723394324742695
0.4636834242067182
0.4414951230778577
0.428613516727561
0.4279565664476058
0.4193967896390878
0.4095112122816001
0.4008407464395689
0.3986135220577773
0.3962177670280914
0.3883742313512528
0.3825793864219591
0.3772468159883551
0.3732574994046255
0.3690846726022862
0.3644705458943244
0.3576162294916886
0.3563466506398196
0.3556279593893846
0.3511358959102282
0.345635225182073
0.3426195643140706
0.3403458446764658
0.3373484764325819
0.3341789201361574
0.3311242962549719
0.3281159604039863
0.3264566565559955
0.3247178259921419
0.3222673080376702
0.3192888447471655
0.3156443390510667
0.3125899529904115
0.3113852708927527
0.3112552925205411
0.3104531596339299
0.3080167284928237
0.3062179151381896
0.3042316994316036
0.3026197760636344
0.3009576659611379
0.2989326568551735
0.2965879481333894
0.2954136402398092
0.294448999606301
0.2939519989377997
0.2927414671810598
0.2907306888504497
0.2885769136138773
0.2871650183749201
0.2865925366461813
0.285116466028063
0.2837110904329073
0.2826132962727273
0.282096558941785
0.2817145926972832
0.2809547406527207
0.280259529475099
0.279745900062669
0.2792874190498987
0.2790112206209079
0.2786977642609384
0.2782610944329488
0.2777753062078024
0.2775874112279232
0.2773370968958886
0.2772183048622086
0.277117915988571
0.2767499219012893
0.2764389074880299
0.2761489728241902
0.2758345694192854
0.2757536699645168
0.2754311782931071
0.2750606850297689
0.274906886445412
0.2746584484506612
0.2744331140417894
0.2743353424961138
0.2741422194332573
0.2741033797782699
0.2739453681896011
0.273882405582407
0.2737927062813226
0.2737231843968158
0.2735097773861414
0.2733241511038077
0.273177592463939
0.2729678816215078
0.2728275250322236
0.2727067695812365
0.2724826915352012
0.2723683974631956
0.2722473546303135
0.2720214966924322
0.2718824466915217
0.2715441586025651
0.2714159830475635
0.2713620280506109
0.2712175219168164
0.2711305235489552
0.2710107440244657
0.2708901850271425
0.2708094636604446
0.2707251597796548
0.2705383206858237
0.270427733373385
0.2703462284709165
0.2701363037902029
0.2700041998819583
0.2699168888965904
0.2697971854015223
0.2697476964866999
0.2696791297076032
0.2696128992937403
0.2695472757329148
0.269476258905382
0.2693476847778828
0.2692251417914692
0.268952985946292
0.2687537799162813
0.2686731274241677
0.2684154853526023
0.2682961038000927
0.2681275807824598
0.2680135013181145
0.2679250676374826
0.2678081623814661
0.267761616035825
0.2677027350259414
0.2676069906922595
0.2675043356359393
0.2674352655636013
0.2673656864312212
0.2672549603537745
0.2671941151349566
0.2671643006139638
0.2670975537689205
0.2670418099169607
0.2669727585690813
0.2669199607516189
0.2668431414586919
0.2667653422096611
0.2667296844260328
0.2666854908655913
0.2666034940764694
0.2664351495126973
0.2662359290833127
0.2661413706674974
0.2660854827335296
0.2660314229315291
0.2659647704807173
0.2659213306707908
0.2658914110978173
0.2657861869304509
0.2656504499209609
0.2656067424644215
0.265560812313372
0.2655064267586644
0.2654631882740842
0.265406393104886
0.2653509508530027
0.2653291920240209
0.2653003800497253
0.265256075258926
0.2651584773652896
0.2650951860875413
0.2648827609827212
0.2647697183817161
0.2647143803139392
0.2646480025541092
0.2646022176409833
0.2645490992748507
0.264475733512735
0.2644259591124362
0.2643987511419916
0.2643769186258041
0.2643440615524925
0.2643148202960452
0.2642871158288786
0.264260130523989
0.2639739843059634
0.2638161074691742
0.2637781310863994
0.263610056261084
0.2635009904074707
0.2634353540229267
0.2633454077652356
0.2633038114832637
0.2632432961500235
0.2632193199974572
0.2632054869165669
0.2631596241625615
0.2631426279778206
0.2631244271384918
0.2630605243879585
0.2629334784326054
0.2628296683622167
0.2626959649236866
0.2626528722070285
0.2626361449988999
0.2625858579295625
0.2625604790969367
0.2625102841001368
0.2624591810191954
0.2624299175677532
0.2624093087737556
0.2623643975938895
0.2623144533645984
0.2622736242226024
0.2622152795238111
0.2621670150106517
0.2621396941876405
0.2621165408446796
0.2620407018052201
0.2620061395283717
0.2619804987189794
0.261916185301783
0.2617866340101921
0.261712984536223
0.2615382262119402
0.2614245791120915
0.2613694481301701
0.2611836355016257
0.2611230391817709
0.2610683414240065
0.2609918584429508
0.2609310724393692
0.2608795249092423
0.2608224261493963
0.2607814347594179
0.2607488570571473
0.2606887001623049
0.2606219830654403
0.2605992754973508
0.2605798035315619
0.2605531158023714
0.2605290613022349
0.2604777193324171
0.2604055262076664
0.2603503232965488
0.2603017057149823
0.2602382494884372
0.260116374354302
0.2600390354231273
0.2598660189313448
0.2597465485678371
0.259699327961192
0.2594745312212563
0.2593986902857449
0.2593589270294329
0.2593094301174924
0.2592601053174273
0.2592150599462743
0.2591584209272541
0.2591042041128002
0.2590546955904068
0.2589408167899897
0.2588200345968203
0.258763115260923
0.2587470405362553
0.258686843403182
0.2586554726361444
0.2586250421294503
0.2585546337119248
0.2585091530361925
0.2584728466752246
0.2584083779018536
0.2583727930059317
0.2583518196429523
0.2583108728728364
0.2582747945797642
0.2582301422120902
0.2582119049827691
0.2581942907167231
0.2581279192316468
0.2580565617632095
0.2580233435096842
0.2579994428139749
0.2579664913117293
0.2579456242587437
0.2579237278965685
0.2578701956770392
0.2577125686558841
0.257519893820367
0.2573530658665255
0.2572912374012249
0.2571892411331578
0.2571452931108201
0.2571169806857356
0.2570960756917953
0.2570419485881422
0.2569973665879152
0.2569747754570764
0.2569124575260729
0.2568728240579127
0.2568606309447334
0.2568000719699113
0.2567675193423573
0.256749746578172
0.2567084587269923
0.2566283237147516
0.2565714921132919
0.2564940414810768
0.256466583966935
0.2564285841972541
0.2563933448898785
0.2563355010273473
0.2563218094843284
0.2562672525704786
0.2562430504427373
0.2562288231235956
0.2562165516283895
0.2561833522340553
0.256159452381257
0.2561421246177357
0.2560971153044179
0.2560541492483984
0.2559948588790488
0.2559486063366989
0.2559173124440639
0.2558545853326251
0.2557592481793752
0.2556632411953007
0.2556500898168548
0.2556328410759552
0.255602739037485
0.2555611467126678
0.2555310533948771
0.2554703675033312
0.255360300891839
0.2552397469597611
0.2552082254242669
0.2551705665563341
0.2551381728038528
0.2550974480441062
0.2550623801962379
0.2550000769319083
0.2549526297562127
0.2548652170805736
0.2547766618296899
0.2547353158791398
0.2547157181805595
0.2546646787239429
0.2546331070202512
0.2546010897188751
0.2545629802174805
0.2544918516385973
0.2544392414896138
0.2544153166205076
0.2543526842433431
0.2543045928555965
0.2542574238175002
0.2541662237715265
0.2541188721998082
0.2540985196591328
0.2540808869238276
0.2540556831207061
0.2540017821728111
0.2539634670381865
0.2539006034084346
0.2538454010149994
0.2537918552817335
0.25374526921547
0.2536995133268907
0.2536333449114846
0.2536067000658344
0.2535981576042305
0.2535402577562672
0.2535003962793621
0.2534597697855236
0.2534046409356573
0.2533958314156523
0.2533779424280299
0.2533503449453875
0.2533259428884893
0.2533096114237426
0.2533002808322298
0.253263617285457
0.2532438945563692
0.2532318941665698
0.253205176668977
0.2531733825333616
0.25311980779378
0.2529944942992967
0.2528494039008254
0.2527212250514344
