2.381950039353167
2.187021306318774
1.82798357918835
1.439163434148109
1.027446718114564
0.9079528200698465
0.7684113274048857
0.7006249415807784
0.6363187423863484
0.5833384043104575
0.5671030550957463
0.5057542199967103
0.4844503565273741
0.4576044753794565
0.4312732958508422
0.4263225276232036
0.4196206934407837
0.3957342822493804
0.3828182049633065
0.3761605953915335
0.3665818540424055
0.3507924380906571
0.346736871445037
0.3439268426624782
0.3397122360164379
0.3332783363931667
0.32909047750506
0.3250135085078517
0.319655945019223
0.3174180902251014
0.3150370867350007
0.3120426502887504
0.3097305610125994
0.3076848007783469
0.3064084978569398
0.305813760822399
0.3017662603131712
0.2969794514075473
0.2938144368861685
0.2903628574072715
0.2897799696531505
0.2888450441584468
0.2855683774614455
0.2816348136729304
0.2777674413591599
0.2746098229591991
0.2718434525859188
0.2710718851825555
0.27075865247925
0.2677019068219096
0.2650203819823088
0.2637966153684894
0.261340682488143
0.2596536335842693
0.2588522578052087
0.2582842429243004
0.2572339896893511
0.2550326796722833
0.2533291343962347
0.2514566632276294
0.2505069639636011
0.2483259925829849
0.2464300870756906
0.2442430822843123
0.2437224870227395
0.2434727174295875
0.2415078807622403
0.2397276531334679
0.2382559730529696
0.2375352335229654
0.2362175486582082
0.2355570324186088
0.2347315171699164
0.2328788259582841
0.2317555873612153
0.2313805084591641
0.2311264269777575
0.229970001124251
0.2291614069289363
0.2283627174222813
0.2279977727487417
0.2275902495758678
0.2272169518687077
0.2266805620526492
0.2263036565747059
0.2258372214474305
0.225367147894822
0.225190070997622
0.2250767604513526
0.2248553745999384
0.2246124152050708
0.224416948800219
0.2242375585103218
0.2239744880294399
0.2238512121936353
0.223690288333622
0.2235308747624827
0.2234277458423647
0.2233550358171992
0.2232676372279513
0.2232059328686951
0.2231694075141385
0.22313025977272
0.2229938819578376
0.2229610860496978
0.2229188076039868
0.2228048688926415
0.2225617070056419
0.2223967322844113
0.2221930395344107
0.2220329313736326
0.2219447626079162
0.2217277153296562
0.2215532317045401
0.2215048537799298
0.221380434285732
0.2212613683872626
0.2211588296367654
0.2210390654181379
0.2208971634402408
0.2208271053809082
0.2207863769784746
0.2206663415387476
0.2205927828319398
0.2204948215191665
0.2203938179977811
0.2203129913950713
0.2202062487544688
0.2200982447023964
0.2200103732880106
0.2199197301916514
0.2198203859551938
0.2197502559520177
0.2196889202718261
0.2195840546651838
0.2194813996254796
0.2194477986640132
0.2194119861986744
0.2193427964097155
0.2192748300096582
0.2191949482333519
0.2191316180781551
0.2190922388937901
0.2190571225801033
0.2189841045772856
0.2189124549037653
0.2188331411256182
0.2187589357208544
0.2186770707439303
0.2185989885077536
0.2185109567983844
0.2184437426880974
0.2183201652797612
0.2182241310737935
0.2180865349503652
0.2179301984503564
0.2177772388077147
0.2176119382948354
0.2175410948011951
0.2174752150612895
0.217378075439399
0.2172920459672823
0.217252522629225
0.2171593075046392
0.217074749477951
0.2169818764823177
0.2168976415791481
0.2168146602911469
0.2167103339766409
0.2166665000222169
0.216605939109128
0.2165587333147459
0.2164993659335985
0.2164378449752629
0.2163811320194759
0.2162857446393898
0.2162317281095624
0.2160456573445956
0.2159041582139361
0.215853954283772
0.2158040795510886
0.2157222845272346
0.2156542100634016
0.2156061817668654
0.2155528654723928
0.215441044399729
0.2153883737310992
0.2153339711766386
0.2152715887632666
0.2152216058781047
0.2151878436606877
0.2151377053172261
0.2150888119686051
0.215022534363438
0.2149670460377756
0.2149069577315277
0.214858669720601
0.2148073482141031
0.2147416956980996
0.2147136366930437
0.2147041787199756
0.2146738808121242
0.2146460046320036
0.2146178113278377
0.2145364253988372
0.2144568040820808
0.2143106020134131
0.2141566947055425
0.2140109567756696
0.2138992210210557
0.2137542310199652
0.2136016236876468
0.213535304771872
0.2134676022246517
0.2133744720497077
0.2133256665407294
0.2132934485799204
0.2132581329735353
0.2132264939438941
0.2131807826996835
0.2131262418644128
0.2130276628309171
0.2129666165751099
0.2129050533537067
0.2128413854351012
0.212768770346924
0.2126862682177831
0.2126544837391423
0.2126136771994737
0.2125464755849553
0.2124961121323334
0.2123824347840252
0.2123179657322304
0.2122381286529522
0.2121961991468631
0.2121788693199763
0.2121244316548768
0.2121042976112819
0.2120868977788777
0.2120632231182497
0.2120418415857899
0.2119784320455166
0.2118402806303336
0.2117678869024405
0.211667871592199
0.2116167116549498
0.2115817623760966
0.2115468265971773
0.2115059382786613
0.2114573038122967
0.2114288622656677
0.2114042931649161
0.2113121493647862
0.2112813900910467
0.2112606062321704
0.2111924252856313
0.2111272594521851
0.2110815465975012
0.2110234077050115
0.2109777244147774
0.2109292231754851
0.210871069461526
0.2108141308648697
0.2107787054136073
0.2107516494576537
0.2107040719371981
0.2106537613594347
0.2106262929350659
0.2106085212060529
0.2105866469535211
0.2105062310377584
0.2104571066025568
0.2103973136981989
0.2102363495566135
0.2100876756600837
0.2099650402137556
0.2097980996718714
0.2096790575457238
0.2095736083071028
0.209453282240109
0.209374033188699
0.2093466727471101
0.2092732273436229
0.2092363309126566
0.2091974029955519
0.2091456266686141
0.20911170863585
0.2090739566436945
0.2089858373054849
0.2089354457884151
0.2088771622489932
0.2088172294858543
0.2087648949442272
0.2087065280394659
0.2086449634169169
0.2085968562971018
0.208565241260938
0.2085217399870758
0.2085064283179722
0.2084859125168129
0.2084650826595696
0.2084146192469866
0.2083518921448279
0.2082938306932703
0.2082714756965979
0.2082503089947062
0.2082037810671692
0.2081397955366459
0.2080613804788811
0.2080242372226945
0.2080104715631704
0.2079940234168415
0.2079569908784264
0.207937726497795
0.2078865640170059
0.2078403099586299
0.2078093106170463
0.2077738426026501
0.2077375116721776
0.2076946800557167
0.2076540432412523
0.2076091938621261
0.2075688867202622
0.2075047325862274
0.2074259556558399
0.2073053440004872
0.207272550231298
0.2071762421041741
0.2071276635298289
0.2071020790515908
0.2070652568500733
0.2070503204912365
0.2070138264961479
0.2069788312892267
0.2069516810679281
0.2069167483926015
0.2068399525906401
0.2067873179087961
0.2067185458089696
0.2065949411278483
0.2065479364088591
0.2065218382311159
0.2064905541849831
0.2064351956350742
0.2064074015446227
0.2063729019092979
0.2063498531368828
0.206327650378928
0.206298392929992
0.2062696614071596
0.206214547872511
0.2061514131654235
0.2061460949275256
0.206048643613278
0.2059916437347704
0.2059279768687264
0.2058564535621794
0.205823089639354
0.2057869449858393
0.2057147891017419
0.2056424023944934
0.205554348095186
0.2055111375682251
0.205472980074353
0.2054197603096466
0.2053657992131003
0.2053406391283611
0.2053177905501043
0.2052821856135738
0.2052518585592022
0.205225210599893
0.2051966039242292
0.2051423433908459
0.2050698339899248
0.2050231781887079
0.2049848965647911
0.2049393367541418
0.2049199934368255
0.204888900417013
0.2048406739844379
0.2048012255043066
0.20474069825149
0.2046778908445217
0.2046396780108949
0.2046127219167724
0.204554075353151
0.2045297726898171
0.204505961878155
0.2044792078142206
0.2044256048474491
0.2044034895298318
0.2043309685975069
0.2042962352383266
0.2042514655899351
0.2042024195363319
0.2041817524100278
0.2041796130523541
0.204153174272508
0.204137383028678
0.2041277262539655
0.2041140847967129
