2.420363432130017
2.200837150547905
1.883294905286034
1.612945766086522
1.172923782117838
0.815488434686676
0.6902240530008569
0.6122728282059678
0.5566335942651793
0.5290771585644012
0.5151086892032263
0.4808570681413796
0.4575441556478192
0.4460893378966884
0.428624218433685
0.4072818902875885
0.3905695032326635
0.3796130382602791
0.3745695125455148
0.371607775849393
0.3629083161270093
0.3464737385218916
0.3376412187582746
0.335290634988781
0.3316548639077819
0.3218306027220856
0.3136662504708649
0.3049474420533704
0.2941615681824873
0.2855759396032276
0.2821201342512792
0.2805238416771486
0.277764527189713
0.2760615676019962
0.2706775920147719
0.2694561928184825
0.2679856999023382
0.2651172968382043
0.2613741257084953
0.2577434933527373
0.2567501097266277
0.2547948010589311
0.2538537410220102
0.2526877183047064
0.2504282690949611
0.2465576301635372
0.2436633549404136
0.2404590003281261
0.2396597699728479
0.2395259202074211
0.2385150154055304
0.2366437896870583
0.2339631974161928
0.2311214695686615
0.2289508436664157
0.2265836763097376
0.2244846955255503
0.2229250742422394
0.2218680005486561
0.2211901563288243
0.2193476860186169
0.2173350032437901
0.2161950490740109
0.2151488973979381
0.2143835308677331
0.2131455788059609
0.2127364193653117
0.2116973936890735
0.2109485992037032
0.2096381791743068
0.2087707139355219
0.2082533638482892
0.2076861435376906
0.2065710647965663
0.205529527364057
0.2038568869083198
0.2031140234638551
0.2027435365202628
0.2021337680263543
0.2009689287747425
0.2003133566118971
0.1997859884217007
0.1989956161355675
0.1987001772212257
0.1982623162206417
0.1976795311724294
0.1971934766235093
0.1969802179755695
0.1965925919109348
0.196303812359479
0.1960395138060063
0.1957297765386362
0.1953011053399145
0.1949807893325458
0.1948855094712988
0.1946298473512782
0.1943668310523669
0.1941886384811587
0.1940529613983253
0.1939240514561015
0.1937899549586262
0.1936757583080025
0.1935622238354067
0.1934657496306865
0.1933750779933585
0.1932582614408886
0.1932109692536011
0.193164323734611
0.1930574290352005
0.1929860224079816
0.1928763453989119
0.1927598508728923
0.1926661535219434
0.1926050783163306
0.1925185392898865
0.1923884937048524
0.1923432817436612
0.1922889564525131
0.1922230729952281
0.1921693827111499
0.1921220680307851
0.1920666476675494
0.1919916748502488
0.191959357545497
0.1919357012296135
0.1919077196451222
0.1918774430994771
0.1918389435495604
0.1917939530921042
0.1916760683832997
0.1915810065823856
0.1914342481100736
0.1912873238546433
0.1911238015730214
0.1909874307785843
0.1908418813978388
0.1907250808568085
0.1906204629965672
0.190495841544972
0.190326666730978
0.1902510979649612
0.1902138558716076
0.1901570377023164
0.1900986218220554
0.190028990247828
0.1899611756491776
0.1898923313200133
0.1897680940320602
0.1897210323108176
0.1895869279741563
0.1895102682243924
0.189414961226431
0.1892347464789539
0.189149230735974
0.1891008114782301
0.1889815839323819
0.1889067361042812
0.1888437047179079
0.188754520430663
0.1887030566731283
0.1886348471205438
0.1885337172272982
0.1884907305468902
0.1884681000387722
0.1884378882773274
0.1883866040965161
0.1883417009836632
0.1881940440360482
0.1880884930649964
0.1879874327618803
0.1879037549436395
0.1877833978831158
0.1876246503259952
0.1875294447241244
0.1874865302024354
0.1874252973244029
0.1873668448949967
0.1873103807831385
0.1872566605400455
0.1871662268938288
0.1871068368642655
0.1870412403330636
0.1869940127014984
0.1869146035055199
0.1868775634766447
0.1868310758341488
0.1867802916153651
0.1867236493327795
0.1866439346713768
0.1865478281682455
0.1864700634943966
0.1864264807385335
0.186385727893167
0.1863620480958356
0.1863119908931003
0.1862712243007379
0.1862386614439141
0.1862002552120038
0.1861276708592337
0.1860773100123899
0.1860450814344661
0.1859398829287469
0.1859196307684172
0.1858960672542651
0.1858476458835886
0.1857962241649669
0.1857429454020567
0.1856967873039773
0.185656097537171
0.1855800962742178
0.1854837514667315
0.1854003258128349
0.1853740452475271
0.1853467273069641
0.1852998119292208
0.1852747339604113
0.1852374911974632
0.1852147091190263
0.1851985184159027
0.1851715140619005
0.1851377540089862
0.1851079643418208
0.185082162077194
0.1850458845452619
0.185013746787612
0.1849864675471715
0.1849487558832106
0.1849200617616025
0.1848592030059288
0.1848304220494599
0.1848148480168914
0.1847608642312379
0.184753040548911
0.1847267112519139
0.184673169764824
0.1845984007129452
0.1845183419080143
0.1844714407678426
0.184435321684137
0.1843916125557157
0.1843558267532653
0.1843414370252699
0.1843130038989973
0.1842889072354198
0.1842535975693831
0.1842414379870546
0.1842161824528498
0.1841675961757885
0.1841077192934186
0.1840862081621251
0.1840653025571836
0.1840355612700073
0.1839991882805689
0.1839801309741008
0.1839486671048129
0.1839279421513216
0.1838974941152122
0.1838666625962236
0.1838514260970907
0.1838387281333503
0.1838113372083824
0.1837864018468264
0.183740512968731
0.1837082829026636
0.1836908189252657
0.1836691587360668
0.1836168409704174
0.1835555169144084
0.1834853418460114
0.1834508584523434
0.183416327793215
0.1833820996905898
0.183337742720854
0.1833208731093437
0.1832977533378907
0.1832329658140117
0.1832100317721962
0.1831269190759972
0.1831046188862336
0.1830737932440445
0.1830535183828702
0.1830308390394574
0.1829942506318491
0.1829710415143349
0.1829529253954676
0.1829161566437239
0.1828766961310338
0.1828512883302822
0.1828230907518868
0.182790986113887
0.1827651084689702
0.1827514835408876
0.1827315845136636
0.1827102938589932
0.1826959657475047
0.1826669716047247
0.1826542432447064
0.1825730424510512
0.1824461608120469
0.1823907737611206
0.182352616139984
0.1822639507843105
0.1821365094154965
0.1819936657652034
0.1817885213705955
0.1817383982388927
0.1816907713623498
0.1816411085292836
0.1816098639483626
0.1815829510501675
0.1815513101745169
0.1815247885761453
0.1814977459486486
0.1814671438094657
0.1814371982134449
0.1814153874211412
0.1813863307061355
0.1813543343793878
0.1813192220681471
0.1812930718177188
0.1812410829191878
0.1811967107144209
0.1811404638502958
0.1810928783448045
0.1810524286103453
0.1810336288053389
0.1810033566588069
0.1809943820835694
0.1809722038063701
0.1809476151082416
0.1809015097510643
0.18081644262503
0.1807378122084777
0.1806592359662045
0.1806167838159266
0.1805818691644926
0.1805406829359666
0.1805047372676669
0.1804731759312232
0.1804215619122311
0.1803861494424558
0.1803669254924846
0.1803411382082412
0.1803175778674743
0.1802882097973643
0.1802622445428462
0.1802387146779192
0.1802118324929049
0.1801848798041187
0.1801566038295572
0.1800977913880622
0.1800515282627383
0.179987997982698
0.1799244414821809
0.1798822793236801
0.1798532315197602
0.1798237069385978
0.1797933586250272
0.1797583633692983
0.1797242844654799
0.1796680663740919
0.1796460558931038
0.1796111819997104
0.1795712221940916
0.1795158169540762
0.1794798315382068
0.1794008954205973
0.1793587838832021
0.1793110910699875
0.1792912525933406
0.179266071619691
0.1792441486321752
0.1792148263335814
0.1791908377084324
0.1791618692118125
0.1791354570879257
0.179108531732014
0.1790558919224085
0.1790227842300162
0.1789758900115704
0.178953000374674
0.1789415162406673
0.178928026720392
0.1789005498174042
0.1788953319035956
0.1788535798071008
0.1788264429124088
0.178794238822334
0.1787622832867538
0.1787254424785812
0.1786879982137702
0.1786506053887861
0.1786171041195086
0.1785848777310152
0.178531022373474
0.1784903316204616
0.1784370633639955
0.1784022267146119
0.178384096377665
0.1783577000183032
0.1783304737979055
