2.313635128618243
2.188033509670453
2.071591507067921
1.93571244375532
1.661919580144639
1.372567616244027
1.053910807041637
0.9591001654177823
0.871449933565127
0.7319523046648019
0.6847253724602612
0.6662580818785913
0.6550700097518146
0.6267675301191853
0.58705271567619
0.5754253614868787
0.5626630794596198
0.5503069843811049
0.5301761690533484
0.522001311840216
0.5215837393151276
0.5167514448440089
0.5120939003625178
0.5085644098233771
0.5028887023368523
0.5003496343042237
0.4994472724154557
0.497927822499625
0.4970325538678113
0.4932461369139646
0.4902540428509584
0.4875163734279575
0.485306127862286
0.4828016804804757
0.4808213706617643
0.4790016465972259
0.477207411105028
0.4755817752647439
0.4736234497614641
0.4706834627964554
0.4703130142304577
0.4685274413386317
0.4660279705984027
0.4648618119867557
0.4647093450719467
0.4626586713586953
0.4607602714069975
0.4587036824688781
0.457866572092095
0.455886347146551
0.4533800135863907
0.4529769203801612
0.4524344689328446
0.4507237471702079
0.4500863257452247
0.4494085221992047
0.4490142725879199
0.4480637967742649
0.4479436248266901
0.4470179695789189
0.4446755647204266
0.4430698849136735
0.4416598415420596
0.4411239685794965
0.440652140043592
0.4394364935254282
0.437870850517421
0.4362589459393463
0.4355722752589014
0.4340216942477672
0.4329534620065483
0.4321999547854788
0.4318167318843426
0.4315700492342903
0.4308183855582204
0.4295100889390961
0.4292523942500497
0.4287490424137724
0.4284686089197224
0.4281012394237374
0.4275938494874723
0.4273320406248667
0.4272370207364027
0.4270785626689383
0.4267284876539051
0.4265761822431094
0.426394028805045
0.4262944259479408
0.4261759034949273
0.4259628357855298
0.4258071580053768
0.4257393641714986
0.4256374399966372
0.4254226533466326
0.4253296896813986
0.4253030191730563
0.4249706609684925
0.42489100001739
0.4248021234674334
0.4247249738559926
0.4246439883452418
0.4244348366845659
0.4242714231059142
0.4241813428299979
0.424071949099592
0.4238785434546611
0.4236870200249959
0.4234426105574049
0.423257505424172
0.423047057151635
0.4229657891511243
0.4227522088880211
0.4225470222780286
0.4224301761181815
0.4223597071422893
0.4221863937670372
0.4220291692754576
0.4218692391763449
0.4217024108639414
0.4215154499762988
0.4213573509935061
0.4212478946411117
0.4211220541002239
0.4210162026103052
0.4209056524496416
0.4207710146736268
0.4207176141256473
0.4206410719073269
0.4205701000897751
0.4204995621301782
0.4202886357504248
0.4200777183119204
0.4199583027418923
0.4198039229135539
0.4196585018891814
0.4196144488933102
0.4195455271079425
0.4195053007820609
0.4194695091728637
0.4193773326775792
0.4192822436434259
0.4191877171887107
0.4190956549975754
0.4189936397363705
0.418892766515534
0.4187625592518666
0.4186596355897905
0.4185961837816544
0.4185104264780676
0.4184246164423794
0.418393589690023
0.4183493978945755
0.4183180234154592
0.4182684993328313
0.4182226537283599
0.4181851412866167
0.4181456084812743
0.4180404885380498
0.4178837306520164
0.417822035190341
0.4177989272856472
0.4177292266966959
0.4176911573606974
0.4176501416705612
0.4175897035690089
0.4175499128132698
0.4175275460790079
0.4175169530649846
0.4174780688449221
0.4174532805195584
0.4174358327227997
0.4173580957196136
0.4173174268822248
0.4172883770962346
0.4172534455119422
0.4172273128474729
0.417199692170975
0.4170949589627709
0.4170050573700088
0.416873449057995
0.4167568920240749
0.4167138668082741
0.4167120272253276
0.4166140367054965
0.4165833848928222
0.4164716690927804
0.4164080054620149
0.4164020845774314
0.4163022620900481
0.4162669066991091
0.4162384116637231
0.4161942334400116
0.4161754480114861
0.4161334018219499
0.4160022617599778
0.4159354274021095
0.4159220205614482
0.4158469733971052
0.4158102966893349
0.4157567921644188
0.4157376402520803
0.4156965150689926
0.41563984173728
0.4156122627612357
0.4155972360375613
0.4155669927743711
0.4155470688316734
0.415478605253534
0.4154593473355111
0.4154286546564288
0.4153977926213259
0.4153714879421637
0.4153443684938172
0.4153026348991432
0.4152503031809063
0.4151960944195269
0.4151761423793403
0.4151602519421592
0.4150871753251774
0.4150678730836406
0.4150430011010144
0.4150194232379895
0.4149806219552768
0.4149236116144334
0.4148836452739915
0.4148485771736646
0.4147706161529277
0.4147184760995063
0.4146546869694431
0.4145178431884837
0.4143432305521331
0.4141557688809316
0.4140784045145471
0.4140493745107059
0.4140096567523342
0.4139700544903363
0.4138952406185182
0.4138288609470753
0.4137633565150851
0.4136952461130944
0.4136656308878083
0.4136515244240953
0.4135538708962225
0.4135118117146447
0.4134819529904101
0.4134334503905982
0.4133878504585177
0.4133710572576971
0.4133658545253141
0.4133127815575488
0.4132880469600524
0.4132475136028646
0.413210046198239
0.4131839313604418
0.4131476578094501
0.4131138816347675
0.4130961365309792
0.4130847862541114
0.413049572738147
0.4130332306248862
0.4130294041259507
0.413003402427065
0.4129832898259686
0.4129616011539951
0.4129387970652954
0.4129131980487214
0.4128852751013198
0.4128555059788637
0.4128305408415795
0.4127755063801938
0.4126473944371627
0.4125391090132579
0.4124066987211558
0.4123306665191143
0.4122468071543687
0.4122233870856515
0.4122189791200336
0.4121640151632596
0.4121446940996752
0.4121133182125611
0.4120481539061158
0.4119825084691651
0.4119302273046084
0.4118785975439842
0.411804948470121
0.4117690898828325
0.4117294878741389
0.4116759891906482
0.4116219631074153
0.4116003112769097
0.4115476239790518
0.4115115047769805
0.4114729179641
0.4113927552599635
0.4113278323724039
0.411300773820151
0.4112949049916161
0.4112399636205012
0.4112100949773436
0.4111899828012773
0.4111127752069152
0.4110698326214329
0.411056273252926
0.4110036715954831
0.4109874776342491
0.4109691107407511
0.4109346514627573
0.4109292577177707
0.4108724717867864
0.4108548844615503
0.4108087718814645
0.4107647105011593
0.4107441451527112
0.4107138751740775
0.4106921673747073
0.4106652147354372
0.4106398900606987
0.4106098910499255
0.4105901850156173
0.4105456742355129
0.4104785492680764
0.4104244772751146
0.4104101060706644
0.4103928315285945
0.4103774003493864
0.4103397218802917
0.4102652371738894
0.4102136410525537
0.4100988265972444
0.4099970020181116
0.4098612848020511
0.4097063537208066
0.409555299831357
0.4094195420483934
0.4092951258630778
0.4091958827100798
0.4090951979056824
0.4089378962452972
0.4087846594283768
0.4086349493927175
0.4085080271850285
0.4083635456411335
0.4082464561161369
0.4081851927141945
0.408097531975499
0.4080566882194739
0.4080158680283508
0.4079607854761361
0.4079177816224204
0.4078926966728924
0.407856597743173
0.4078279485739266
0.4077913035579257
0.4077604395843378
0.4077247044491147
0.4076941283843561
0.4076595948470855
0.4076299627365059
0.4075577892097814
0.4075041414597109
0.407439978584418
0.4073947262720205
0.4073115753212203
0.4072290680440553
0.4071582590108395
0.4071043231521231
0.4070289548728703
0.4069636268805312
0.4069183868051939
0.4068995751639628
0.4068506528425437
0.4068285537556278
0.4068118498114377
0.4067830494103392
0.4067502957015883
0.4067394464820214
0.4067281447603863
0.4066922125772063
0.4066523949951725
0.4066177617951027
0.4065562308739397
0.4065269294845308
0.4064236151764011
0.4063850928149142
0.4063632874869399
0.4063415869954101
0.4063140397391163
0.4062884189273943
0.4062383259842661
0.4062071308781014
0.4061889616894847
0.4061638801076137
0.406124723494132
0.4061075452533146
0.4061001512297255
0.4060692889805282
0.4060475609234756
0.4059776993377933
0.4059364133837353
0.4058856750813507
0.4058458914438446
