2.361979519556631
2.228630875520136
2.075438308372199
1.768514169019507
1.470338925069188
1.234410597214539
1.00470000929728
0.8035491039106031
0.6802935068828444
0.6482625330587958
0.6060610134654464
0.5887416236830697
0.5752795403820112
0.5655977138115227
0.55175390322373
0.5453369627356085
0.5407047730166644
0.5270053986514378
0.5172470118282081
0.5121096578359067
0.5020066414553439
0.4876743711613635
0.4821123025402507
0.4775425366394078
0.470645520373513
0.458157447534855
0.4515018964953024
0.450101678730289
0.4479705067935562
0.4435043965203325
0.4375465244142051
0.434783653498754
0.433659563062118
0.4313694182280635
0.426956877721087
0.4248955884116933
0.4229317307313547
0.4210220952633245
0.4173428169751086
0.4129814734364279
0.4124506493774127
0.4122636860679878
0.41082725897638
0.4089985637451217
0.4077803335462352
0.4064798515978615
0.4034586351050317
0.4024760726695974
0.4015059917071991
0.3996892202482489
0.3981283471427949
0.3975105506141842
0.3966146463332658
0.3949643721186979
0.3944417142563445
0.3934024815906548
0.3923992663757566
0.3911127704112989
0.3899783969933187
0.3885609716732624
0.3881620542525043
0.3870850267379324
0.3856072118472613
0.3846430324609739
0.38398034353691
0.3836963947211074
0.3833796971871312
0.3831094620744887
0.3829221853044134
0.3824551323566084
0.3817112488643185
0.3809703384754282
0.3804584222841614
0.3799375718337024
0.379708940121204
0.3796883448791232
0.3793276596656423
0.3785509404157216
0.3778500080312464
0.3774199055785238
0.3772468072136608
0.3769426394162964
0.3767646021448225
0.3766295737956554
0.3764229261759288
0.3762732877507147
0.376129107365034
0.3759467769895902
0.3757386266027807
0.3756053514901146
0.3755330166692504
0.3752348914720923
0.3750333803349707
0.3749074938422581
0.3747624026629834
0.3746406979925652
0.3745048990835193
0.3743692513911978
0.3742531197140668
0.3741901588441442
0.3740942829489617
0.373935428764536
0.3738430837331567
0.3737285628836707
0.3736517726723853
0.3736068109033441
0.3735402832937325
0.3735150780388133
0.373487431826926
0.3734121248791643
0.3733316222774392
0.3732956715223869
0.3732406227428865
0.3731894937591616
0.3731594295207662
0.3731091890287151
0.3730439087943619
0.3730298341511579
0.3729550899780966
0.3729192802423252
0.3728952883231434
0.3728583528459503
0.3728316837426649
0.3727593386290323
0.372670570208129
0.372506423649026
0.3723215595347499
0.3722531583691127
0.3720159257082837
0.3718939396919926
0.3717199228310555
0.3715277463473141
0.371449487975227
0.3713357619136454
0.3712658471724566
0.3711935026167799
0.3710652923850437
0.3709595571774459
0.3708794312630359
0.3708314983592687
0.3707356031466139
0.3706339442497206
0.3705646566977093
0.3705048936828162
0.370403439107615
0.3702852499525355
0.3701899100723043
0.3701018046553717
0.3700468752554074
0.3700352343562296
0.3699404178190063
0.3699104908750647
0.3698842890901835
0.3697972038938742
0.3697171820736068
0.3695608151847697
0.3693776888058952
0.3691698674377764
0.3690391861320636
0.3689083384567756
0.3687450530996078
0.3686152169743173
0.368464707555861
0.3683502436837409
0.3682408430928605
0.3680661010806587
0.3679096596771384
0.3678611131416344
0.3676771739380864
0.3675311516060684
0.3674045824300848
0.3671736492801262
0.3670713161614183
0.3669336581706683
0.3668263468149094
0.3667091213004638
0.3665904296129897
0.36655639336891
0.3664375519567762
0.3663825229716557
0.3663491068486702
0.3663094061520424
0.3662542565029606
0.36622261940906
0.3661874788035205
0.3661373662912917
0.366083594003266
0.3660351122418542
0.365853577924254
0.3657014970188514
0.3655725236756925
0.3654984564223501
0.3654347466557265
0.3653746273119672
0.3653388919453909
0.3652776987255854
0.3652074347903181
0.3651768587507018
0.3651373732662538
0.3650863458983865
0.3650411015814605
0.3649740531287147
0.3648998693605942
0.3648258507612462
0.3647675245616122
0.3647064816832124
0.3646408066701677
0.3645641360595697
0.3645060351821765
0.3644438492928846
0.3642543959431371
0.3640641820650728
0.3638341116553127
0.3635545003213259
0.3634786365905943
0.3632160477755577
0.3630876689065917
0.36301636761054
0.3629341015318931
0.362867964161551
0.3627610596812926
0.3626910465086907
0.3626043394230215
0.3624905119491507
0.3623733618632665
0.3623328473543774
0.3622864250683854
0.3622461848115905
0.3621393599256919
0.3619526422242228
0.361819538510166
0.3617336223798722
0.361678523331844
0.3615648210133597
0.3614304626119554
0.3613760959254695
0.3613284758607104
0.3612316480471193
0.3611400889416181
0.3610690919162083
0.3609577996917981
0.3609205383271851
0.3609027203105346
0.3608536435821845
0.3608252448238612
0.3607762021800118
0.3607323143544759
0.3606152016654146
0.3604526935579406
0.3602978638798662
0.3602284270421872
0.3602173169576315
0.3601123587134749
0.3600632195201326
0.3600168453893826
0.3599594252335531
0.3599124061416961
0.3598593500168732
0.3597018158616715
0.3596452368252842
0.3593999035839931
0.3593280376323192
0.3592565975457764
0.3591752540389801
0.35912651847131
0.35908431124975
0.3590066590197586
0.3589387826504604
0.3588730163734208
0.3588254448666058
0.3587981559690826
0.3587688402164534
0.3587290935404753
0.3587162867697197
0.358675976609713
0.3585978938294802
0.358587854729419
0.358536574665606
0.3584942435450287
0.3584717401238297
0.3584345514147131
0.3583957190634591
0.3583581162250996
0.3583146720666338
0.3582930983544387
0.3582636336510909
0.3582473513871015
0.3582231550841278
0.3582061618792012
0.3581777533970423
0.3581552672611332
0.358088649069462
0.3580490705990238
0.3579901500865785
0.3579610743799935
0.3579362942338211
0.3579099378548345
0.3578098741290699
0.3577530255868174
0.3575355253304971
0.3574473658591311
0.3573648660009702
0.3572601926231939
0.3571433379865109
0.3570817618538867
0.3570631241811264
0.3569158032090104
0.3567793018688477
0.3565944299751723
0.356371024932603
0.3561576516633561
0.3559190039937547
0.3558434363254474
0.3557299999246167
0.3556673101841813
0.3556089294161218
0.3555472874308293
0.355506843582435
0.3554959444322108
0.3554595296510989
0.3554275630389271
0.3553922490010603
0.3553542570578848
0.3553172453507672
0.3552277322889655
0.3550126454043583
0.3549126281274834
0.3547612758329596
0.3546384233458403
0.3545097263424814
0.3544447116534879
0.3543642202805583
0.3542954852709275
0.354230554812543
0.3541891244343364
0.3541047411726529
0.354044815579039
0.3540053205735226
0.3539507972807779
0.353871780894617
0.3538128514485546
0.3537213511393726
0.3536398564305132
0.353605190231645
0.3535627931134376
0.3535264125633443
0.3534839025090944
0.3533637947269577
0.3532048225140138
0.3531352545701222
0.353067616232665
0.3529904828906169
0.3529366331913825
0.3528936433685483
0.3528365648057524
0.3528146645149862
0.3528039107765211
0.3527132403822164
0.3526393738287135
0.3525654352256643
0.3524959464631464
0.3524017171825451
0.3523548500333792
0.3523041544958718
0.3522650157588677
0.3522108019116532
0.3521829043533118
0.3521453328961105
0.3521085023008114
0.3520827342614009
0.3520635754791922
0.3520154819277971
0.3519425187491553
0.3519043789875635
0.351899514591113
0.3518424920074776
0.3517906812625664
0.3517739593606122
0.3517426305934774
0.3517052601864109
0.3516828873640149
0.3516747435284041
0.3516450396573003
0.3516263466638894
0.3516044645909132
0.3515864356076399
0.3515091405506454
0.3514692211221555
0.3514184210699433
0.3514025802493617
0.3513844449170074
0.3513620394649246
0.3513054598949269
0.351193254908973
0.3511668750112717
0.3509692242183342
0.350845836021175
0.3507512810706072
0.3506843953928085
0.350644334236304
0.3506119806697867
