2.317817474120372
2.194632625562595
1.948251010258275
1.676666456856392
1.431626493866251
1.172220173600098
0.957865851753827
0.7784319719776569
0.7091559803478592
0.7016439992016721
0.668074828762526
0.6366730620382423
0.6272005418463258
0.6109005324320854
0.6005370182672155
0.5887582765140549
0.5814342246128469
0.5749821481721693
0.5675873640059478
0.5573409936871219
0.5490995973882992
0.54119782328829
0.5326427122880187
0.5242947696450273
0.5195676127286191
0.519369134382075
0.5184902988583606
0.5168915184930732
0.514888820281323
0.5129350022873203
0.5112241172080351
0.5094975934101803
0.5077557319100001
0.5065223547207763
0.5051609133297421
0.5039723058115572
0.502864543759989
0.501350366849492
0.500495253664681
0.4997299156590864
0.4988907390233175
0.4980059780727569
0.4969559023929433
0.4962598523850115
0.4950145193502078
0.4937963007473904
0.4923833293491615
0.4911571114312995
0.4899323282208324
0.4884860421215484
0.4877028717554817
0.4864076922530536
0.4848524531211015
0.4840315557851471
0.4835743068448655
0.4827060988499709
0.4821645020131902
0.4813944933901968
0.4807844104924425
0.4802454622779077
0.4796699020088929
0.4789800584752096
0.4783887102178103
0.4779474515073349
0.4773946873690909
0.4768854052960645
0.476230204364794
0.4755629051140129
0.4750022728044077
0.4746122882712802
0.4742041932064324
0.4733561615787372
0.4729404311261506
0.4726713393450318
0.4724021104950105
0.4721895252306769
0.4718838788762071
0.4716794590923942
0.4714064469059447
0.4711572451134683
0.4709853428273373
0.4707414825909644
0.4704979093629381
0.4703785025149633
0.4702658074778127
0.47000520696245
0.4697954490059485
0.4695908384070511
0.4694328189354078
0.469149271725148
0.4690541220565375
0.468915180612456
0.4688831281045104
0.4687787671111916
0.4686526987362266
0.4685929334257246
0.4685540563757798
0.468281406747738
0.4679743719834487
0.4678205022790257
0.4677095844454726
0.4675061094589833
0.4674315237060337
0.4673326848958903
0.4672351583522446
0.4671489278699831
0.4670005883622923
0.4667626667399905
0.4666920458697089
0.4663629950351882
0.4660439634680156
0.4658967770754848
0.4657485473984793
0.4655941618165211
0.4654714819586399
0.4653161230357498
0.4651613033123961
0.4650286383010646
0.4649758122054274
0.4648404534912106
0.4647813637747991
0.4647500879797637
0.4645533716728978
0.4644900756346954
0.4642104464780654
0.4641253074262658
0.464040801601532
0.4639550419175991
0.463797894183609
0.4636871517320462
0.4635583130788754
0.4634848063578658
0.4634041043199494
0.4630150534335067
0.4627495810267484
0.4624450896540468
0.4620105345263994
0.4615840399911823
0.4613711803234578
0.4611872642163357
0.4609455214658164
0.460770954721324
0.4607045243792802
0.4606121856636063
0.4605330222950321
0.460440065217195
0.4602456897607068
0.4601474996000005
0.4599385488922315
0.4598282575591353
0.4597124021295961
0.4594452298275141
0.4593229044588074
0.4591423293290722
0.4590348905980383
0.4589357761348146
0.4588332971998604
0.4587219506542017
0.4586651693805959
0.4585892848614774
0.458525211061919
0.4583126086057053
0.4580909493644157
0.4579270372333213
0.4578508867893257
0.4576206535634391
0.4574041161029991
0.4572388851934638
0.4570759364871265
0.4569951623017191
0.4568779299254873
0.4568367417525222
0.4567084123363638
0.4565959542687375
0.4564804096218862
0.4563421125810444
0.456275097467613
0.4562626373033759
0.4561055252198311
0.4560159234182646
0.4559761918210427
0.4559233355997368
0.4557899166129901
0.4557357553103606
0.4556282583330707
0.4555029078467541
0.4554214673577375
0.4553664122024151
0.4552908231591083
0.4552183435230117
0.4551773561716406
0.4551445462778715
0.4550120931081127
0.4549632177528837
0.454831320904005
0.454743129909091
0.454559236616623
0.454391352120708
0.4542619856593583
0.4540990241743866
0.4539346271311635
0.4538581070280105
0.4537589545110452
0.4537061026264942
0.45363218843775
0.4534326755974973
0.453382294018294
0.4532048613867383
0.4531102754301166
0.4530415620838981
0.4530045841863846
0.4529290729060801
0.4528963343244137
0.4527991275262616
0.4527391322299452
0.4526577092424573
0.4526254750944474
0.452584391833427
0.4525137681167615
0.4524364494332132
0.4523302170374204
0.4522400457239921
0.4520644937306329
0.4519404563810247
0.4518996647817209
0.4517011124711924
0.4516213760397603
0.4516055260733486
0.4515129175462962
0.4514685864938653
0.4514176864185726
0.451359093642665
0.4513242292900946
0.4512762022095593
0.4511555905434949
0.4510606532128411
0.4510494660005234
0.4509424636551198
0.4509064212488983
0.4508746272631882
0.450826706179321
0.450721359392893
0.4505761357132108
0.450414618157667
0.4503880383878864
0.4503632458126542
0.4502954340428261
0.4502065191231782
0.4501423306438944
0.4500491981490003
0.4499979766450231
0.4499547833365624
0.4498471228363065
0.4497617479660619
0.4497269585531659
0.4496371440870839
0.4496008746308105
0.4495611518261784
0.4495153134825093
0.4494165234835041
0.4492939418172299
0.4490295250011447
0.448694788613628
0.448433210654188
0.4481965816064566
0.4479378416605174
0.4477357357921224
0.4475634532604318
0.4473723195896099
0.4472984348808066
0.4472691700492487
0.4472247097923949
0.4471834514269573
0.4471099638051148
0.4470355720129378
0.4468194419356183
0.4466727299007902
0.446527696289801
0.446448883414191
0.4463394486191251
0.4463008080690906
0.4462504411214747
0.44619668975847
0.4461411896089117
0.4460407383025182
0.4459556879539453
0.4458482259464429
0.4456974454027993
0.4455713830849754
0.4455043720793501
0.4454332090550222
0.4453932595872242
0.4453746398696679
0.4452977903141056
0.4452674665810439
0.4452393965540822
0.4451376876733491
0.4450589419698044
0.4449964272339196
0.4449202502688575
0.4448604111720816
0.4448306455342725
0.4447833966637311
0.4447481502743666
0.4447010726601086
0.4446086428547169
0.4445205435597566
0.4444438261322655
0.4443566216818087
0.4441045459679154
0.44381076411481
0.4436626719215476
0.443655175097989
0.4434872161114508
0.4433882452572253
0.4433278421158484
0.4432646989171099
0.4431935273215259
0.4431561504504805
0.4430982485050287
0.4430463210295902
0.4430278416487537
0.4430010625840703
0.4429540900978691
0.4428499680979905
0.4427327275020819
0.4426061089985766
0.442571694920753
0.4425321724760189
0.4424868686156411
0.442441280629313
0.4423946037648449
0.4423447875402722
0.4422028178328362
0.4419801368654856
0.441857605748708
0.4414741618244463
0.4411469206911066
0.4409542947434265
0.4407796308284655
0.4405542417381659
0.4404617549891504
0.4403950853505714
0.4403122827962719
0.4402216085480094
0.4401401116200822
0.4400728758096534
0.4400513676102695
0.4400151041626998
0.4399881883139698
0.4399698087091063
0.4399333403949707
0.4398792750974267
0.4398187577471718
0.4397952765731633
0.4397316714225256
0.4396473487267932
0.4395577778582647
0.4395193913366439
0.4395104172911285
0.4394762244821518
0.4394390112597085
0.4394264795851459
0.4393827137493152
0.4393308626935177
0.4392941344228153
0.4392339307289393
0.4390889809886211
0.4389443982625897
0.4388921671898271
0.4388505851978183
0.4388068736413416
0.4387521405591114
0.4386953717326635
0.4386636973620658
0.438645011798256
0.4385865373109417
0.4385178630727589
0.438482372982879
0.4384521734556116
0.4383884494400661
0.4383228527678726
0.4382930533105175
0.4382612151612699
0.4382233907999228
0.4381825414241159
0.43814481548368
0.4380982695607984
0.438048848728384
0.4380140200276019
0.4379867546964855
0.4379442567739488
0.4378512963123674
0.4378334676274092
0.4377818398301703
0.4377330701848937
0.4375773487725708
0.4374132771631397
0.4371313374544778
0.4370523980797776
0.4367231590660094
