2.374130468622468
2.212241849930895
1.819972854951434
1.481743950480614
1.166830142893064
0.9024483206458728
0.786798887595452
0.7075387281437616
0.6791393717239445
0.626704757202224
0.6027393044502573
0.5966616521027062
0.5783188716820554
0.5496171065719242
0.534870020340308
0.5148264723179342
0.49436374514097
0.4821305628653234
0.4670865090628336
0.4556842940631031
0.453578149910882
0.4466100751874423
0.4409104119580081
0.4356754845753609
0.4335737074702048
0.4312953139643417
0.4264113633002035
0.421555571770236
0.4184204782624813
0.4163369605942508
0.4154937030153616
0.4132713495758619
0.4116498556439236
0.4072840178078011
0.404413464684961
0.4004171736657126
0.3989248480160776
0.396981108325678
0.3946995847867813
0.3919398647331231
0.3887707634080609
0.3866723815270493
0.385786350170081
0.3825265119533525
0.3802569193025556
0.3767484263292819
0.3763455391133912
0.3746246686064251
0.3721907491357005
0.3688807308257078
0.3669276950256898
0.3656370080873904
0.364680572052356
0.3637749107170765
0.3613786616000553
0.3596882647546086
0.3587194690373418
0.3572452246416044
0.3555835391973396
0.3550139234727808
0.3548012165662752
0.3537327067499526
0.3524069886795232
0.3511533479884916
0.3498745077622291
0.3490997622779767
0.3485933416226336
0.3483515685487803
0.3481188052400906
0.3478997644219481
0.3476624249783273
0.3474266957073433
0.3469453913788471
0.3465213243890642
0.3461128215219706
0.3457718340498112
0.3456066233935906
0.3452805558699365
0.3448140002506191
0.3445604856084004
0.3441897058257438
0.3438851102701663
0.343423220976311
0.3431155395100809
0.342765540080564
0.3424257413585753
0.3421934285304702
0.3417959504587135
0.341376316933848
0.3409527556067798
0.3405993483563919
0.3402777250558948
0.3399811448847937
0.3397442149891253
0.3395007377104857
0.3390405926482851
0.338762749620349
0.338506996729821
0.3382688254035437
0.3379455747923856
0.3378144287258419
0.337621231702199
0.337386748605384
0.3372242072590101
0.3370454860230889
0.3368809325175245
0.3367560881321656
0.3366529995003107
0.3364673618553541
0.3363341319575698
0.3362158675303734
0.3361330626390564
0.3360304128717972
0.3359266327728436
0.3358290265040259
0.3356437604308011
0.3354631533260191
0.3353270339233321
0.335050025349614
0.3348521918727356
0.3343993962107122
0.3341618306411765
0.3336889660929057
0.3334513590395903
0.3331193707778938
0.3325229584984672
0.3321132728272118
0.3317618951953799
0.3314796087008136
0.331032205191008
0.3304458197182398
0.3298643681942964
0.3298328338337071
0.3295739490742169
0.3289279702489285
0.3283533463461339
0.3280147075962792
0.3277021576657237
0.3274153163825145
0.3271291035084155
0.3268683005946618
0.3267108251359369
0.3265352737917395
0.3263258645800476
0.3262317763921775
0.3261098433796846
0.3260135049739949
0.3258746374489491
0.3257739184613686
0.3256266686406863
0.3255514125237413
0.325517941364297
0.3253783096835776
0.3253063943243767
0.3252081438067314
0.3251329125925672
0.3250773712629914
0.3250302093483555
0.3249753845964744
0.3248033966152371
0.3247023202136085
0.3246648698861982
0.3245525134196515
0.3244912836470614
0.3243859473877301
0.3243308081502703
0.3242643616418897
0.3242171705710333
0.3241808345891221
0.3241456991395454
0.3240298034234024
0.323955600386268
0.3237724703597677
0.3237184649004385
0.3236461294878438
0.3235826964254961
0.3234893645262349
0.3234487393014748
0.3234450085725439
0.3234020248982182
0.3233833107580634
0.323346382398376
0.3232868433300616
0.323084725143438
0.3229168652586954
0.3228565337455408
0.3226231749265648
0.3225743244484182
0.3225468970081954
0.3224311646170164
0.3223435585028762
0.3222366035725461
0.3221758699756224
0.3221207377106515
0.3220452085013588
0.3219977076066818
0.3219612757173488
0.3219085353511518
0.3218406701670097
0.3218112693773876
0.3217483105778468
0.3217108409662766
0.321615407965934
0.3215624406018648
0.321520801115619
0.321437704219436
0.3213903358486715
0.3213357197324176
0.3212788222854715
0.3212265505330518
0.3210986842850796
0.3209687886209069
0.3208238155301051
0.3206656777836004
0.3205965372972173
0.3205415418975355
0.3204674243011063
0.3204262418773648
0.3203919284728953
0.3203546261499819
0.3203082393291145
0.3202671661292823
0.3202189384073864
0.3201491573055123
0.3200624275777209
0.3198582503869412
0.3197439888355097
0.3196735582459053
0.3194511147390317
0.3193725900670407
0.3193503220261432
0.319312004110706
0.319273847589331
0.3192245114522122
0.3191718269127012
0.3191196261035556
0.3190693604603001
0.3190231522041564
0.3189725472511715
0.318821000365002
0.3187718103461639
0.3185555857386194
0.3184814927588525
0.318451666838777
0.3183984240542205
0.318342432326536
0.3182818223611488
0.318225795369995
0.3182000197458176
0.3181642382828285
0.3181311579371641
0.3181150717975955
0.3180927771596678
0.3180121649500398
0.3179288404107614
0.3178239306703902
0.3177837351489345
0.317751918769072
0.3177265057811643
0.317693240761469
0.3176692485355422
0.3176426252448504
0.3175914419087817
0.3175184371847204
0.3174583616965709
0.3174119155531486
0.317355706702344
0.3172950669550901
0.3172396921387773
0.3171907359391706
0.3171171873676371
0.3170573016303222
0.3169837731946258
0.3169329411615449
0.3168682465364204
0.3168039455934136
0.3167664435519136
0.3167354550268812
0.3166926135815902
0.3166774084451487
0.3166563092963319
0.3166305740250457
0.3166000697463642
0.3165816006733658
0.3165162742433288
0.3163543910581288
0.3161833909753202
0.3159816982420474
0.3158298057689562
0.3156946403408736
0.3155196887252916
0.315470193826329
0.3154369935561228
0.3154022112042615
0.3153379468042642
0.3153076582526089
0.3152845818549774
0.3152397411807986
0.3152012443036354
0.3151662390187273
0.3151274837574945
0.3150888923904516
0.3150402666170262
0.3150172627685122
0.3150004996739464
0.314939823644192
0.3149206229871861
0.3149079486104274
0.3148803914041823
0.3148045723124681
0.3147637650214825
0.3147208638727533
0.3145995899837473
0.3144410466632664
0.3143944568126362
0.3143535852291952
0.3143143914702233
0.3142866639986523
0.3142675977272656
0.314223014937611
0.3141777159114637
0.314122426296757
0.3140620571341163
0.3140014601478754
0.3139675817756953
0.3139210280656548
0.3138492377847466
0.3138101732648078
0.3137946732897205
0.3137662725990456
0.3137518496835399
0.3137179570421298
0.3136373757997035
0.3135658758698469
0.3134863157938684
0.3133497380361185
0.3132845518922909
0.3132305580281905
0.3131166943441966
0.3130599253391875
0.3129689041748202
0.3129206856135848
0.3128910819017417
0.3128114350917622
0.3127786241627366
0.312741219458179
0.3127122078279097
0.3126483624585455
0.3125902479639027
0.3125399372921958
0.3124934554914919
0.3124410034422944
0.3124023737617775
0.3123474720856325
0.31230355196446
0.312258605049635
0.3122042379958067
0.3121752660837705
0.3121349639256553
0.3121223910508121
0.3121091011624819
0.3120903389327255
0.312073968532029
0.3120421745346224
0.3119581900997485
0.3118567823069154
0.3116979987221971
0.3115917361452275
0.3114076140252697
0.3112447509167705
0.3111464866426671
0.3109991512301486
0.3109175672333155
0.3108839128140211
0.3108710926323005
0.3108270870159772
0.3107822747238402
0.3107571110488001
0.3107441178118509
0.3106912936061738
0.3106758046804078
0.3106569181300968
0.3106222612920899
0.310604042576005
0.3105475095029982
0.3105219024517794
0.310510614076035
0.3104869628222841
0.3104648919354444
0.3104301575850683
0.310400961274654
0.3103920295827189
0.3103563564062826
0.3103292119992543
0.3102598424258645
0.3101733532736309
0.3099827573548485
0.3098695895196413
0.3097529341586739
0.3095316067009674
0.3094028995729677
