2.308655767201806
2.133714453981381
1.902085512648204
1.665599326508196
1.456531441464802
1.229485453925237
1.03759282339118
0.8639135916406281
0.7037931328521317
0.6830763195993746
0.6739196384657251
0.5671920706309844
0.5330910194646271
0.5206669274095548
0.5028231440324864
0.494121255156226
0.4883036856561498
0.4701828469379754
0.4603875503347841
0.4517924319481108
0.4415800074558552
0.4365139879970149
0.4326990974604931
0.4241578439040708
0.4091526401261492
0.4052061388954232
0.4046405212342516
0.4033507932699318
0.3912400021228185
0.374581526615334
0.36866910768243
0.3665896223191518
0.3632890754144172
0.3567227237983783
0.3500848094708863
0.3491952676580972
0.3477448842938067
0.3448970700617723
0.3433927846893551
0.3411646117042623
0.3400460174259273
0.3366992584046149
0.3337630459605892
0.3325112144461837
0.3305768148279686
0.3298628781305178
0.328728942327795
0.3271326350088378
0.3253989234163449
0.323545894247999
0.3225642144394741
0.3210855994183887
0.3200947355290868
0.3189957185507514
0.3175682912409404
0.3166879355537222
0.3165057700222086
0.3152629960753687
0.3138988542792902
0.3123553170082028
0.3106825613962525
0.3094100180487563
0.3087264518552264
0.3076221383162949
0.3071270711390348
0.3068913336108308
0.3052711228850143
0.3041622955403165
0.3035293823523736
0.3030973437449696
0.3022199886372133
0.3017241329982662
0.301321558397121
0.3009823463784079
0.3005917807013575
0.300411762257492
0.3001470886535647
0.2999647875819268
0.2997164122571149
0.2994791458531428
0.2993815899908762
0.2992614225459144
0.2987582793248402
0.2986552142836407
0.298572639721034
0.2983927689268493
0.298185865704873
0.2980133254587499
0.2977928919551315
0.2975730014168241
0.2974764939036622
0.2973341105423813
0.2971942334178961
0.2971157275049495
0.2970723549128605
0.2967937965955159
0.2964981663340849
0.2963784610482755
0.2962648831332944
0.2960923871266907
0.295954513719126
0.2958623341518563
0.2958093601500905
0.2956083590703052
0.2955366289187477
0.2955035132284052
0.2954171211300902
0.2953655123345338
0.2953048401275676
0.2951932808232062
0.2950739324765009
0.2949440956363796
0.2948516921379995
0.2947340060546719
0.2946067742045109
0.2945544446966216
0.2945218129011364
0.2944844337790413
0.2944470804488805
0.2944091643407418
0.2943172267435396
0.2940085638882512
0.2936795417749671
0.293585096202425
0.2934925091576556
0.2934106589479651
0.2932663084404918
0.2932165853251823
0.2931630953088371
0.293109829939035
0.2929856623282825
0.292894288898154
0.2927933034642847
0.2927073868118705
0.2925836971667019
0.2925354702371781
0.2924937715399734
0.2924422955824786
0.2923098243820692
0.2922297458118774
0.2921435895304736
0.2920356176215666
0.2919722824339154
0.2919254429612642
0.2918577276405502
0.2918212823973571
0.2918031665491929
0.291745951979644
0.2916690731241012
0.2916013898791006
0.2915499374694449
0.291478969153505
0.2914068951932821
0.2913522735568076
0.2913067068014542
0.2912459015407011
0.2910742321547894
0.2908901769649048
0.290735112532195
0.2905583862483795
0.2904625170484586
0.290412657345366
0.2903375089217613
0.29028316246446
0.2902430708056026
0.2901975368738484
0.2899814115979055
0.2899065356278684
0.2898578386889128
0.2898357737932421
0.2897581293458737
0.2897313882855314
0.2896964582469386
0.2896214126154287
0.2895513412441501
0.2894657970763151
0.2893970512235675
0.289330870969549
0.2892103891885103
0.2890533128694358
0.2889082144210323
0.2887943798436994
0.2887121473920691
0.2886139119039678
0.2885505213135846
0.2885116329804722
0.2884745203529689
0.2884383196869212
0.2883967687988676
0.2882905108428724
0.2881749120650569
0.2880758197434837
0.2879528042962816
0.2878203435538069
0.287773726483617
0.2877247538608627
0.2876053378516183
0.2875198919471743
0.2874116663629686
0.287262791157767
0.2871778645239665
0.2870954984116614
0.2868836935525287
0.2868112067660226
0.2867421020951482
0.2866489545138112
0.2865744219298459
0.2865274972122711
0.2864643126540096
0.2864083897776663
0.2863461891403005
0.2863024692835576
0.2862553131206041
0.2861884308636646
0.2861494464526548
0.286131172212524
0.286112163701112
0.2860515380322709
0.2859714514832739
0.285895506767964
0.2858599456017041
0.2858149971514568
0.285777367001614
0.2857297217251824
0.2856901841416143
0.2856429101996203
0.2856006868790262
0.2855098725790593
0.285457973268524
0.2852078248500765
0.2850352527162169
0.2849124480051052
0.2847789081473772
0.2847090599321796
0.284655961632132
0.284602091812768
0.2845273807692162
0.2844767863571744
0.2844543374298306
0.2843676468050396
0.2842704945607988
0.284228400961057
0.284204943100169
0.2841156333764702
0.2840747019921303
0.2840620336504911
0.2840208987236186
0.2839418939050684
0.2837663965037022
0.2836955956336217
0.2835391020309266
0.2833337463430028
0.2832568454693084
0.2831623082142246
0.2830540157164469
0.2830170305515499
0.2829669342587062
0.2829249479592209
0.2828819292512084
0.2828294397820371
0.2827870134026605
0.2827319969489189
0.2826757951159721
0.2826373965298642
0.2825934166589958
0.2825143688430996
0.2824209999696083
0.2822409225702197
0.282106725556932
0.2819422931037099
0.2818837250717963
0.281835646352019
0.2817588600692857
0.2817147680801228
0.2816916759361142
0.2816322543107183
0.2815836060455261
0.281532868714112
0.2813951713874536
0.2813373678342985
0.2812745346810999
0.2812408081985656
0.2811545823446617
0.2811013283529091
0.2810672046930716
0.2810198254288681
0.2809266818897598
0.2808764079728238
0.2808429715036816
0.280777885987923
0.2807156611488903
0.2806702697791838
0.2805262362896195
0.2803802054032042
0.280302418171448
0.2802617818256004
0.2800912808169429
0.2800173171630218
0.2799733507996595
0.2799137279160224
0.2798906501208122
0.2798331036012047
0.2797636562988832
0.2797309958457992
0.2797208684957087
0.2796918422135035
0.2796659992752454
0.2796348067000611
0.2796047723436236
0.2795588422142815
0.2795167074465438
0.2793878719141509
0.2792758896133916
0.2792100794412804
0.2790268446971811
0.2788242335588457
0.2787299108740118
0.2786608430826447
0.2785892530811763
0.278452375957511
0.2783920340311824
0.2783609297436568
0.2783371346863669
0.2782725784540367
0.2782103619157597
0.2781436067323012
0.2780820190928145
0.2779990516551332
0.2779303699758959
0.2778615229140279
0.2777932847827297
0.2777123479124644
0.2776780161100053
0.2776334106234389
0.277594750344194
0.2775642661921009
0.2775138844977533
0.2774651240455415
0.2774380933055769
0.2774183257708113
0.2773936786709321
0.2773793687629932
0.2773669740522661
0.2773260637798199
0.2772945880489783
0.2772702203040713
0.2772389003874944
0.2772160032657968
0.277194684669138
0.2771609427095497
0.2771273756377057
0.2771124812082608
0.2770937475010418
0.2770601770306706
0.2769688535731513
0.2768448202235014
0.2767434246837863
0.2767107596324583
0.2766723956467472
0.2766426425886785
0.2765972381363276
0.2765612279770801
0.2765401281136063
0.276494554518487
0.2764538029132041
0.27642648569551
0.2764107312415927
0.2763697335938949
0.2763347140612661
0.276288263800395
0.276227632421893
0.2762095887872961
0.2762064130746588
0.276188984211757
0.276173714200543
0.2761652684873754
0.2761554259493046
0.2761000046824487
0.2760750047973611
0.2760662709887607
0.2760507132830803
0.2760319139833194
0.2759819807426208
0.2759555093079622
0.2759171616836548
0.2758927982578265
0.2758651170785763
0.2757932374747123
0.2756825676615786
0.2756096634944197
0.2755562335229445
0.2754377456556948
0.2753031182298491
0.2751755406642419
0.2750561434658979
0.2749211661055882
0.2747853833620157
0.2747171802565019
0.2746498905572796
0.2745509800981284
0.2744776282935755
