2.32994354455221
2.119340203745974
1.864523260039422
1.623161786735103
1.363840280075646
1.158267397358043
0.9771252746640789
0.765627424268847
0.7313633140114768
0.7263095298497914
0.6749038426493188
0.6264830767525987
0.5945408867995756
0.5755657058834247
0.5639684710927741
0.5367832058573985
0.5048845538234173
0.4889776703515389
0.4797448340271033
0.4647585494935237
0.4535685525424104
0.4441987654047495
0.4383008768348312
0.4336632749602585
0.4170404976007058
0.4044972498579591
0.3959384227166626
0.387995108699938
0.3838800550263622
0.3792004216941757
0.3781273716609776
0.3672921506932353
0.353684782696875
0.349000675313341
0.3475537511513956
0.3413510921296827
0.3356139881732586
0.3314915367736169
0.3296550139609362
0.3287735855650419
0.3269014209571193
0.3235237405960572
0.3195977498038803
0.3162985220190123
0.3137816893439961
0.3118210681106149
0.3101582512434841
0.3076598066166775
0.3039249226838462
0.3014324163338177
0.3003861251610062
0.2979007052355762
0.2953072513874479
0.2940413105274305
0.2920834718105428
0.2885472782252533
0.2852346135766923
0.2844080813581424
0.2830159338367918
0.2802321919868442
0.2778573650633024
0.2767994903372122
0.2766754661155747
0.2755917366140107
0.2745349532771515
0.2727758160871669
0.2713726953284814
0.2700819938797906
0.2694421129039444
0.2689906914450055
0.2682055863804137
0.2674304959347301
0.2666243650843316
0.2659199815327228
0.2653487974760564
0.2647524777171831
0.2642937476171353
0.2639705027059221
0.263603477097805
0.2628740207793784
0.2622040761798774
0.2620174236346583
0.2619825199125372
0.2615236255248335
0.2614570856179578
0.261137281883133
0.2610050886529151
0.2608233251013442
0.2606183625985938
0.2604751798515025
0.2599498233362504
0.2596017865863073
0.2594185124203229
0.2590013181837445
0.258729192886337
0.2582927549171533
0.257878738256187
0.257787276628627
0.2572279727985031
0.2567006327682096
0.2564296968000006
0.2561478437137393
0.2558696334764245
0.2557068398281299
0.2554944651099503
0.2553125742075436
0.2551596994422834
0.2549623859939619
0.2547592592688981
0.2546720811452428
0.2545792322868434
0.2543969250892805
0.254162514728229
0.2540455333237944
0.2539786739671326
0.2537474896192655
0.2536866165250619
0.2536359338375918
0.2535029201658795
0.2533600343214857
0.2532403794626751
0.2531483248008478
0.2529739005525815
0.2527957662664149
0.2526884569969855
0.2526401715449595
0.2525796659116649
0.2525312418806741
0.2524865097979322
0.2522278576045457
0.2519791958397152
0.2517491209655521
0.2516042810283817
0.2514707377788411
0.2508606224233617
0.2504381797129806
0.2502472445922291
0.2498151569482337
0.2494531323759819
0.249298993322332
0.2492848939328029
0.2491042576293244
0.2490038599964551
0.2489112946184973
0.2487827859615206
0.2486615144832209
0.2485833108295038
0.2485363282048125
0.2483549000573366
0.2482769020506456
0.2482378653493497
0.2481818874769474
0.2480923898792791
0.2478861769358509
0.2477646624051753
0.2476012418815965
0.2474387517861832
0.2472703322773406
0.2470162571148133
0.2468305715094856
0.2465340255641716
0.2464186005171968
0.246357458369135
0.2460970237426552
0.2459761861493018
0.2459032464953409
0.245757320901111
0.2456493963541811
0.2455685916235472
0.2454837408870904
0.2453433152304388
0.2452275869459125
0.2451182798847728
0.2449577322477499
0.2448482110262029
0.2447827789126667
0.2447100042554526
0.2446657209659618
0.2446062178084858
0.2445080165633992
0.2444481942269521
0.2443398499999968
0.2442037583379787
0.2441452214930706
0.2441178906499297
0.2440643755502333
0.2440067317366645
0.2439298847132254
0.2438961017783842
0.2438801398385176
0.2438176400473854
0.2437911061058094
0.2437640467398245
0.2435608220973504
0.2432585261515254
0.2431287900035982
0.243118577325424
0.2430501478306579
0.2430098783510674
0.2429224496689624
0.2428653691729198
0.2428210148434711
0.2427739749991914
0.2426663948147421
0.2425419197541516
0.2424759833728429
0.2424135545953902
0.2422305261255935
0.2421319305963734
0.2420427942606305
0.2417419226486485
0.241559309798165
0.2414270930015061
0.241308726519243
0.2409333357558726
0.2405805296363398
0.2401024988005108
0.2397595466065646
0.2395601055187009
0.2393629166084411
0.2388465280849703
0.238555484891615
0.2383203395614992
0.2382130401116527
0.2381016678053003
0.238032402946624
0.2379901397331427
0.2378651373665036
0.2378111431351693
0.2377667224986726
0.2376622957560723
0.237594245423309
0.2375058683866644
0.2374657613653011
0.2374435799981232
0.2373598075202247
0.2373342789045494
0.2373072857455676
0.2372124648973056
0.2371224602448049
0.2369267599474476
0.2368452649010008
0.2366460228387089
0.2365260172844833
0.2364339512172723
0.2363593239625796
0.2362018741508246
0.2361387339420349
0.23610119898864
0.2360505311747262
0.2360118318428512
0.235937730162854
0.2358824106781153
0.2357084677346344
0.2356005115645703
0.2355523654407506
0.235492882140006
0.2354408560471847
0.2353916964122146
0.2352922167978512
0.2352285073276958
0.235201340778285
0.2351295557718026
0.2349854711919371
0.2349135412103398
0.2348649433108647
0.2348164132209666
0.2347149007780477
0.2346476740377872
0.2345886602809175
0.2345116514253154
0.2344110591598025
0.2343916387157668
0.2343718322735909
0.2343256644563953
0.2342728206180433
0.2342057850564867
0.2341816757602641
0.2341746174682598
0.2341175325205309
0.2340987017818563
0.2340593444370153
0.2340025394552836
0.2338970038735451
0.233847638229966
0.2337790708914591
0.2337529757562394
0.233742540150953
0.2337076379828748
0.2336835018005123
0.233653305296297
0.2336005154268125
0.2335302095075091
0.2334837466461601
0.2334377370947817
0.233372092345002
0.2333184525908499
0.2332934683756366
0.2332624580072386
0.233228198469028
0.2332039097256529
0.2331744237398226
0.2331185962177758
0.2330658468482584
0.2328225725668186
0.2327216768957302
0.2326901545549117
0.2326534781309027
0.2326166659336359
0.2325748870552039
0.2325353170254103
0.2324668986183025
0.2324210391587979
0.2323633326547764
0.2323177587858712
0.2322879493868208
0.2322419818287443
0.2321805699335866
0.2321560292316445
0.2321302449736839
0.23209553674064
0.2320643935589491
0.232010755591856
0.2319361881264216
0.2318598323499436
0.2318317040502606
0.2318203982994777
0.2317900388778491
0.2317672689015004
0.2317460139702303
0.2316897494857634
0.2316508972253211
0.2316192449113261
0.2315796684855769
0.2315224255592357
0.2315047193642189
0.2314901933823431
0.2314712144807751
0.2314293955181577
0.2313937956291358
0.2313520756148102
0.231263176232818
0.2311714828548463
0.2310275100887224
0.2309644224076778
0.2309394392167475
0.2308772851386361
0.230849077542039
0.2308161102698689
0.2307576466646051
0.2307093000206144
0.2306740194710999
0.2306355458499632
0.2305551021504455
0.2305036713206519
0.2304292326787886
0.230411615743463
0.2303856625935515
0.2303606362867845
0.2303241287527441
0.2302791245257698
0.2302292235081323
0.2302161945790786
0.2302084956215895
0.230201598697925
0.2301770395927836
0.2301646847174452
0.2301566861250151
0.2301263218198258
0.2301172626829557
0.2300976182320146
0.2300342345437395
0.2297991991919745
0.2296068966286393
0.2295485247379427
0.2294516915949034
0.2293483894853278
0.2291507703259132
0.229034334024367
0.2289556697908335
0.2288869531398706
0.2288330731796106
0.2288106452068604
0.22878558402061
0.2287305978510686
0.2286792182135665
0.2286021463818624
0.2285708336501407
0.2285502773837527
0.2285344791625905
0.2285163158145222
0.2285003192769857
0.2284791396412048
0.2284352005357261
0.2284120393056556
0.2283517769116765
0.2283088472152234
0.2282760899736241
0.228248504282119
0.2281891493329573
0.228154006950567
