2.334244035181298
2.145180948750755
1.925573912483465
1.522551925545427
1.18838244024833
0.9335231005839432
0.896683937109177
0.7652401376055707
0.7113392966640878
0.6931559966039551
0.6687839981966804
0.632548663690511
0.5991537235590987
0.5787491944109162
0.5711904210943678
0.562053796885414
0.5472150720968583
0.5279318652597605
0.5150886940285305
0.505290506797733
0.4945201568121336
0.4819601069920196
0.4729202728808314
0.4715479030681045
0.4642925143508241
0.4554703934459333
0.4487817232742312
0.4431685158284293
0.4381278005149375
0.4371769807772052
0.4310250731582363
0.4251025862696039
0.4180654344061624
0.4129851597175335
0.4125925182369835
0.4123846551914351
0.4100824500897708
0.4064676251039441
0.4027537924460292
0.3991944750147846
0.3972190516601081
0.3959547245660154
0.3954273812893491
0.3943040146268715
0.3913730115943497
0.3896184912795529
0.3881488569335002
0.3862260205176274
0.3833539600958472
0.3798911363926644
0.3788412606157818
0.3785859871127707
0.3775916071994624
0.3767732048995693
0.3758806363706189
0.375313041946703
0.3747838889297498
0.3739582609309817
0.3730597855847795
0.3726494652960914
0.3721094689749605
0.3714870211188605
0.3705993378734848
0.3702982620242624
0.3701114888417058
0.3696541886455398
0.3692524559352384
0.3690513686406391
0.3689219769933275
0.3686360940552958
0.3685424544663507
0.3684295127260506
0.3681900908862916
0.3680342712166586
0.3679023596660699
0.3676889574782575
0.3674808770216467
0.3674012953448608
0.3672053472124166
0.366965528041678
0.3668822076729457
0.3667834568637415
0.3666671934917658
0.3666190252456803
0.3665129306785808
0.3664048177553597
0.3663404951138397
0.3663248005741147
0.3661873284946697
0.3661211799360916
0.366031660339873
0.3659345998419714
0.3658576960666375
0.3657587456581094
0.3656804433949775
0.3655969772669126
0.3654993539812107
0.3654237660944151
0.3653222538814564
0.3652387699566774
0.3650757960238206
0.3647320391355466
0.3642519445662242
0.3640765632358821
0.3640113317143693
0.3636768323670356
0.3635909575846316
0.3634828335949253
0.3633800152505996
0.3631949138826994
0.3630757454811395
0.3630281728982894
0.3628943851208178
0.3627810445007687
0.3625850521347901
0.3624859756975318
0.3624350767728941
0.3623383948115547
0.3622946514999386
0.3622046876904036
0.3621775320426152
0.3620690964977725
0.3620123293834002
0.3619830995345725
0.3619284246530436
0.3618448506060876
0.36176033272483
0.3616768877970755
0.3615072357008876
0.3613863749671788
0.3612301586353163
0.3609327218849687
0.3607983795273436
0.3606343124979581
0.3604762499498425
0.3603889643695202
0.3602629081249261
0.3601420439508186
0.3600872403362652
0.3600773992369988
0.3599917824569842
0.3599489370850987
0.3598932694217865
0.3597658458046407
0.3596968322403337
0.3595432744353875
0.3594024688386728
0.359237529822682
0.3591679228263031
0.3590673234804619
0.3590090704749975
0.3589431595251192
0.3588396546184435
0.3587634073691524
0.3587145603526212
0.3586580136938625
0.3585526561843695
0.3584791038205797
0.3583782186985973
0.3582749487478772
0.3582371382803901
0.3581815365714422
0.3581569799259948
0.3581260245602601
0.358074861532505
0.3579530013926668
0.3578126033360993
0.3576868024982022
0.3576250999655392
0.3575389011613545
0.3574979911878373
0.3574598318332229
0.3573445973650131
0.3572203284686786
0.3571341997621663
0.3570357369224354
0.3569504022454285
0.3568247900034037
0.3567111026347697
0.3566517295887918
0.3566463330738459
0.3565749807943093
0.3565405129420126
0.3565106603210567
0.3564740667321363
0.3564310291698882
0.3563912888158973
0.3563284549650747
0.3562585491062815
0.3561683230790706
0.3561261880648067
0.3560818736881732
0.3560344447682707
0.3559730833928011
0.3559219104222138
0.355797611180766
0.355682585751503
0.3555332206325758
0.3553910718707728
0.3553091267623323
0.3552773588083455
0.3552078979406723
0.3551402197300885
0.3550863228733305
0.3550603300827349
0.3549922719141607
0.3549401914544169
0.3548632071352675
0.3547940271439892
0.354728699985313
0.3546859971610976
0.3546247283682493
0.3545408768662769
0.3545120994259023
0.3544741327657803
0.3544350134558567
0.3543952594332112
0.3542863201473763
0.3541232558068716
0.3539375487723417
0.353673807255147
0.3535781286840877
0.3531798825418347
0.3529932746261925
0.3528679390146993
0.3527951540127051
0.3527073533983405
0.3526715981649032
0.3526339153058581
0.3525481488191699
0.352500098443328
0.3524740240998328
0.3524239108113474
0.3523933075345779
0.3523621155188572
0.3522622404452656
0.3521598667811187
0.3520625259889188
0.3519443494851499
0.3518328191193638
0.3517707015147929
0.3517491331115899
0.3516572491028227
0.3516271404781036
0.3516074211915618
0.3515682640565115
0.3515233720552331
0.3514677017944392
0.3514327356028795
0.3513868025702273
0.3513476251288177
0.3513063859365214
0.3512226418007927
0.3511200834338726
0.3510277527799029
0.3509504329338501
0.350901708579453
0.3508822810430393
0.3507647439593278
0.3506952808479476
0.3505835627936012
0.350419957487611
0.3503413718585978
0.3502415845143146
0.350164459918271
0.3500875828956141
0.3500018039679086
0.3499541636035524
0.3499064084818419
0.3498014603459896
0.3497319901620656
0.3497086846784049
0.3496333344346993
0.3496058386105088
0.3495539913724486
0.3495025800249783
0.3494695975430942
0.3494456356372669
0.3493847779351348
0.3493270425032052
0.3492532711586989
0.349207165025638
0.3491812145205762
0.349105723644414
0.3490723072575154
0.3490285611490957
0.3489821121037822
0.3489527640949924
0.3489213190639376
0.348814190223267
0.3486883016739721
0.3486222812324514
0.3485706138031123
0.3484888032801858
0.3483223227968895
0.3482624196797827
0.348192936679066
0.3481289904620297
0.3480567420201735
0.3479706873122467
0.3479140340159657
0.3478753220419956
0.3478014228866853
0.3477339556169199
0.3476939747317278
0.3475393388279651
0.3474491457159249
0.3473851920678186
0.3472515463590694
0.3471602883124899
0.347059267576531
0.3469435710809354
0.3468370339524847
0.3467085498866256
0.3466143638086306
0.3464887484904905
0.3463684635448748
0.3462938519218542
0.3461899141041558
0.3461004779314182
0.346016256145756
0.3459023057047275
0.3458129832628298
0.3457469040211448
0.3456796098036322
0.3455786113699107
0.3455280560783015
0.3454938076030959
0.3454527376564699
0.345420189710987
0.3454039643034077
0.3453920291805991
0.3453475991313734
0.3453259487766864
0.3453076537835302
0.3452495164651482
0.3452223960803442
0.345185749398023
0.3451260499967013
0.345082117839359
0.3450253094357916
0.3449636672028643
0.3449134793387035
0.3448541957117989
0.3448035470803208
0.3447702457174278
0.3447528675688039
0.3446840036275503
0.3446434409596829
0.3446281288092347
0.344579126416425
0.3445546750937541
0.3445056088818551
0.3443949580455266
0.3442295818648852
0.3440654930985427
0.3439438271415882
0.3438123940455038
0.343742524914475
0.3436974383456279
0.3436593800229534
0.3436042729107149
0.343572360327738
0.3435482839278294
0.3435012907451018
0.3434541079245538
0.3433879438649244
0.3433143067270897
0.3432902089051084
0.3432550759611436
0.3432035945679671
0.3431671241818534
0.3431389613460811
0.343107368216035
0.343090539555974
0.3430708159221062
0.3430483202590173
0.3430252003767896
0.3429907942469621
0.3429474315029442
0.3428517650603387
0.3427069830455834
0.3426471316794767
0.3426302632161483
0.3425680926158512
0.3425536856779752
0.3425343385648641
0.3425038192289979
0.342468059434046
0.3424286314400522
0.3423865428432649
0.3423550329961139
0.3423338269014872
0.342299635606331
0.3422508841098015
0.3422073897939811
0.3421737802759606
0.3421292913331483
0.3421131107008425
0.342079887294247
0.3420384920244072
