2.312057229475365
2.193155627721653
2.020337951400947
1.711112868010512
1.398520182873024
1.217249086445438
1.18301374382156
1.046553504072203
1.004997363998942
1.00440719034434
0.9522235303361388
0.9261304491082857
0.9008062427778021
0.8653619746883868
0.8245757234341913
0.7998609547932062
0.7744483381688662
0.7358609882461005
0.7112727579122028
0.7040322361118607
0.6998498228062409
0.6673685329784184
0.6458035101734482
0.6141125350187082
0.6079213155855649
0.5927850410809823
0.5808945048114099
0.5701479353604533
0.568061183521104
0.567979471614619
0.5662838101661828
0.5617270373870576
0.5582969890585828
0.5546789682916725
0.5542388298804996
0.5534325606509636
0.5495538675269334
0.5467256485616464
0.5440905895112818
0.5415675771922998
0.5401456666865685
0.5374362612894394
0.5350737621008474
0.5315962042230702
0.5287530682252554
0.5267030761724827
0.5242610789488517
0.523241843517371
0.5204930345654836
0.5168278991764438
0.5126616483220345
0.510556993323055
0.5099191827047843
0.5043127898711903
0.502582441918936
0.5015601736591043
0.4969239334608535
0.492691663733932
0.4888208977219594
0.4858979141299352
0.4818599802498317
0.4805561102192817
0.4795138313030565
0.4790577424363184
0.4741934401154777
0.4686625560605931
0.466387588685385
0.4657877303829198
0.4641580000835918
0.4616767714800767
0.4614574419497137
0.4605554751980245
0.4585737616444888
0.4570579940671663
0.4555613651613873
0.453432629453987
0.450881917919093
0.4498492965903202
0.4488322436355768
0.4474232577946921
0.446545238984908
0.4454023078848556
0.4445923773088977
0.4441559076972237
0.4436645953738763
0.4435731011173478
0.4419208911641304
0.4402060226982986
0.4391455462061378
0.4378687115832195
0.4366180006724512
0.4351162110919385
0.4342586536133379
0.4338546378157104
0.4324838491754317
0.4319688899901723
0.4319108963999144
0.4311307899700881
0.4311007288138565
0.4303146048482649
0.4291811167735921
0.4286664281167694
0.4271837033606857
0.4263768292349902
0.4254616515423501
0.4248000645137898
0.4240050490131475
0.4238623021870926
0.4232045652995242
0.4222079915943399
0.4213410396841802
0.4212706682860115
0.4211029274436104
0.4208285594396339
0.4197659372109142
0.4193447627130547
0.4190653903842131
0.418459830587706
0.4178327544525061
0.4174857418695344
0.417142817774264
0.4168892705562495
0.4166725972592496
0.4163901266522618
0.4161684927986314
0.4159750111080796
0.4157948062066809
0.4155651573791483
0.4152452484731739
0.4150561574385308
0.414959240799712
0.4148271752603188
0.4147241782826137
0.4145205514015781
0.4144371431947513
0.4143641063569379
0.4141993677506274
0.4141444437004161
0.4141334274382718
0.4140535974599555
0.4139785095776058
0.4139056404410965
0.4138636641483215
0.4138293849971122
0.4137307012360028
0.413610377795483
0.4135615384763325
0.4134978119523554
0.4134388830810478
0.4133908326898904
0.4132687044927013
0.4131875096166874
0.4131529068687715
0.4130576217512797
0.4129628114192582
0.4127161670151009
0.4126567423498841
0.4126121100249076
0.4125611652694056
0.4124901426086447
0.4124680143550316
0.4124573016948674
0.4124252940821999
0.4124032057390352
0.4123361573280006
0.4122871815681964
0.4122579782799911
0.4122182412375746
0.4121037499173282
0.4120061453549859
0.4119667466478067
0.4119122462458179
0.4118910729287042
0.4118299163599459
0.4117545068694583
0.4116944425882729
0.4116745414520739
0.4116113079453504
0.4115350485657919
0.4114761637649031
0.4114314260323921
0.411342431220219
0.4112823778707663
0.4112506547573527
0.4112151424355927
0.411187642169514
0.4111608943208339
0.4111431740023488
0.4111288943083765
0.4110796037292169
0.4110533565880142
0.4110428821403824
0.4110272252998772
0.4110204833889849
0.4110068969277156
0.4109625091644463
0.4109551465074948
0.41092647685659
0.4108363674766137
0.4106639423038929
0.410548779873129
0.4103761923029374
0.4101428360295231
0.4100172916299482
0.4099281547551266
0.4097177634106322
0.4095729321707084
0.4094456022424509
0.4093402204525131
0.4092064286386479
0.4091789527953564
0.409116678924961
0.4090472380085857
0.4090204122111892
0.4089619333519841
0.4089232002135034
0.4088590990343088
0.4087971616742073
0.4087811367460189
0.4087295447450053
0.4086708317017793
0.4086131248889851
0.4085887673671707
0.4085522015799258
0.4085431305250933
0.4085299731347226
0.4084907294436758
0.408455103352411
0.4083925499142653
0.4083808427234152
0.408301207664803
0.408260426007969
0.4082271306227997
0.4081933732008692
0.4081788243997287
0.4081479265261863
0.4081071347770986
0.4080695435081753
0.4080238530495736
0.4079952663284542
0.4079718177926726
0.4079294222053649
0.4078850779380284
0.4078667539872739
0.4078539883110571
0.4078369724249849
0.4078117792032599
0.4077930502345629
0.4077755646275131
0.4077541148347859
0.4077286620508001
0.4077055081423451
0.4076893865936034
0.407669412376249
0.407650917395717
0.4076258600332124
0.4076170410591191
0.4075992307125157
0.4075607032693581
0.4075409804785443
0.4075123831405639
0.4074384336316758
0.4073801473599223
0.4073311303607063
0.4072870865171734
0.4072255476673337
0.4072035951927665
0.4071847406201726
0.4071650124890118
0.4071125419206901
0.4070861283829801
0.4070516578843926
0.4070250692660226
0.4070005220993218
0.4069786848656238
0.4069507496757314
0.4069239677575186
0.4068596159808635
0.4067929587611013
0.4067216019295527
0.4066409586319152
0.4065882118617763
0.4065437034358685
0.4064949499122228
0.4064714630563601
0.4064599527646985
0.4064430483123978
0.4064347184872836
0.4064257464305711
0.4064093306119849
0.4063939072559617
0.4063798432719088
0.4063635462435868
0.406291802083705
0.4062276331129298
0.406156864930545
0.4060473431054438
0.4060124951664842
0.4059651588663502
0.4059434207332567
0.4058913287715162
0.4058643324179558
0.4058264701735549
0.4057932019843242
0.4057674511502267
0.4057368184314067
0.405695980359791
0.4056814008749169
0.4056722530729289
0.405653840983756
0.4056387709282917
0.4056161263721058
0.4055913961151905
0.4055312038412871
0.4054639906401076
0.4054203290216127
0.4053679702314779
0.4052701273833103
0.4052160262231096
0.4051022709927461
0.4050576565915984
0.4049979018685613
0.4049870090032286
0.4049720810345611
0.4049512608672745
0.4049239454629027
0.4049062048004477
0.4048924513202394
0.4048473899604621
0.4048008852440955
0.4047877331814255
0.4047689832643612
0.4047326528095302
0.4047043501815247
0.4046689320250721
0.4045684201181194
0.404441424853048
0.4043420801248315
0.4042185019479551
0.4040771061007022
0.4040124467086353
0.4039964343410817
0.4039799281646499
0.4039450722968017
0.4039302365859858
0.4038972191922906
0.4038635584040411
0.4038399124593122
0.4038247316988036
0.4037950210321469
0.4037587371490033
0.4037138740658842
0.403667150987889
0.4036304678035149
0.4035943359998375
0.4035561568865776
0.4034922081588787
0.4034082916932321
0.4033331830478755
0.4032934731922651
0.4032743029225122
0.4032293817419222
0.4032160633480971
0.4031849890158133
0.4031544988171718
0.4031133905316929
0.4031018958449281
0.4030894440647902
0.4030620938749909
0.4030265275363002
0.4029703205243125
0.4029003929575895
0.4028736478462961
0.4028085342858811
0.4027478435761903
0.4026638018623798
0.4026148714792457
0.4025844058473392
0.4025412181197957
0.4025226872864393
0.4025105385703476
0.4024928955136046
0.4024729948940359
0.4024487296933322
0.4024227093884781
0.4023887854941516
0.4023727507602328
0.4023336354252839
0.4022525765503111
0.4021966512724887
0.4021210493541234
0.4020444225627871
0.401999937728042
0.4019602737235595
0.4018531749097417
0.4018263184285829
0.4017882024112437
0.4017510698110307
0.4017067955999192
0.4016603722110701
0.4016199837347336
