2.344998279419063
2.120127957983311
1.648374380794288
1.272821113892567
0.9871199899330445
0.8001052152649717
0.7357239576972894
0.6461056797357581
0.5718447455751188
0.5645360537375033
0.5420749659173651
0.5224995435067898
0.5138774388777725
0.4989717679277539
0.4787614489275213
0.4673792425908133
0.4542693133832694
0.4427698731971051
0.4302864093517436
0.4202444775232567
0.412739465491744
0.4099015156226302
0.4056937339058894
0.3989562301461048
0.3898505568391499
0.3802877324699837
0.3649282717097665
0.3523871626745406
0.3497428575222122
0.349325587662614
0.3479241621147394
0.3432443617469253
0.3386032259594411
0.3306555873982894
0.3286645026897208
0.3236207584005159
0.3227287210449404
0.3193252779326171
0.3146153223421524
0.3088018151182036
0.3027145134069196
0.2997943006583636
0.2971120548321693
0.2947902595743164
0.2942495239234366
0.2908228069518464
0.2864699765416922
0.2826630410470043
0.2792834478262071
0.2765427582572736
0.2727022873477246
0.270797062777642
0.2693788640613022
0.2684098127590173
0.2670953043521587
0.2656037055602254
0.2631391363079573
0.2612629493253704
0.259503413794312
0.2575703273384553
0.2562285430305484
0.2549206236504685
0.2543539605000313
0.2526020461306926
0.2511033739378897
0.2495516936741473
0.2487235447077145
0.2483873970482559
0.2468168445486805
0.2455123295770902
0.244388716517235
0.2433791272248079
0.2424520495218578
0.2416597181886529
0.2408501410457108
0.2397735893733391
0.2386211901819446
0.2380519025215143
0.2369655006793704
0.2360647183728377
0.2354682698318465
0.2346377227839546
0.2337580787306201
0.233206966406478
0.2327803119411039
0.2320844253723419
0.2316128374117319
0.2310889093273977
0.2301295278669416
0.2288216431254837
0.2277446509181415
0.2277015113669726
0.2276144372235629
0.2271622550246018
0.2267992358317856
0.2262968309200414
0.2248530187827075
0.2234707185005667
0.2227103272782689
0.2222393036964071
0.2212848191115739
0.2207483990635946
0.2205403553778021
0.2203544424298006
0.2199843599650887
0.2196475486675264
0.2191548203385849
0.2188498179869003
0.2187584221523917
0.2185913200256599
0.2184307513664904
0.2182883939381964
0.2181404352208199
0.21800633209477
0.2178837254298704
0.217758308894085
0.2176126299290889
0.2175296087632018
0.2174485929808403
0.2173188502478547
0.2172107970078786
0.2171038120820636
0.2170403954732477
0.2170079757870474
0.2168925931246815
0.2168225125784182
0.2167305404532354
0.2166534553298567
0.2165953851066642
0.2165541615640087
0.2164166770448327
0.2163562245150017
0.216309999987641
0.2162463275229262
0.2161897564820303
0.2161461739756002
0.2160815834818967
0.2160175706081204
0.215986442443568
0.2159471478879933
0.2159078038374428
0.215864016691127
0.2157828870933959
0.2157191177050062
0.2156440591229725
0.2154259564604783
0.2152636247981025
0.2151855798673429
0.2151052588103402
0.2150587062595793
0.2150054475867276
0.2149515665467412
0.2148813797709784
0.2148092811629174
0.2147023394086625
0.214652255425464
0.2145219782905807
0.2144462457486297
0.2143503545137496
0.2142605114980171
0.214173761855504
0.2140675437222145
0.2139997996128237
0.2138954733976502
0.2138237295236233
0.2137337943314146
0.2136419604652394
0.2135658377264823
0.2135164630151885
0.2134678405391787
0.2134077720340713
0.2133568990021744
0.2133159717619759
0.2132688174601947
0.2131889940502617
0.2131641336638297
0.213100418289066
0.2130808274168003
0.2130402535488852
0.2130075244200662
0.2129704831569176
0.2129379433247281
0.2129107592219393
0.2128486895777055
0.2127850634464091
0.2126781173131068
0.2125883391213836
0.2125627523572834
0.2124888812955548
0.2124830000245037
0.2124551963358616
0.2124381050236434
0.2124157999226306
0.2123901997578426
0.2123456357302082
0.2123130488426903
0.2122487279042625
0.2121785108278647
0.2121441436297868
0.2120986753014693
0.2120571375653253
0.2120143534190399
0.2119288405353875
0.2118695133975985
0.2117906913211777
0.2117550381287729
0.2117153809546001
0.2116732050649257
0.2116281953934855
0.2115597734913258
0.2114476796641752
0.2113319172498462
0.2112768944053631
0.2111915999244097
0.2111467933130079
0.2111228012114974
0.2110888409540468
0.2110624125416078
0.2110443730938508
0.2110329905546508
0.2110012297475617
0.2109587133146572
0.2109234801291369
0.2108665934380977
0.2108494328232391
0.2107799039224176
0.2107541004298887
0.2107207896686696
0.2106856955619114
0.2106693570936987
0.2106297249139555
0.2104976013276022
0.2104056352378939
0.2102780213440479
0.2101518720421179
0.2100462646728501
0.2099340446028508
0.2098350269195411
0.2096884213005798
0.2095798296995351
0.2094925330658152
0.2093970447403267
0.2092666989280457
0.2091420271900517
0.2090413154828878
0.2089377012381227
0.2088335564279449
0.2087132848980587
0.2086429320919286
0.2085009502614161
0.208399714488081
0.2083539309452385
0.208292492962747
0.2082816570080505
0.2082221094249743
0.2081652503984588
0.2081367289643232
0.2081086054204529
0.2080761325882467
0.2080357518760521
0.2080117156628136
0.207986530341305
0.2079081031270453
0.207842992633722
0.207734362789621
0.2076872242784764
0.207659517694778
0.2075983035570315
0.2075660016598087
0.207533055263332
0.2074796175099447
0.2074392137081049
0.2074221212178063
0.2073824820139851
0.2073458748447385
0.2072987610634872
0.2072346910072453
0.2072025339967911
0.2071791571518015
0.2071595059058867
0.2071400163419801
0.2071007838881888
0.2070702183739871
0.2070373118983881
0.2069906736920719
0.2069687062655054
0.2069579170748999
0.206934489133287
0.2069184401962395
0.206901293922024
0.2068409739421005
0.2068173083764506
0.2067747771066723
0.2067425184568854
0.2067248477226365
0.2067092003228432
0.2066748587876604
0.2066524355858567
0.2065946460253868
0.2065753776300071
0.2065543196450224
0.2065351352820129
0.2065224485098414
0.2065067058535418
0.2064842397610551
0.2064624846933294
0.2064501435014905
0.206428477715776
0.2064091646242021
0.2063886778994927
0.2062735380838581
0.2061623327896826
0.2059516186074039
0.2058256030323798
0.2056954744871241
0.2055372459342177
0.205373418804887
0.205302552188531
0.205221408591515
0.2051765434060971
0.2051740128844058
0.205114148701598
0.205079406598243
0.2050360081614068
0.2050032054182135
0.2049622580401921
0.204920438466465
0.2048703931769158
0.2048262521954495
0.2047542934492018
0.2047191116315162
0.2046673302886509
0.2046402684246012
0.204617226187509
0.2045901234291763
0.2045680246348293
0.2045389655822862
0.2045116483193208
0.2044851252144925
0.2044321478355788
0.2043763081552847
0.2043311134675696
0.2042881871023245
0.2042360686363348
0.2042063983876237
0.2041798387005132
0.2041458995452117
0.2041244081683539
0.2041106830147198
0.2040963702425502
0.2040333939051603
0.2039753585339429
0.2039189443229715
0.2038732794688216
0.203821589016763
0.2037598110435702
0.2037277171431199
0.2036975346783523
0.2036548152218961
0.2036204223768725
0.2035985251330014
0.2035724226483855
0.2035489089969046
0.20353370890147
0.2034930604079453
0.20344690483741
0.2033947829864598
0.2033518223724925
0.203310098336092
0.2032802310483182
0.2032357726485872
0.2031876652149268
0.2031607121116029
0.2031350421426199
0.2030996281190614
0.2030743861802764
0.2030352646341316
0.2029784915829394
0.2029550836045888
0.202892384351342
0.2028620877449543
0.2028286837380607
0.2028012214279419
0.2027750606562931
0.2026859739772379
0.2025923276388502
0.2025441395564662
0.2024844700627914
0.2024235453676671
0.2023616989488271
0.2023072357466173
0.2022234145858283
0.202159093627426
0.2021303869433148
0.2021156600978239
0.2020801565765578
0.20205645670776
0.2020252430838969
0.2019959253058147
0.2019498096700803
0.2019453904868464
