2.292870470151564
2.076285392116745
1.852971667094212
1.634880562019247
1.417041082790377
1.178747420652607
1.020036922809026
0.8487036556864664
0.7126487744465502
0.6716124448302282
0.6195579222693623
0.5530693888262439
0.5332419181730288
0.5122427137694513
0.4814618714387315
0.4630646218833696
0.4528910317541446
0.4488040058694604
0.4377728492195307
0.4273145270959707
0.4189697622780043
0.4163188246439485
0.414655135767984
0.4128570762264581
0.4030442182423589
0.395373618427457
0.3892170875145602
0.384445676165399
0.383089142981091
0.3797627791183415
0.3763092706725049
0.3737659854540386
0.3715529719278012
0.3700251037369178
0.368630406667488
0.3648916076900049
0.3609456512089072
0.3584900578713314
0.3556772008729455
0.3528605182872825
0.351571481015024
0.3494539593149846
0.3472830821569441
0.345588560446642
0.3442053018562513
0.342357357833087
0.3414482087153738
0.3401670890636606
0.3386380571472954
0.336521263553208
0.3347052114403258
0.3331480208112944
0.3317684476386626
0.3302449776937003
0.3295581743226303
0.3283178919620366
0.32677500877454
0.3261645640605257
0.3255099113022001
0.3245737811612892
0.323846562499861
0.3234868317916293
0.3232797054851573
0.3226391993506896
0.3220680980379742
0.3217790512818984
0.3217098477856564
0.3213023370612751
0.3205609174604688
0.320334063200457
0.3199858598342203
0.3195759447904561
0.3191982818971306
0.3189454012597245
0.3188847777774539
0.3187033999200741
0.3184380048885792
0.3183215623277077
0.3181752903831686
0.3180264407440626
0.3179357409144712
0.3178433928499791
0.3175499725815507
0.3173546164032443
0.3172759091178047
0.3171095789364207
0.3168820182213235
0.3164886913280108
0.3163129720238874
0.3162433283946621
0.3161319002661125
0.3160625759355222
0.3159703770885602
0.3157420445581127
0.3155034552929279
0.3153072671548158
0.3150520095706498
0.3149098733718914
0.3148130561590177
0.3144710875355987
0.314313618727392
0.3142086773924321
0.3140275828061341
0.3138077025702478
0.3137291520073175
0.3136949501206447
0.3135738324525452
0.3134375189108104
0.3133485288177378
0.3132783125140703
0.313143850097459
0.3130436114612579
0.3130080257469309
0.3129647850610778
0.3128825648153889
0.3127824483990773
0.3126368114410382
0.3124479187198473
0.3122290468772078
0.3121734150916448
0.3121347341650882
0.311995621469105
0.3119399627393625
0.3118598082337081
0.3117834161216614
0.3117261565820126
0.3116423632380293
0.3115591800691345
0.3115284063967965
0.3114927979049937
0.3112943993570484
0.311071026524297
0.3109973697424747
0.3109571221873546
0.3109323758144139
0.3108473424622952
0.3108185277198997
0.3107814319491886
0.3106937367455516
0.3105851340047719
0.3103276998208092
0.3100189617317776
0.3096695341384889
0.3096024667933367
0.3095386533389631
0.3094482893999327
0.3094051986076441
0.3093612675369897
0.3093192019103808
0.3091408766578683
0.3090621861421184
0.3090022635766193
0.308888977376833
0.3087791280019799
0.3087221852131953
0.3087024681411182
0.3086758810481646
0.3086528524802192
0.3086074833068786
0.3084591731120048
0.3083475551306893
0.308218259189646
0.308146129648463
0.3080655971972508
0.3080008903738984
0.3079031987822942
0.3078482186124853
0.3078222967255874
0.3077445182619634
0.3076584269075349
0.3075601781922498
0.3074643566506541
0.3074050540450131
0.3073717367610415
0.3071965745304891
0.3070962994398949
0.3069798498050293
0.306907718331232
0.3068218880330639
0.306736306348042
0.3066726330926835
0.3066165795414142
0.3064855671801068
0.3062455148466716
0.3061161455620491
0.3061050556045559
0.3060135633795021
0.3059663982838815
0.3058844097885975
0.3058425056807174
0.305839546664752
0.3057697202417894
0.3057308769467816
0.3056145413202901
0.3054929014498786
0.3053856284411664
0.3053085491181686
0.3051438842606575
0.305064783140534
0.3050263726081202
0.3049699456585967
0.3049363243972299
0.3048815013284972
0.3048317562949789
0.304811329827905
0.3048031351305434
0.3047288169095704
0.3046941033908057
0.3046550342380437
0.3046073515296623
0.3045575510672985
0.3045164038754468
0.3043737371321942
0.3041168487595559
0.3039168818725843
0.3036499199365993
0.303419599488727
0.3031806777621013
0.3028009173735015
0.3025184032843837
0.3023557536448926
0.3021361564912524
0.301949574503089
0.3018510114501515
0.3017494249608199
0.3015498536509583
0.3012797896869694
0.3012477842907921
0.3011975973793173
0.3011485098502293
0.3010472835520325
0.3009321126544416
0.3008722068453717
0.3007946945892195
0.3007318854871259
0.3006614136780617
0.3005858272498397
0.3005200192005473
0.3004473041335532
0.3003128468276235
0.3001711366566074
0.3000157056910491
0.2998175405096623
0.2997410625068051
0.2996453880093161
0.2995683540090067
0.2994839531267979
0.2993366681837459
0.2992585169181174
0.299200199764331
0.299117881832395
0.2989920027374002
0.2988893283914437
0.2988222118635205
0.2987816585713673
0.2987324515569773
0.2986836743339821
0.2986026270622084
0.2985554466503548
0.2985306285552976
0.2984937276358907
0.2984704537684128
0.2984361093720019
0.2984001483368268
0.2983884271481607
0.2983454689394179
0.2982190582138307
0.29807074758945
0.2979306120779213
0.2976759457440343
0.2976497466471184
0.2973918495157405
0.2972937819417615
0.2972161048183244
0.2971593560602729
0.2971213309256255
0.2970055263703828
0.2969368135266933
0.2968734918253615
0.2967855737582878
0.2967402231099485
0.2966960233249626
0.2966348386003653
0.2965971784421605
0.2965567950815048
0.2965042069516464
0.2964583307294318
0.2964188726342452
0.296359566711292
0.2962962112770021
0.2962713556130326
0.2962555255957748
0.2962359897300009
0.2962165173951177
0.2961969436726534
0.2961329107454055
0.2960437063395946
0.2959765557081281
0.295814120852236
0.295694935412421
0.2955304128546998
0.2953936930575111
0.2951289018093041
0.2950107914926527
0.2949324759702084
0.2948208080061699
0.2947080989447131
0.2946082919460837
0.2944936365514076
0.2944106213245036
0.294339049509413
0.2942796766252948
0.2941790826354839
0.2941306284594005
0.2940915301964226
0.2940282549580067
0.2940024997717718
0.2939887475448811
0.2939757118610606
0.2939233373264766
0.293912294650665
0.2938977905321779
0.2938585752742631
0.2937690570122627
0.2937128829541297
0.2936193269548519
0.2935080678123513
0.2933822519902207
0.2933125563705012
0.2932570354409486
0.2931840026293515
0.2931592929498683
0.2931409977539949
0.2931100568712314
0.2930857765788704
0.2930545281513019
0.2930223970783064
0.2929427566774654
0.2928647131848436
0.2928066023269511
0.2927706643168747
0.2927168820593435
0.2927016833270224
0.2926800330439334
0.2926436252067775
0.2925926756946957
0.2925476137543702
0.2925264461413042
0.2924845345101488
0.2924393004172944
0.2923982387742331
0.292340870401977
0.2922983881953019
0.2922549028241173
0.2922026199132853
0.2921809475215009
0.2921521616012531
0.292124729852592
0.2921032968947991
0.2920755093696523
0.292032005148731
0.2919671292621575
0.2919374072564935
0.2919306849505554
0.2919076432449292
0.2918979161948697
0.29188372967818
0.2918626518206933
0.291831424321834
0.2917888839561938
0.2917585943136841
0.2917056712151794
0.2916043041743388
0.291535114372472
0.2914683120474919
0.291382670045683
0.2913306324240676
0.2913061482939343
0.2912240814080267
0.2912019515821134
0.2911853524972232
0.2911565403568696
0.2910907414561933
0.2910597500931947
0.2909894851788983
0.2908970281151711
0.29084519748993
0.2908097285391376
0.2907783720386572
0.2907496389433968
0.2907207069990906
0.2906784913232451
0.2906407358957002
0.2906234976209118
0.2905666642403058
0.2905035292233872
0.2904677797167327
0.2904572653183367
0.2904166875016065
0.2904002792883257
0.2903895130684046
