2.326552776235665
2.197609088376639
2.045056948212385
1.880643681108918
1.56339641993128
1.302107990435753
1.016991981541034
0.8940068256329161
0.8322305427501372
0.7787354445346941
0.7665454876563659
0.7534657160484365
0.7110892945434749
0.6733717709750222
0.6678637066187577
0.6673584416303785
0.6541331780458384
0.6445184916805446
0.6405052564246251
0.6261837554442968
0.6105083304606653
0.6023029360246867
0.5858450546823537
0.5735035555872576
0.5664960832987538
0.5626650781164684
0.5589571308242648
0.5481501423350991
0.5403280491677194
0.535289406223681
0.5311103942524812
0.5275184986281722
0.5234765668852058
0.5164868230509805
0.5097302293911522
0.5053390578895881
0.5027756824228863
0.5021560698519987
0.5004647318328438
0.4971541769052513
0.4895166604376995
0.4842552451852164
0.4814207147712791
0.4800840320091694
0.4781552758453974
0.4751930529329651
0.4717848441451226
0.4678149733646177
0.4625508576713229
0.4564385518994239
0.4539970909291112
0.4526190975313851
0.4503877774422031
0.4459381167509386
0.441748686991272
0.4405611051495057
0.4400967501534563
0.4380579878639729
0.4361868796561012
0.432125279071527
0.4291020089386139
0.4270787101777765
0.4260300900428262
0.4252745021247946
0.4242734997738739
0.4221819067657231
0.4218870075067489
0.4193154439894464
0.4185391315227777
0.4182713684794027
0.4168513348998094
0.4148047125845574
0.4132423499984484
0.4114286717625719
0.4107428626728792
0.4091564328627049
0.4082270696514155
0.4069158048645732
0.4065438684923223
0.4059862593794604
0.4053637328312584
0.4049275644074213
0.4043111889047041
0.4039381982141063
0.4033938039676723
0.4028164198637738
0.4026893393833475
0.4026539367960242
0.401775398423322
0.4014865247649074
0.401164751681948
0.4009615625928933
0.4007980351971797
0.4005263063800326
0.4002565074174435
0.4001374561613535
0.4000270499022301
0.3996593267198366
0.3995099598728353
0.3993322501279052
0.3992305663069831
0.3991458876269519
0.39880881535966
0.3986669351546007
0.3985924698236171
0.3983241300777409
0.39814914523275
0.3980937862188389
0.397850885310107
0.3977306882745566
0.3977018300881985
0.3975574228981627
0.3973735090268498
0.397369340349837
0.3972534858590119
0.3972041710653514
0.3970985323309441
0.3969724108856039
0.3968730295237033
0.3968191999705991
0.3966691375330098
0.3965683278630773
0.3964855372982166
0.3962979761099625
0.3962013300369146
0.3961427637283583
0.3960593007279675
0.395987708637547
0.3959339532942853
0.3957586462558915
0.395579440528453
0.3955107206621257
0.3954420182429552
0.3952803049953836
0.3951622046190811
0.3949903836825477
0.3949079892206504
0.3948725408749144
0.3947606852286892
0.3947059319623585
0.3946465175292478
0.3944626912031016
0.3943131696074794
0.3942521489968083
0.3941308649396372
0.3940448087647307
0.3939280242429077
0.3938495395126736
0.3937639279451015
0.3936608248557401
0.3936183056897087
0.3936107234421691
0.3935193680269995
0.3934870818592811
0.3934429180526933
0.393372187590709
0.3932809251877667
0.3932153066724914
0.3931789924388099
0.3930895079100104
0.3928874351282903
0.3927929539198841
0.3926880572045044
0.3925778548904597
0.392443003374385
0.3923424003155864
0.392241943253114
0.3921234826644006
0.3920271562779992
0.3919652113000359
0.3918323355295748
0.391694493817536
0.3915273678284222
0.3913978628053399
0.3912889952873747
0.3911586439124507
0.3910514691475895
0.3910148337106717
0.3909503734909099
0.3908130944682495
0.3906460635549521
0.3905713256118297
0.3905582232718028
0.390405228257806
0.3903645767346757
0.3903252956694353
0.3902698415426964
0.390216010266543
0.3901781474274459
0.3901649252567596
0.3901250702585334
0.3900907937817913
0.3900552216537944
0.3899947117138166
0.3899830224500163
0.389829172614125
0.3896900891911831
0.3895295456887097
0.3894813229503483
0.389465108395031
0.3893981548507736
0.389372471458881
0.3893494022815093
0.3893241719709741
0.3893019217148648
0.3892586089742623
0.3891692194047882
0.3890595163311777
0.3890261435614302
0.3890040846446045
0.388991367774922
0.3889639519691098
0.3889300098554317
0.3889001319156161
0.3888601583321568
0.388820733407229
0.3887916517007491
0.3887514632451215
0.3887171349456443
0.3886786613369844
0.3886521638310648
0.3886328660930432
0.3885784145867351
0.3884742832284239
0.3883975172037535
0.3881664245914795
0.3880801344946543
0.3879787061291745
0.3878787457054794
0.3877890564709075
0.3877203477509945
0.3877058597756655
0.387657150447542
0.3876328707471775
0.3875947269069359
0.3875509233177403
0.3874986384555227
0.3874504368712182
0.3874048930773524
0.3873636887545305
0.3873172599239739
0.387278394335259
0.3872301474103421
0.3872059392545411
0.3871724547545626
0.3871289035569644
0.3870975911516314
0.3870812073154319
0.3870159273876193
0.3869876987794544
0.3869763776772545
0.3869054284564762
0.3868798256675723
0.3868553743593464
0.3868113258270217
0.3867552380618203
0.3865824467344668
0.3864370776854302
0.3863320374609629
0.3862846463272263
0.3860284965889255
0.3859887234519785
0.3859636533598577
0.385931778918521
0.3858961912809573
0.3858362487152563
0.3858191548690999
0.3857534723812945
0.3857328557615742
0.3857212028964627
0.3856934691485651
0.3856651232704952
0.3855989571945272
0.3855293973313146
0.3854395112739974
0.3853730438019688
0.3853037801657118
0.385233790418324
0.3851871831353794
0.3851649967124541
0.3851000321265959
0.3850714874563029
0.3850532263317802
0.3850266948483744
0.3849856057572383
0.3849514945661506
0.384910651695156
0.3848884692695919
0.3848760555735756
0.3848639170738624
0.3848395636056319
0.3847700134284917
0.3846895894845127
0.3846228820779662
0.3845982078201752
0.3845717971740267
0.3845084154667909
0.3844300636790197
0.3843991523895735
0.3843804932692296
0.3843538952071948
0.3843345008002544
0.3843186759202144
0.3842696004855916
0.3842147114571225
0.3841799936164356
0.384158568549442
0.3841086981103892
0.3840806561241499
0.3840645746999402
0.3840557773064978
0.3840253060355058
0.3840153745698189
0.3840034139408232
0.3839329824549533
0.3838616443211697
0.383665265769662
0.3835595395534007
0.3834364820803588
0.3833244156834487
0.3832280487492412
0.3830917061332483
0.3830158952130782
0.3829281451979947
0.3828160143502868
0.3827284463288378
0.3826630175120967
0.3825876197983513
0.3825086649656998
0.3824229491511107
0.3823908767131333
0.3823500329765299
0.3823136328087418
0.3822697022392341
0.3822320490676655
0.3821956008599749
0.382158868447363
0.3820871341181319
0.3820469049431512
0.3819908669092879
0.3819367742984424
0.3819070547287169
0.3818825682590797
0.381856199051077
0.3818285161753773
0.3817989166141955
0.3817667843657899
0.3817159407762954
0.3816627881548263
0.381594506794849
0.3815592852690232
0.3815361176267533
0.3814796101747386
0.3814539645343632
0.3814255070288533
0.3813894630466778
0.3813652602701726
0.3813404935886114
0.3813036063205295
0.3812724495781245
0.3812577596483441
0.3812262534086056
0.3811144136494651
0.381008974708253
0.3809365193595883
0.3808819847496393
0.380734107050112
0.3805981046016825
0.3805405371863345
0.3804647363688561
0.3804205542299869
0.3803861402359597
0.380359298678446
0.3803330617591906
0.3802979579653371
0.3802578437530833
0.3802152826755887
0.3801762509403326
0.3801422385491958
0.3801017648872335
0.3800822368653093
0.3800748916379728
0.3800118539302696
0.3799458853587356
0.3798808575735924
0.3798124913097153
0.3797910448741806
0.3797206448728137
0.3796345005781087
0.3795833308573366
0.3795498601782645
0.3794580217197271
0.3794137369914184
0.3793562831615697
0.3793004748889643
0.3792500698640704
0.3791489108633493
0.3790280357154888
0.378894130421415
0.378854937178954
0.378805436280106
