2.347599034805537
2.063655493123729
1.718976690010646
1.41781373940622
1.121713206393525
0.8856098492443489
0.6941836661771685
0.6423103271155903
0.5877196630911964
0.5376023671332689
0.5260014134590983
0.4985254309974283
0.4831235197250026
0.4627348754298687
0.4393484128340094
0.4289293215331643
0.4161965027104546
0.4081166413924142
0.3929503241875515
0.3822192292616792
0.3742355891553784
0.3635178715501109
0.3595684476321365
0.3546016318883309
0.3495711286841436
0.3419596135173182
0.3363193765342622
0.329797701587469
0.3273569747091966
0.3247097282538077
0.3124137791574592
0.3096837664116438
0.308819946399223
0.3022078776598679
0.2962429576923447
0.2913353212904495
0.2895215452139089
0.2884913931964538
0.2865459785598589
0.2839073377604037
0.2799125085549047
0.2780881681432044
0.2759316188348278
0.2726712334338365
0.2707483730442017
0.2698917810109029
0.2683869563004475
0.2668406300362333
0.2647549206125129
0.2629362087228078
0.2609794369060006
0.2603601357576547
0.2596834229780551
0.2578465478747611
0.2569236011252783
0.2553207548375471
0.2538146911482729
0.2522069205792327
0.2497550580831543
0.2480742597128691
0.2467164347776018
0.2464449416431547
0.2462605450503364
0.245820969806082
0.2435836333823417
0.241924663053441
0.2404696346516103
0.2389133798152053
0.2379463755133263
0.2374602942529414
0.2367148129404572
0.2352311615618982
0.2340037770004344
0.2333502040762346
0.2329003250789316
0.232553996698711
0.2314592723442076
0.230267358627483
0.2290150315829818
0.2281719267532994
0.2269679505152746
0.226321564085816
0.2256350645846423
0.2247228772886865
0.2238879327298283
0.2234359534066689
0.2229724477218363
0.2224472625985418
0.2221622937010238
0.2219477753496551
0.2216978290216337
0.2213974471180733
0.2212096894498558
0.2211149522402865
0.2207925626630485
0.2206916858654801
0.2206446880524709
0.2204522664319567
0.2203408813647064
0.2202456609465471
0.2201256713051518
0.2200518526146545
0.2200160523516575
0.2198987771711317
0.2198506977395902
0.2198049668947334
0.2196538657094227
0.2195848436204861
0.2195761874676112
0.2194781356367744
0.219431490117975
0.2193188250360405
0.2191897205399578
0.2190682411020954
0.218974874084109
0.2188907321961463
0.2187447827431778
0.2186316409896148
0.2185785560483091
0.2184710233902407
0.2183705550607173
0.2182806312718419
0.2182376667730361
0.2181742300461589
0.2181354661054541
0.2181156230120491
0.2180446822682292
0.2180146687696781
0.2179854824752049
0.2179424315129168
0.2179211820256139
0.2179037118323597
0.2178459391830658
0.2178131113596406
0.2178006699360545
0.2177473438290758
0.2177212841236796
0.2177036183002736
0.2176448765027673
0.2175744753534372
0.2175128240152249
0.2174500397529678
0.2173060671961638
0.2171552699912415
0.2169890334374521
0.2169300959349575
0.2168551259923973
0.216775922650062
0.2167201018784473
0.2166498653590655
0.2165678573879544
0.2165197694582725
0.2164818459868658
0.216390932119667
0.2163233734948924
0.2162587534178221
0.2161521039768557
0.216074642811624
0.2160255173205779
0.2159940324932084
0.2158889374130102
0.2158499086440931
0.2158027250097305
0.2157509463816111
0.2156980359023724
0.2156490954040728
0.2155037955603421
0.2154096351777268
0.2153103378325203
0.2152299541411523
0.2151375576259748
0.2150063758363553
0.2148863007682396
0.2147383254488033
0.2146275085785761
0.2144933180313571
0.2143904748009379
0.2143391351538846
0.2142804713622083
0.2142265791554834
0.2141667030918572
0.2141034985514983
0.2140436806654008
0.2139228541398758
0.2138660330818168
0.2137426809629088
0.213659377345848
0.2135412321866258
0.213493323251792
0.2134828764578102
0.2134021182023431
0.2133187179227628
0.2132535523222744
0.2131747189305453
0.2131125251832172
0.2130540516062072
0.2129741001231809
0.2129226194418744
0.2128889969035936
0.2128453739946256
0.2128280229848685
0.2128117481327609
0.2127352586423133
0.2126822790055333
0.2126256088250036
0.2125640259299912
0.212502688868143
0.2124439838874418
0.2123361779138903
0.2122726669101893
0.2122029686467175
0.2120357452066067
0.2119279251989744
0.211823591623244
0.2117772036722359
0.2117228217517669
0.2116711852139608
0.2116122575949732
0.2115660948431014
0.2115067461416151
0.2114656875874266
0.2114162362786033
0.211326212296105
0.2112699634532884
0.2111966381101963
0.2111532280215003
0.2111250679496341
0.2111031369530127
0.2110738460646435
0.2110447978917899
0.2110012644090133
0.2109670909067922
0.2109457525140884
0.21092766127749
0.2108415922599633
0.2107390342509344
0.2106814542155316
0.2106194082727478
0.2105643371700531
0.2105114671212685
0.2104522122462498
0.2103689814911024
0.2103438331198378
0.2103138588240422
0.2102831933334359
0.2102236876958827
0.2101901605065846
0.2100809711782183
0.2099782218186682
0.2098895214161727
0.2098472095969828
0.2097616146282023
0.2097096781232722
0.2096688278373392
0.2096335497436196
0.2095683164820555
0.2095298223418344
0.2094909230518138
0.2094216312974096
0.2093659971059629
0.2093316388744756
0.2093070669922619
0.2092625120970911
0.2092412285250227
0.2092336431451544
0.2092071787165954
0.2091933013729211
0.2091731213323546
0.2091539740596653
0.209139978498196
0.2090993721457717
0.2089874620563787
0.2088855277563911
0.20884468618414
0.208790745167798
0.2087426249781383
0.2087052516028904
0.2086596183920879
0.2086284805261572
0.2086160636865203
0.2085769570665486
0.2085503724132257
0.2085245410283958
0.2084549959280309
0.2084030593823287
0.2083869289740152
0.2083000667414348
0.2082141434224109
0.2081752808142632
0.2081362202494109
0.2080984572628665
0.2080602679852811
0.208018430354358
0.2079721329096812
0.2079305176990371
0.2078789500368162
0.2078281080294455
0.2077987490456222
0.207784101506604
0.207743676796443
0.2077175058143451
0.2076947645040383
0.2076182361879309
0.2075538330259953
0.2075124249090382
0.2074917138674821
0.207467425515741
0.2074359517740719
0.2074120939904501
0.2073934503287948
0.2073775524171632
0.2073322409400196
0.2072079788659536
0.2071412521747857
0.2070852103730889
0.2070506829878739
0.2069954539623544
0.206973466641617
0.2069656257292306
0.2069325210524292
0.2069218680056755
0.2069003349459033
0.2068718552436195
0.2068513027172425
0.2068072753380663
0.2067829283397516
0.2067219246600447
0.206596106887536
0.206559096232527
0.2065210110157234
0.2064656804159199
0.2064393656198087
0.2064217908266767
0.2063908312844904
0.2063860346246625
0.2063676724841622
0.206359199065638
0.2063462995526001
0.2063345962669866
0.2063014216967497
0.2062343834324701
0.2062214289387093
0.2061773372958052
0.2061317071975282
0.2061038891969866
0.2060676334424549
0.2060576017013914
0.2060378411298056
0.2060234911026327
0.2059954498625346
0.2059663193471296
0.2059340355244194
0.2058772949672156
0.2058220079336892
0.2057514975348733
0.205715147865581
0.2056839411128719
0.2056643985298869
0.2056501596866459
0.2056350803506538
0.2056056677847594
0.2055852369318607
0.2055712501561937
0.2055374149244888
0.2055122791954389
0.2055000481746631
0.2054788507539305
0.2054644631430938
0.2054563928674956
0.2054270033689727
0.2054092934684111
0.2054062006454666
0.205396077241743
0.2053874451421653
0.2053830568582395
0.2053643115703822
0.2053147424444929
0.2052145892382875
0.2051764033177028
0.2051539275743449
0.2051369616383495
0.2051165117700782
0.2051078618230613
0.2051049895029565
0.2050785566547375
0.2050731380800983
0.2050657052688161
0.2050521419578465
0.2050072566412239
0.2049210083810374
0.2048742352575289
0.2047732518643186
0.204665625928131
0.204585390680261
0.2045366902534729
0.2044406254595723
0.2043716130898392
0.2042857910458812
0.2042255065100123
0.2041607273922047
0.2041177193764997
