2.29353379010528
2.211881622617017
2.0222197150588
1.822417267789773
1.657375342959372
1.255308371510627
1.086205864168358
1.021244993080598
0.8745870339764853
0.84516302032882
0.8278545784160313
0.8046512871397056
0.7598738556520989
0.7299544210122778
0.707703766561751
0.7010415865016133
0.700117649836335
0.6957113068603474
0.691255774061087
0.6873878115726018
0.6750102930827051
0.6659075897125823
0.6556361154693033
0.6465463763228187
0.637579414263608
0.6310679886066168
0.624743576584551
0.6197304219159715
0.6150751465312181
0.6083143338020887
0.6006451201405466
0.5935504848689263
0.5877563610161386
0.5814015384141445
0.5747345077163287
0.5676609233393914
0.5616827266898896
0.5569601874946415
0.5495964585148461
0.5453139223059649
0.5441457557698571
0.5411745169461329
0.5380499046840099
0.5299800557826109
0.5243080072737215
0.5167087364636244
0.510377858820586
0.5087721923275458
0.5069741641921865
0.5038228892880675
0.4965685479275685
0.4930305440023229
0.4921375925535521
0.4913411239937018
0.488740525192059
0.486866609807628
0.4841667817739421
0.4816815147813041
0.4785316632762232
0.4764974168246771
0.4737953794494839
0.4717136391400947
0.4709726396797856
0.4698253338668975
0.4680654257750621
0.4657448227674919
0.4643273677248227
0.463027197629835
0.459417664122538
0.457978299471629
0.4539978175931971
0.4514657140697799
0.4513552722500304
0.4504923855383576
0.4500939026887774
0.4495736328975974
0.4486188158580766
0.4478823238686594
0.4473864730476844
0.4468786343011861
0.4462174741285675
0.4456777875844273
0.4451447217879905
0.4443581457096393
0.4440214700718396
0.4439010784173243
0.4431153954108344
0.4424119502418927
0.4418497526161596
0.4416183775955754
0.4414406206387516
0.4412143278090321
0.4409594215313813
0.4407825026212859
0.4405601895014864
0.4403617509272676
0.4401753390637326
0.4399291691243481
0.4398123086519726
0.4397532920806533
0.4395572207292175
0.4395105506672065
0.439459450376239
0.4393807804389988
0.4393076317556022
0.4391800035906183
0.4390319935240607
0.4388449797678353
0.4387540844918665
0.4386791396966713
0.4385971649536503
0.4385021577728261
0.4383983106999471
0.4383027426301098
0.4382076175701836
0.4381156546498471
0.4380094142647352
0.4379052813010321
0.4377843672932957
0.437561698755961
0.4374809995931651
0.4373630325075709
0.4370969152337421
0.4370012302377975
0.436889534918025
0.4367520545573403
0.4366306673663745
0.4365019419731683
0.4363972190868857
0.4363103997563081
0.4361872421533899
0.4360450663281695
0.4359167444126779
0.4358050133325468
0.4357431112058731
0.4357036834213157
0.4355825594970522
0.4355194772831444
0.4354556549410591
0.4353618925242057
0.4353045222588976
0.4352452715861946
0.4351537583390643
0.4350963445952238
0.4350672450122
0.4350294763804247
0.4349925579973909
0.4349685597490792
0.4349375153478276
0.4348424998821943
0.4347549041711484
0.4346564590508875
0.434481953508981
0.4342579782763782
0.4341814821659478
0.4341239034799419
0.4340478134094865
0.4339312051535926
0.4338438058046166
0.4337496294439054
0.4336848154364551
0.4336326352264447
0.4335136441559621
0.4334382337714252
0.433357524261301
0.4332772388793458
0.43318754287728
0.4330955365149771
0.432989799501406
0.4328976002299984
0.4328411824720568
0.4328001683499714
0.4326854014267378
0.4326310224831339
0.4326077695699609
0.4325330942446484
0.4324407557406413
0.4323977542080742
0.4323818301916737
0.4322890041497046
0.4322425892956442
0.4321816557098282
0.4321515677501492
0.4321385880518505
0.4321114337151859
0.4320917395350258
0.4320569680493329
0.4319783441043629
0.4319636151625496
0.4319474086987831
0.4318651471216579
0.4318273605676571
0.4317913696601421
0.4317169839801863
0.4316173016233087
0.4315252918814201
0.4314830373104594
0.4314301650553601
0.4313732550439454
0.4313275913759199
0.4312787328789572
0.4312327038105471
0.431130185702778
0.4310357792944918
0.4309069012550324
0.430852302367631
0.4308267350789409
0.4307902293058244
0.4307713505197875
0.4307584879915525
0.4307121191868057
0.4306886062929053
0.4306761579288705
0.4306105900030557
0.4305888496728149
0.4305182213655124
0.4304928198435456
0.4304774919741194
0.4304394945320459
0.4303899916006018
0.4303523608247029
0.4303013087601489
0.4302736913715675
0.4302409539262897
0.4301608146412661
0.4301234695816641
0.4300675936647768
0.4300207949845027
0.4299991596068877
0.4299872082871253
0.4298695197052257
0.4298030000195594
0.4297161288408738
0.4296802530137531
0.4296354875958259
0.4295834066486127
0.4295575367657961
0.429540566522099
0.4295304709349427
0.4294711948151382
0.4293938460423604
0.4293303559093078
0.4292660159223279
0.4292285495917862
0.429195138637493
0.4291515267265802
0.429123150884417
0.4291045275732897
0.4290597272965462
0.4289986779637905
0.4289378115627661
0.4288975858327469
0.4288549770684626
0.4288072344357534
0.4287883389604598
0.4287705010003133
0.428738048828874
0.4287141282248598
0.4286899153973247
0.4286615148049792
0.4286365355994861
0.4286241429449638
0.4286204886567682
0.4285989569283428
0.4285770679125646
0.4285342807440236
0.4284364929694183
0.4280863857261727
0.4275740787806716
0.4271396415269344
0.4268070399547885
0.4266686448713666
0.4263665300567952
0.4258532238479022
0.4254448758103666
0.4253350555649389
0.4252817392624365
0.425106022581823
0.4250216846571614
0.4250003187125604
0.4248258484041456
0.4247650264660254
0.4246638060154348
0.4245892100992667
0.4245259562300445
0.4243792487326431
0.4242711291226529
0.4242081025604671
0.4240961438143983
0.4239797622097405
0.423905430296572
0.423836669436966
0.4237249281449609
0.4236525274206923
0.4235793673827513
0.423528589523393
0.4234476638700818
0.4234167595980703
0.4233558705850953
0.4233284716119853
0.4233168016577297
0.4233001283918176
0.4232390961621531
0.4232151392812972
0.4232020519577012
0.423162526311774
0.4231227275077481
0.4230446745544899
0.4229610410379226
0.4228904529982306
0.4228210766397499
0.4227396854466918
0.4226595003690191
0.4224034752193638
0.4221968927403636
0.4221248742156419
0.4219990574345869
0.4217802449988594
0.4216972420799799
0.4216562464078094
0.4215006177112129
0.4214530196672669
0.4214123572686644
0.4213703702005016
0.4212736400014753
0.4212383365442071
0.4211887620859409
0.4211673208992206
0.4211422823536801
0.4210815812972982
0.4210068482394909
0.420937549347046
0.4209006405923679
0.4208434769816086
0.4208048636101933
0.4207837073465975
0.4207514712302111
0.4206997326835484
0.4206738442070833
0.4206509375649369
0.4206230662168036
0.4205949956771454
0.4205653275334638
0.4205339816027415
0.4205040774956887
0.420431269593721
0.420331029178001
0.4202914627033313
0.4202511433929379
0.420210882319854
0.4201851013634463
0.4201618511492221
0.4201019468187163
0.4200821017826847
0.4200526837508118
0.4200359634028213
0.4200241915294001
0.4199955931505223
0.4199467169419218
0.4198919791237679
0.4198668502975476
0.4198572516507962
0.419813433372648
0.4198012630434664
0.4197936476197909
0.419740561630228
0.419701347009837
0.4196685599733673
0.419628247131494
0.4195422183539949
0.4194654891973495
0.4194151516290544
0.4193489484623671
0.4192764225785052
0.4192212958440573
0.4191480655534291
0.4191111012623595
0.4190738119253005
0.4190283903772927
0.4190074557804762
0.4189966858029623
0.4189710017129826
0.4189489360716339
0.4189169467653546
0.418886835825786
0.4188591313519537
0.4187869405186546
0.4187446876353105
0.418648845813729
0.4185676063936766
0.4184757450343973
0.4183645976022158
0.4183290931858429
0.4182782988079877
0.4182548308212971
0.4182337311637162
0.4181817110183907
0.4181475440287597
0.4181243439359026
0.4180755422715851
0.4180407888422581
