2.325791119610079
2.11202406729621
1.745143876084521
1.395812145913635
1.083417881265008
0.8774761351962488
0.669454065347624
0.6095838045577666
0.5738557715334849
0.5293191653024495
0.5051506810424188
0.4838749723244528
0.4524610169219412
0.4447546884286088
0.4377984896897085
0.4302509845958967
0.4032466067610734
0.3878798477971812
0.3799906640874264
0.3652954306329057
0.3570922352060608
0.350526297102785
0.3341108029371934
0.3271898677820154
0.3250692617115432
0.3165357006345476
0.3123549360773444
0.3077213611742974
0.2989249986957459
0.2916081258558145
0.2867744199061235
0.2825860479632027
0.2783701660620124
0.2741464544304371
0.2729457023104985
0.2715455784781353
0.269500638230682
0.2669931015286591
0.2640391061198684
0.2607770133122392
0.2588189995042758
0.2568886322939617
0.2548459737669462
0.2534669594879079
0.2500048070348678
0.2464036991871031
0.2433377549821382
0.2428748157887313
0.2422273892765492
0.2407209813705426
0.2391699866358317
0.2367810568305375
0.234807555036789
0.2332496406092292
0.2324797098760542
0.2321453554927136
0.2314289329899555
0.2299258977301414
0.2285355865465867
0.2268098447641267
0.2262724905531617
0.2255550286308752
0.2243802538935047
0.2231337424858933
0.2220059048156627
0.2212803773490289
0.2206886592032699
0.2200196664541203
0.2193924469418089
0.2182732034899632
0.2173218872092316
0.2168112523538214
0.2161907963957552
0.2154809405577945
0.2150649490390287
0.2149529947024491
0.2146899160649874
0.2141042966253339
0.2137048483367511
0.2132474558888563
0.2125440855427254
0.2122339790925636
0.2119772000108188
0.2115625576155352
0.2112486696797239
0.2110812794119297
0.2108621329575468
0.2107027172186448
0.2104893328009668
0.2103089921947336
0.2101225195166457
0.2099282372338457
0.2097786763694729
0.2096304799310577
0.2094227608410089
0.2092720917254506
0.2091836505572701
0.2090673326218615
0.2089415793379673
0.2088589550294453
0.208766262062401
0.208641539572301
0.2085525215127589
0.2084847377859316
0.2084070052447454
0.2082349564845926
0.2080393158408632
0.2079041651720598
0.2076748709680785
0.2074761380852898
0.2072861717009632
0.2071310235736488
0.2069643897111087
0.206899554955948
0.2068442614070985
0.2066689100165126
0.2065682913446123
0.2064980322672192
0.2064055754942093
0.2062693654741851
0.2062073931601818
0.2061624736250132
0.2060994746031537
0.2060359646143037
0.2059840734454442
0.2059119275841016
0.2058439084571833
0.2058228540975506
0.2057847733340026
0.2056790030830573
0.2055391182609507
0.2054678931825265
0.2053889836815056
0.2052161121782522
0.205067738046698
0.2048997508981852
0.204644388263974
0.204481901880454
0.2043599095317902
0.2042084058265961
0.2041009527115517
0.2039729172048664
0.2038363932006016
0.2037062850242234
0.2035916339871029
0.2035259394573288
0.2034444596077805
0.2034069158660877
0.2033624816461449
0.2033300013076407
0.2032764719004218
0.2032355539932775
0.2031754306530109
0.2031179225199576
0.2030646934507223
0.2029737661216547
0.2029007376424128
0.202709258046889
0.202540651346145
0.2023961780154548
0.2021843884680385
0.2020785611095102
0.2020409053876071
0.2018904154984282
0.2018312867198053
0.2017911430124253
0.2016621183757608
0.2015696214017357
0.2015252178437066
0.2014577548325746
0.2014345046194095
0.2014036387027081
0.2013733230129894
0.2013135335817753
0.2012561539223306
0.2012290476638953
0.201216234066045
0.2011146902512494
0.2010679618005416
0.2010065816809762
0.2009775870492238
0.2009650896678022
0.2009265951082958
0.2009158847281049
0.2008944837092864
0.2008166665177209
0.2007279379577231
0.2006887398649125
0.200676279955713
0.2006407117047693
0.2005645739086701
0.2004867944745095
0.2004302922258885
0.2003469526608045
0.2002613430519423
0.2002237549295448
0.2002163145555408
0.2001443470372037
0.2001115092910331
0.2000739245737731
0.1999828794914786
0.1998498083769294
0.1997967977519439
0.1997380281581229
0.1996593000503981
0.1996321692074012
0.1995684268798399
0.199475236911286
0.1993986718696039
0.199355681793398
0.1993065008557328
0.1992580403828351
0.1992129158161298
0.1991614240720091
0.1990754807651878
0.1989899136581578
0.198852606886527
0.1987557548221039
0.1986966939873324
0.1986371365130519
0.1985584545143361
0.1985215120798103
0.1984791879599106
0.1984331176382262
0.198337942790976
0.1982653474042202
0.1981664892138246
0.1980998691731682
0.1980349778144003
0.1979439099383079
0.1978483322480335
0.197801900448825
0.1977366214058153
0.1976717515939652
0.1976200779025967
0.1975659519667154
0.1975030837411075
0.197436550922577
0.1973815163297608
0.1973201792491341
0.1972670185222882
0.1972007936100657
0.1971418926890481
0.1970808221733222
0.1969694241045491
0.1968686872635017
0.1967284281683397
0.1966252642120168
0.196577098958692
0.1965301813949356
0.1964827771560164
0.1964409943679488
0.1963896158427926
0.1963530182194381
0.196306834795465
0.1962524344786464
0.1962288831321663
0.1962261724907027
0.1961743232846042
0.1961572740701868
0.1961447439712775
0.1961199359044006
0.1960568515724884
0.1960250331752772
0.1960218525976419
0.1959520798990577
0.1959294345126158
0.1959145136626242
0.1958952509300902
0.1958514502823659
0.195756698855803
0.1957000024428897
0.1955375095605469
0.1954659075749681
0.1953914841669238
0.1953189486901456
0.1952268685326968
0.1951852333880257
0.1951528890455503
0.1951133775994836
0.1950584524667335
0.1950178612807633
0.1950016961824704
0.1949571533774559
0.1949062132172338
0.1947929166995444
0.1947208170754733
0.1946209976882132
0.1945532164962973
0.194472389651533
0.194430093564588
0.1943769844539716
0.1943309513782794
0.1942837949786215
0.1942256898212571
0.1941820572597465
0.1941512945416171
0.1941158270198809
0.193976733968595
0.1939258102921143
0.1938762430083624
0.1938461615042565
0.1937998923102005
0.1937664909114589
0.193750035043328
0.193694488393049
0.1936486542524616
0.1935873845809493
0.1935273709767295
0.1934664431161828
0.1934046166268854
0.1933662174750899
0.1933435876090528
0.1932550793634025
0.1932375420345874
0.1932177811016787
0.193162128752996
0.1931238387850065
0.1930837662725496
0.1930358549004001
0.1929950244512157
0.1929464534506516
0.1929258960168337
0.192879677525032
0.192824177546768
0.1927904191984444
0.1927760467371683
0.192737690150362
0.1927187373077514
0.1926884601320923
0.1926411023508291
0.1926259523170811
0.1926180565625776
0.1926024945145746
0.1925926171100689
0.1925766423818158
0.1925411467193042
0.1925023049497839
0.1924704398114658
0.1924491399041863
0.1924248569359688
0.1924087222373709
0.1923853356505568
0.192322627568189
0.1922498131235016
0.192204078450821
0.1921711287864486
0.192060612168957
0.1920356320665139
0.1920175977263032
0.1919931669595553
0.1919730538931397
0.191935469312433
0.1918798773134029
0.1918294173456594
0.1918096942780874
0.1917968893067325
0.1917645682655342
0.1917180847873247
0.1916824420901523
0.1916411708867419
0.1916084246806472
0.1915686096422432
0.1915293842490326
0.1915112573825999
0.1915037922529586
0.1914769872152549
0.1914646020420596
0.1914502452018835
0.191396760180076
0.1913499803599613
0.191267329993928
0.1912188980279696
0.1909790801271609
0.190783481722698
0.1906581587742502
0.1905418972641966
0.1904380698068299
0.1903143898722516
0.1902367284993372
0.1901788118049309
0.1900811735428961
0.1900200146300715
0.1899872340969951
0.1899374230117701
0.1899105753962585
0.1898981490348972
0.1898640029621899
0.1898206552642829
0.1897723836743858
0.189735207783834
0.1896982077731798
0.1896468348165095
0.1896123438977134
0.1895906530340572
0.1895721583182406
0.1895084321299729
0.1894676028808611
0.189456282066009
0.1894417604212482
0.1894277367763496
