2.32139987382906
2.165655883842461
1.843464675002866
1.521342011982869
1.225764095909306
1.004507380895736
0.7444646813166099
0.6749139186156903
0.6352892433502051
0.5772309979178456
0.5552909891555706
0.5477773242901591
0.502884754073131
0.4674095849869773
0.4534773298508374
0.4390861628397161
0.4205576977435989
0.404959866779856
0.3995871696216409
0.3916138700915157
0.3851160720346894
0.3725111460222288
0.3707183923335253
0.3638756781699894
0.35250017010908
0.3438792768691171
0.3375148601018224
0.3289413886687749
0.3238298804424342
0.3189304874977111
0.3092900512449255
0.3019186678320685
0.2992891797609359
0.2982333918742455
0.2962498019473261
0.2892072268838957
0.2859689825801299
0.2835748766029136
0.2805438643171656
0.2769816780646924
0.2723997520143746
0.2698552589633499
0.2678735775147479
0.2660701202892364
0.2629494885537045
0.2591887047425352
0.2573703235792382
0.2552866872721519
0.2528795040776118
0.2516927107030975
0.2509030897183528
0.2502789077137053
0.2474690263782381
0.2459311305603868
0.2445534533060988
0.2433055048599619
0.2404406066097925
0.2380060509517498
0.2356514485005116
0.2345645464724706
0.233906422023886
0.2336032396066364
0.2324311247365768
0.2309951392957173
0.2299118213919882
0.2288158014799578
0.2279159768489804
0.2275243609566431
0.2268402440417979
0.2263345922992136
0.2259177901470232
0.2256793588503081
0.22514398256299
0.2247259946922929
0.2244846100407195
0.2244381655427775
0.2239432202537737
0.2237836817555406
0.2236066414209692
0.2233591037110948
0.2231248602674773
0.2230237815818487
0.2227481954634177
0.2224743483924463
0.2223259097974085
0.2221782917957422
0.2217853654267568
0.2215877631821955
0.2213638368005845
0.2211349311731477
0.2209652495986652
0.2207601416887382
0.2205066497193633
0.2203751319262911
0.2201937367448993
0.2200746156114009
0.2199351147630556
0.2197487126052685
0.2196729411807865
0.2195996991434156
0.2194333012465214
0.2193078706246233
0.2191898980598375
0.2190419358091912
0.2188266910195668
0.2186970755675171
0.2185417437128503
0.2183232270583537
0.2182405267521265
0.2181876696458531
0.2181162845575185
0.218036466386866
0.2179772203178428
0.217868042844394
0.2177256552435771
0.2176901303408108
0.2176763670159738
0.2176146700896849
0.2175603481334217
0.2175152118440463
0.2173472172774727
0.2172270305458242
0.2171039209784922
0.2169824494329664
0.2168088676208744
0.2167019584626961
0.2166361249730976
0.2164937673412999
0.2163933735665115
0.2163370447008417
0.2162712980439262
0.2161445919476554
0.21599600024812
0.2159299562578784
0.2158581520911238
0.2157114585189809
0.2155976078016325
0.2155015134701293
0.2153618631549526
0.2151472053624439
0.2150300234837051
0.2148767034700805
0.2147218527122171
0.2146281751301272
0.2145410362330461
0.2144703207756838
0.2143488375108928
0.2142950472574156
0.2142469547650023
0.2141690895669759
0.214121408320843
0.2140710859536449
0.2139903087406258
0.2139400592980731
0.2139184683461713
0.2138461737473641
0.2137616900154884
0.2136741081566869
0.2135880718422345
0.2134532508142922
0.2134047810775754
0.2132077279970406
0.2130833947614562
0.2129991051276385
0.2129085446395218
0.2128691996898436
0.2128190258996788
0.212789256560063
0.2127665612056436
0.2127116840673376
0.2126664391809323
0.21262326508938
0.2125697905218376
0.2125146954040444
0.2124492416552301
0.2123886924877736
0.2122396941003757
0.2121301471899661
0.211978136508141
0.2119133475417778
0.2118243164545595
0.2117548187309437
0.2116970602041988
0.2116056083301625
0.2115731842321639
0.2115648606235118
0.2115355670440631
0.2115069314979018
0.2114824926263976
0.2114581287365242
0.2113340647555232
0.2112240512821986
0.2111684441421033
0.211084703502242
0.2110320404228221
0.2109704730740468
0.2109003137446477
0.2108857589875989
0.2108484358570452
0.2108136882601302
0.2107581876365349
0.2107180742619971
0.2106909293218
0.2106652961239541
0.2106183799352184
0.2105891199418331
0.2105649949277513
0.2105366280146082
0.2105132331671594
0.2104318702095792
0.2102746467389599
0.2101187602867146
0.2099372422571498
0.2097475935795039
0.2096343656491515
0.2094986859623082
0.2093718456648521
0.2092935571264211
0.2092494612292715
0.2091189959622308
0.2090691574165973
0.2090378846542265
0.2089926851036651
0.2089197861193539
0.2088781580938453
0.2088506377741829
0.2087914860558755
0.2087399941800494
0.2086780583485121
0.2086186646368209
0.2085087539666451
0.2083807975557849
0.2082403439851783
0.2081310601134912
0.2079781743422127
0.2078537294436286
0.207774784867731
0.207658207690298
0.2076111682023395
0.2075516814886962
0.2074551114704749
0.2074007885810182
0.2073308910365533
0.2072691732772313
0.2072053196116649
0.2071369610702752
0.2070745353174503
0.2070077349378659
0.2069046133299322
0.206847378395415
0.2066722942361909
0.2065744101812335
0.2065504972753932
0.2064785963095894
0.2064447511099899
0.2064099311225913
0.2063334260707604
0.2062910500787543
0.2062778888020215
0.206230525941303
0.2062087228768266
0.2061819680868541
0.2061485248444642
0.206128767932568
0.206097481877217
0.2060670111064188
0.2060538495160788
0.2060200191111402
0.2059445341996766
0.2058406209027421
0.2058284210118052
0.2057971638433293
0.2057593724558744
0.2056770266884648
0.2056333046228118
0.2055176149621635
0.2053905030588247
0.2052186983499986
0.2051646132790999
0.2051347259543718
0.2051273662901983
0.2050867326118685
0.2050587209008007
0.2050365845123285
0.2050059390435059
0.204942079144013
0.2048788118639077
0.2048245238275553
0.2047723950718914
0.2046775143713286
0.2046440418323728
0.2046130014678559
0.2045645911965577
0.2045459657691379
0.2045395927933245
0.2045054116081387
0.2044843520276872
0.2044527800349019
0.2044217392902451
0.2044029971521514
0.2043844385822375
0.2042952898914558
0.2042292854774728
0.2042067011512605
0.2041745415173415
0.2041253206327386
0.2040710017905944
0.2039637513810558
0.2038440384000231
0.2037592854318881
0.2036987561581386
0.2036218782534375
0.2035908579197628
0.2035745904383071
0.2035566873597065
0.2035350124375024
0.2035053584358536
0.20343404904045
0.2033922094051024
0.2033628803304272
0.2033217051396179
0.2032636882503076
0.2032216057645687
0.2031765668664795
0.2031537825705961
0.2031163143337508
0.2030928086338908
0.2030551630206302
0.2030212691420755
0.2030033028321537
0.2029648366086974
0.2029246828229828
0.2029084024603424
0.202904462367309
0.2028746468773644
0.2028601922440763
0.2028184074341469
0.2027070086401093
0.202607003988414
0.202553026881902
0.2025035291533498
0.2024508789370905
0.2024052427477736
0.2023445952772678
0.202286492551142
0.2022551705374132
0.202215247037035
0.2021694029742913
0.2021507056645497
0.2021248216156794
0.2021057191504116
0.2020846488334297
0.2020246753520491
0.2019516276276249
0.2018924989316047
0.2018334446147295
0.2017602073379305
0.2017035527457053
0.2016451266506386
0.2015377303624077
0.2013910238093534
0.2012892869800513
0.2012397948024117
0.2011844884671564
0.201145545495306
0.2011027284962417
0.2010348925320404
0.2010095060179189
0.2009948975085858
0.2009481379309529
0.2009008758120763
0.2008640034033689
0.2007678468960422
0.200637330047796
0.2005576001481663
0.2004982206055307
0.2004262500025553
0.2004019937974683
0.2003693036853845
0.2003363877228118
0.2003084888957778
0.2002750402108757
0.2001958369154385
0.2001308277972006
0.200072639807303
0.1999960706069956
0.1999183647076833
0.1998141349135058
0.1997805194162994
0.1997063324349974
0.1996286455685106
0.1995892489627327
0.1995611105071512
0.1995397115234879
0.1994878657376117
0.1994575015518269
0.1994473265065464
0.1994122097560586
0.1993859129363737
0.1993745020068657
0.1993472805240298
