2.315628175972024
2.148826835754873
1.853655083826488
1.483252337425317
1.317577078294349
1.098408240244057
0.8705515702647506
0.7656958137446933
0.6944917979395809
0.5991294658643005
0.5626951112417743
0.5310602526217822
0.5008319334846637
0.4885990986580406
0.4729651691175699
0.4512326326698216
0.4405824021585092
0.4254583418034428
0.4139175571563415
0.4063320851047921
0.4025271084315153
0.3895613149821554
0.3786218655732128
0.3714189207220041
0.3692188636026459
0.359503869702022
0.3541814250274837
0.3498397203159426
0.3432163385840605
0.338029950464231
0.3339126779619755
0.3323761174179903
0.3308875374665349
0.326104870673672
0.3214365729730193
0.3175827349826942
0.314249150646345
0.3119393447827508
0.3089497794469183
0.307062256078079
0.3046926267407435
0.3036524657328906
0.3021451712531162
0.3006145424839838
0.2979521172566975
0.2949159134249281
0.2915243017527059
0.2887706360206465
0.2862863227922237
0.2847399986457585
0.283386545132422
0.2819159469280594
0.2798867325778353
0.2773123331669319
0.2748442011593751
0.2727122645590943
0.2716051441902377
0.2709704418705321
0.2700414293718313
0.268801349456079
0.2675903951276877
0.2663573304241607
0.2653175118459759
0.2641931357736364
0.2632080148920695
0.2626273761119986
0.2622661084421284
0.2615378628178015
0.2609070803984642
0.2602303722974208
0.2597414003990534
0.2591379433768541
0.258498576879857
0.2583479475913081
0.2581124647422729
0.2577788810952021
0.2574751498531048
0.257191269127331
0.2568947472518999
0.2567245624876427
0.2566018039590941
0.2564404882111008
0.2562665419303554
0.256185358092432
0.2560339649165685
0.2557748480199029
0.255611604932434
0.2553703804645487
0.2550906995393845
0.2549148220951356
0.2546825912148549
0.2544643480640291
0.2542650995797182
0.2541554692223585
0.2540180952983804
0.2538664422721972
0.2537584769473817
0.2536840984160314
0.2534423938952672
0.2532190294822288
0.253109066624841
0.2529740755963674
0.2528278212170547
0.2527175695691743
0.2525900701855893
0.2524445797306751
0.2523310221154176
0.2522497733960074
0.2521312106029194
0.2519056350361487
0.2517665427647759
0.2516210094622046
0.2515410368709292
0.2514499945683932
0.251351128080593
0.251244577757589
0.2511437816130189
0.2509776199269497
0.250811703043714
0.2506113250393147
0.2504992913479348
0.2504373770366231
0.2502836296973102
0.2502097929394789
0.2501110975646145
0.2500320406034246
0.2499299792261944
0.2498423129643468
0.2497312535047325
0.249644294908201
0.2495443634489592
0.2494572735724703
0.2494031813720845
0.2493645427777746
0.2492239478039845
0.2491819765895033
0.2491536738046765
0.2490872237416546
0.2489223153845019
0.2488273000074483
0.2487616183096104
0.2485917746467916
0.2484391674275727
0.2483102569444571
0.2481708569358273
0.2480922015502014
0.248067223590302
0.247976901355846
0.24792826256767
0.2478809217671605
0.2477318962767704
0.2476415433069685
0.2475406830130533
0.2474548145054937
0.2473540519637256
0.2472972399026916
0.2472813633700616
0.2471850884430105
0.2471397815643513
0.2470899064241537
0.2470515834514052
0.2470043157076195
0.2469178820649298
0.2468748485757479
0.2468015185141844
0.2467371301407866
0.2466727752327413
0.2466334572487125
0.2466120303971102
0.2465453638516647
0.246507355380468
0.246470938130487
0.246370916069305
0.2462786330941193
0.2461913843324141
0.2460707969267582
0.2459641060548654
0.2459165595832805
0.2458456161502542
0.2457809962030397
0.2457533519964734
0.245714155640418
0.2456586354362699
0.2456160182919727
0.2454960792244547
0.2453832931280285
0.2452695407278701
0.2451349462332785
0.2450019256204788
0.2449271300975649
0.2448424417579542
0.2447373091953554
0.2447059404649208
0.2446727073170157
0.24462581255879
0.2445777103603815
0.244556396823353
0.244492863804091
0.2443675236096313
0.2441302265201499
0.2440413353558906
0.2438954897541438
0.2438056915669587
0.2437449243667172
0.2437035553803181
0.2436554007922924
0.243606857126977
0.2435734957254577
0.2435236718199757
0.2434792740752043
0.2434545283014692
0.24343962547957
0.2433947919002085
0.2433570220145596
0.2433221211549441
0.2432678842966601
0.2432167165170395
0.2431919594204214
0.2431886199006505
0.2431418753211415
0.2431238861292746
0.243103961297084
0.2430441236303352
0.2429697891647209
0.2428997848377354
0.2428344613017103
0.2427536763872533
0.2426510831279937
0.2425800489415148
0.2424813649022479
0.2424504300751899
0.2424305231761035
0.2423668620084468
0.242312991734324
0.2422280601441975
0.2421824274058278
0.2421545919238127
0.2420898226472784
0.2420564203061412
0.2420192980659966
0.24198945708612
0.2419559591023205
0.2418773036225333
0.2418090706156235
0.2417367520287192
0.2416142048012664
0.2415515830578192
0.2415104308438986
0.2414836892740646
0.2414615034862299
0.241430760821021
0.2414119571655018
0.2413883177652431
0.2413399925266842
0.2412908607423395
0.2412329610753837
0.2412001815918995
0.2411583933433471
0.2411261644672303
0.2410808459176708
0.2410326139370517
0.2410156815044782
0.2409918342369106
0.240966713100629
0.2409438660725417
0.2408675481991994
0.2407410173108834
0.2406973550455942
0.2405702099059687
0.2405266052369525
0.2404932785128497
0.240437833423782
0.2404099127724713
0.2403969900377931
0.2403736815420471
0.240354275914665
0.2403174080619574
0.2402596199170782
0.2402333344463508
0.2401934256048265
0.2401772063969762
0.2401574813624561
0.2401100493351882
0.2400684323727466
0.239997072817095
0.2399310238781257
0.2399131176274813
0.239893715128699
0.2398739841450309
0.2398461587113347
0.2398249260039508
0.2397792946027399
0.2397132147491662
0.2396987127946252
0.2396857065553012
0.2396661550790391
0.2396481565127261
0.2396331644244776
0.2395757817344091
0.2395191737190638
0.2395035235006127
0.2394859868457671
0.239454598342574
0.2394108083163211
0.2393778767787915
0.2393424316579788
0.2392702778325472
0.2392302439822383
0.2391575956294568
0.2390650452252784
0.2389666814395451
0.2388942371047226
0.2388193144936773
0.2387580288131241
0.2387236224701954
0.2386739275605993
0.2386477186824766
0.2386352167684066
0.238605533275602
0.2385861441328118
0.2385606369569181
0.2384771545181049
0.2384376713027792
0.2384342738609759
0.2383996197274385
0.2383841892284085
0.2383700943643547
0.2383268362980565
0.2382970732659034
0.2382789319085036
0.2381837464590106
0.2381149680205286
0.2380476785867217
0.2379535821736207
0.2379200843662477
0.237891718327715
0.2378779138498556
0.2378381452401451
0.2377943725155771
0.2377525430910808
0.2376786841475364
0.2376207110548585
0.237553056064574
0.2374961508238004
0.2374471612963986
0.2373835643120113
0.237334399093231
0.2373033649205236
0.2372575007817323
0.2372124746684742
0.2371796416644758
0.237159370987237
0.237121755884558
0.2370801081122397
0.2370636191959568
0.2370510573586066
0.2370359460714763
0.2370151076974583
0.2369739086606824
0.23695528698124
0.236934733279742
0.2369224405656298
0.2369071747055399
0.2368897483320641
0.2368555113587374
0.2368260169475495
0.2367912854536104
0.2367582582585399
0.236747020715417
0.2367324336432775
0.2367187619882599
0.2366356132720889
0.236581128345788
0.236446413590952
0.2363120399347778
0.2361310286953937
0.2359889457258364
0.2358109519378327
0.23570135638571
0.2356260667856943
0.2355666053447688
0.2354816928511293
0.2354386604542218
0.2353879735143317
0.2353372281416628
0.2352414733256031
0.2351479452885911
0.2351053398764127
0.2351002948730141
0.2350094594817232
0.2349789484738172
0.2349057178806775
0.2348500389944946
0.2347838651264628
0.234732894310692
0.2346934946079334
0.2345983360770066
0.234556836368467
0.2345021622965809
0.2344818210320211
0.2344513969008993
