2.367700931392967
2.206667346239793
1.997341116110767
1.611361528964919
1.264933146062748
0.9944757862573976
0.8424371252379639
0.758313456489481
0.6539559585345786
0.6339148518412163
0.5903230676702852
0.5626875342605803
0.5375742877382083
0.504109056488107
0.4860574921505871
0.4777698544460421
0.4687731159214347
0.4485414298756542
0.4303285688524911
0.4197743406735541
0.4106247337690367
0.3994648106993378
0.3976755175538918
0.3969895137503336
0.3894263422621373
0.3803779067106422
0.3770921512519335
0.374825849323422
0.3681022609525933
0.3629005308333549
0.3604073866604696
0.3593625919426167
0.3580464816728113
0.3543089263949467
0.3513341435749466
0.3492053712981504
0.3462445237482907
0.3436748995932276
0.3412316876354965
0.3404383871022086
0.3388291711659345
0.3363910710009531
0.3344413083146255
0.3336122488894552
0.3320444603284169
0.3297228060020311
0.3287317515395503
0.3262748675219823
0.3232685720016069
0.3211118691592677
0.3199145002794173
0.3178214454109151
0.3163026961326899
0.3149360008622416
0.3132968690661113
0.3120531034260627
0.3100588020171364
0.308214712475464
0.3063081104402278
0.3038085628481928
0.3028061521320815
0.300943273483682
0.2993176556990205
0.2980396156590632
0.2973130781500509
0.2951632047025931
0.2936570959958233
0.2923008956181711
0.2914265705704863
0.2908209364232256
0.2896140751087362
0.288624630335951
0.2879331780659134
0.2872487051073456
0.2869002605966114
0.2865933109230987
0.285781651849445
0.2849251325272464
0.2841259783046788
0.2833738306885436
0.282937784219577
0.2826611918623197
0.2822208500456709
0.2817726423076912
0.2813721678496336
0.2808858278202953
0.2806373152676115
0.2804133652108334
0.280222496764201
0.2800034327304855
0.279727257044216
0.279581026901613
0.2793883730880173
0.279110372737031
0.2790162203866441
0.2788448084008492
0.2786987534665796
0.2785415338748211
0.2784251474487514
0.2782974919641731
0.2781568483677204
0.2780809665462481
0.2779718874657798
0.2779313364212537
0.2778739639133552
0.277772071182951
0.2776797987393376
0.2775545897886481
0.2774928793913897
0.2774466292493395
0.2773874524372374
0.2772874839647048
0.2772314530988276
0.2771313212535285
0.2770421098240455
0.27701257378299
0.2769740732279807
0.2769310668875334
0.2769025367320072
0.2768578741908925
0.2768178333788643
0.2767837024779876
0.2767513712168921
0.2766599974962076
0.2763154017147356
0.2761690672552245
0.2760001005123363
0.2758668712368467
0.2757109102644904
0.2755691057092973
0.2754553154462912
0.2753051448649828
0.2751169253781092
0.2750558247466497
0.2749915602725862
0.2749147768534211
0.2748665438833205
0.2748375187137435
0.2747674705385435
0.2747197371612229
0.2746657761559931
0.2746386621510807
0.2745563924159892
0.2744715094646354
0.2743138681526672
0.2742352423247625
0.2740372075415972
0.2739341302875521
0.2739146555521314
0.2737607395168154
0.27366310390933
0.2735885598800538
0.2734858409009928
0.2734170775993318
0.2733799133660653
0.2733054431471675
0.2732229769411138
0.2731399463761109
0.2730811764521217
0.2730429012504106
0.272924885838694
0.2728729513011101
0.2728211170538949
0.2727149444853741
0.2725795857684306
0.2725076344669073
0.2724658663063586
0.2724208193173411
0.2723713855389978
0.2723288840192136
0.2722839919149951
0.2721760405494369
0.272102033891911
0.2718252787486186
0.2716735617628561
0.2714823306873825
0.2713235531716269
0.2711954381823626
0.2710442236473433
0.2709689596642087
0.2709235001113811
0.2708141302250537
0.2707643758391063
0.2707126024987009
0.2706482224005122
0.2705965962750322
0.2705314716156045
0.2704664745223319
0.2704190757630873
0.2703914770916451
0.2702983744177518
0.2701840501462192
0.2701512718328667
0.2701060771841884
0.2700564077221594
0.269979829088919
0.2699120254797439
0.2698080102017539
0.2697467039134613
0.2697122381706338
0.2696741175178501
0.2696547543324414
0.2696299004003215
0.2695593764191146
0.2694880115894117
0.269451236178507
0.2694348659249475
0.269362931674188
0.2693360560165192
0.2693142986979085
0.2692991430776693
0.2692677901542772
0.2692550827677931
0.2692435289078253
0.2692026216936406
0.2691514161404069
0.2690969396115579
0.2690511037538509
0.2690325534064362
0.2689975755318855
0.2689442899266681
0.2689236410807868
0.2689184629133782
0.2689011207037534
0.2688909862325077
0.2688798908126948
0.2688334181268594
0.268782742718225
0.2687310035443774
0.2686463737562965
0.2685582866002749
0.2683642969355897
0.2681271163388833
0.2679107738847006
0.2676734912304474
0.2674536521235347
0.2672063442292251
0.2669523907532806
0.2668319588590386
0.2665994405497505
0.2663773949172951
0.2662060487989641
0.2661453612162043
0.2660551904926422
0.2660056895468078
0.2659671146583217
0.2658882158148986
0.2658260265105942
0.2657280180156799
0.2657073304508943
0.2656803438291386
0.2656141152572186
0.265566235184463
0.2654827036611262
0.2654277942315495
0.2653906704792647
0.2653460209393425
0.2653252946083121
0.2652800186508324
0.2652354191598772
0.2652013562297408
0.2651471718653468
0.2650947211184059
0.2650459334346004
0.2650095333372027
0.2649616533255081
0.2649096436602727
0.2648951894413387
0.2648756546716606
0.2648550905979075
0.2648203994559207
0.2647496283031073
0.2646973454122357
0.2646374544278596
0.2646079592426704
0.2645669146557875
0.264538190128746
0.2645091002403648
0.2644739356290619
0.2644110950950909
0.2643750198275391
0.2643493701370325
0.2642835735569598
0.2642561339397814
0.2642222236597992
0.2641688362159199
0.2641404192301799
0.2641180162656442
0.2640850495258543
0.2640550463383863
0.2640434101778519
0.2640025580839691
0.2639841973447469
0.2639629958449785
0.263940541746023
0.2639247888671942
0.2639040223264857
0.2638549939189179
0.26378606258096
0.2637471254637793
0.2637259511582418
0.2636742674922863
0.2636326018385929
0.2635808907373957
0.2635588972978932
0.2635333041874641
0.2635067530129149
0.2634820207789808
0.2634321601137446
0.2633441197149868
0.2632395189496601
0.2631911487983588
0.2631323692568494
0.2630936661985512
0.2630776325444991
0.2630388608890434
0.2630209443795173
0.2629733053395015
0.2629439425343781
0.2628792170957188
0.2628459189674651
0.2628050597878137
0.2627161966783508
0.2626634888682026
0.2625868145575027
0.2625286990665763
0.2624962602001504
0.2624886946742807
0.2624603086621959
0.2624368988194564
0.2624231335165676
0.2624118461898351
0.2623952031242119
0.2623827959309545
0.2623766368545123
0.2623690629612694
0.2623254826372522
0.2623020517585781
0.2622963674299508
0.2622739746436926
0.2622360022785001
0.2622327298329106
0.2621747618023982
0.2621590731398748
0.2621509405020125
0.2621295553274976
0.2621015366093721
0.2620764033916643
0.2620280904245124
0.2619895249016346
0.2619415529261626
0.2619019830795363
0.2618568491073587
0.2618210254223249
0.2617983438489498
0.2617798430513703
0.2617544815234125
0.261727148210874
0.2617158724042028
0.2616993733456823
0.2616940647910596
0.2616700648924577
0.2616484726036931
0.2616258685383101
0.2615760862277613
0.261529990888066
0.2614095328407295
0.261308935038427
0.2612442107810559
0.2610620108003919
0.2608992160933328
0.260805378364293
0.2607039958630377
0.2606092603564304
0.2605318052815312
0.260426728418982
0.2603618430336186
0.2603127135994893
0.260256479377607
0.2602203244661805
0.260197960595894
0.2601469751119794
0.2601300169440418
0.2600938298868146
0.2600471535414319
0.2599928924241346
0.2599779469988379
0.2599648869309373
0.2599470696107867
0.2599272333579506
0.2599087507810568
0.2598920368086884
0.2598697989135845
0.2598491670383244
0.2598329961726225
0.2598130409426115
0.2597910810068955
0.2597696186630701
0.2597482569355923
0.2597109080694722
0.2596878874259724
