2.686758035860715
2.262725208023534
1.98820964708426
1.785191312087337
1.686213727335757
1.599828766357038
1.420033381625674
1.323345649972389
1.258287405375887
1.172831169209699
1.046341706039628
1.004585029101587
0.9822962421087428
0.9695820318312813
0.9244303296054098
0.9033657555091801
0.8782213989584153
0.8202899140774933
0.7764200694805488
0.7198967651143862
0.6871867914055054
0.6706296708457768
0.6568623013593505
0.6150090526402638
0.6011852073636443
0.5942806647302913
0.5750708262361874
0.551776037196386
0.5361248230417026
0.5281981153742282
0.5069768239434067
0.4927641166179825
0.479121624880876
0.4491337141914376
0.4375291789334069
0.4344897747422812
0.4305457305185804
0.4267662093819227
0.4225609886968593
0.4180132027718937
0.4140163580551193
0.4029216088331379
0.3842575570243889
0.3778159895816106
0.3711972270117164
0.3628425271157651
0.3546869742993675
0.349094753576468
0.3438984324536284
0.3356654789219004
0.3296356787372569
0.3283704632876404
0.3269550855852879
0.3243657578666061
0.3210620408529857
0.3189547913305861
0.3173997260870847
0.3138293562539752
0.3113943820881626
0.3097074712766602
0.3072684971125649
0.3058839070006084
0.3054597330982788
0.3041423646510192
0.3026024047843023
0.3000171740519301
0.2977977335692999
0.2915782568529158
0.2845033740377136
0.2820432881008356
0.2770743141012765
0.2696061659248632
0.2672120875119156
0.2658317067086795
0.2617957570464357
0.2609363356598986
0.2588020713156122
0.2557656058118786
0.2554469997428149
0.2551820838566242
0.2543379569727478
0.2535731310523046
0.2530254995878654
0.2524287614797903
0.2493384800930639
0.2476190205051939
0.2473276430742691
0.2455618430275861
0.2439883583267834
0.2428724093643131
0.2400864870047886
0.2379739576866792
0.2359528350146229
0.2319330062916218
0.2301809579517364
0.2293271805113467
0.2281982618043391
0.2275220199196609
0.2270756998057737
0.2264631707502801
0.2261558582152519
0.2259896098318887
0.2253772936034035
0.2251089520015298
0.2250735844347203
0.224010164428857
0.2228704779192159
0.2217807921578501
0.219040273435245
0.216561323755727
0.2094971594522444
0.2036482290015758
0.1989174611613186
0.1904000599844166
0.1868941601543594
0.1868795028983211
0.1842210892224359
0.1837916277063602
0.1822396539181353
0.1809812026700304
0.180294909741905
0.1800117467409164
0.1795898421177483
0.1792057091576691
0.1785673313570445
0.1778554936903882
0.177565472504096
0.1773005868174912
0.1770511391456555
0.1763733834957863
0.1760435261089926
0.1747942230503128
0.1737196269224664
0.1729774857538733
0.1722236763028506
0.1699659957486616
0.1675752784414995
0.1655845775860715
0.1644108183791219
0.1634935626230658
0.1614485479152749
0.1603238381278052
0.1600263634605318
0.1590496716219452
0.1586193497376913
0.1584189712147902
0.1582118785226727
0.1579384152894212
0.1574393933014067
0.1569626523725987
0.1557889592354285
0.1544742499541291
0.1529203994388798
0.1521916032697877
0.1520542269770251
0.151082193294622
0.1508930861054443
0.1504571526133857
0.1500367778998325
0.1494450059704704
0.148860519668041
0.1485282135124075
0.1484515987714629
0.1481572436415983
0.1480132041492884
0.1479305812644985
0.1478676243507879
0.1476797649934006
0.1474617233984612
0.1472518323719188
0.1469880854869848
0.1467284464863604
0.1462425181322083
0.1458372231757788
0.1445870588846708
0.1413211012430486
0.1393993116869201
0.1378016996779786
0.1364026471310459
0.1339495196428319
0.1329323263610517
0.1327511334828705
0.1319317318328592
0.1316033662877749
0.1313965433631626
0.1304847374656179
0.1301142088001508
0.129601206056193
0.1290944549809686
0.1288903345106611
0.128643464613779
0.1279066047065359
0.1272107668517213
0.1263839748750459
0.1260116454974506
0.1259034032610845
0.125549780886215
0.1254459530805714
0.1253741793848815
0.1248821834444866
0.1245485195872688
0.1242810290876309
0.1236206524207156
0.1227841204647493
0.1218349922087951
0.1215489852256502
0.1212495463109448
0.1208653048326023
0.1206022831204912
0.1204972112467318
0.120170758046474
0.1198699502598215
0.1196369209983792
0.1192205343213485
0.1189724144044598
0.1188472816622886
0.1186681195268097
0.1185864681927565
0.1185070886131021
0.1182446484166522
0.1180576820588318
0.1179559528687017
0.1178286144076045
0.1176854641791399
0.117571077908087
0.1173159103700002
0.1172312294331755
0.117116514315823
0.1169911584055417
0.1169012337294572
0.1166981026172816
0.1164192898000362
0.1162487283285864
0.116137905795733
0.1158790387025467
0.1156927095012494
0.1156216316891053
0.1154668390464965
0.1153892213922536
0.1151553421704491
0.1145865053023806
0.1131286311303119
0.1112987408998895
0.1095851499278548
0.1076108712572676
0.1067224000877257
0.1066500452260279
0.1056181090826581
0.1052437325398774
0.1051061109337465
0.1049260232648042
0.1048807230358958
0.104756353159665
0.1044217466472135
0.1039479193575606
0.1037854842727284
0.10367236701893
0.1036372065382785
0.1035323048908019
0.1034326431786743
0.1033655192338208
0.1031748896905431
0.1029873573696823
0.1026180467999786
0.1021705853101714
0.1016271541734531
0.1013924702766604
0.1013611859241782
0.1010846571441489
0.1009191934943414
0.100814158457036
0.1006605119617626
0.1005420281686784
0.100476560450067
0.100445470589976
0.1003147198423814
0.1002297196556403
0.100199736392706
0.1001304123892798
0.09993301477257377
0.09922720100353143
0.09762421202780461
0.09596814344777765
0.09481764738107075
0.09385949147753868
0.09263315674890436
0.09200612288016739
0.09173069776951509
0.09056806435640333
0.09026830861782546
0.09003090677038846
0.08971798266637013
0.08933061411272553
0.08923682375087419
0.0891376186341467
0.08886479769920758
0.08860362968558148
0.08844172376113536
0.08828743582472186
0.08805154438195206
0.08796895516442567
0.08794281566284007
0.08783719432001282
0.08779516841859532
0.0877571504063536
0.08766546509124666
0.0876214796273718
0.08756067065391891
0.08747038093273403
0.08739507855156312
0.08709595189664367
0.08686717405629944
0.0867394791821417
0.08656450066545053
0.08642940089518537
0.08629785562883853
0.08591577205476433
0.08583626136247625
0.08575905406144659
0.08554299328221393
0.08522645024956547
0.08511151524848594
0.08504559335207436
0.08496605349132248
0.08488051033825959
0.08479861316876272
0.08464222756724379
0.08442400692894539
0.08422475297872854
0.08410265364849204
0.08404387995366953
0.08390755560414714
0.08375204790663833
0.08366718666910127
0.08359343573098212
0.08347465522041647
0.08339574848807167
0.08334592626983772
0.08330831454506947
0.0831985910986201
0.08313558446714914
0.08299919520883473
0.08287530818524025
0.08242465584816014
0.08153642491901326
0.08029609014677219
0.07941281363556391
0.0784306824336341
0.07789873709565845
0.07757533985546274
0.07721857284403477
0.07704771075443462
0.07688313925046002
0.0767735905312969
0.07660996479837663
0.07657680173824456
0.07655217802963957
0.07651059778568778
0.07643956389215369
0.07639173014201157
0.07628723156469285
0.07620301134043939
0.07585014376803381
0.07550044276630755
0.07526730958511044
0.07515000253085802
0.07498219667308778
0.07487458490306678
0.07484245541224686
0.07475894965334738
0.07466900784845956
0.07447438893779638
0.07435058657508598
0.07420440666843511
0.07415458801830638
0.07408233461763429
0.0740235892864896
0.07395038001798217
0.07389411491471198
0.0737827181032569
0.073651435601388
0.07342977968523272
0.07335036502621498
0.07330468044225374
0.07325451177786423
0.07319457177694251
0.07314054838146848
0.073097326388583
0.07303752854265873
0.07297261751373739
0.07291358106354398
0.07287480386844071
0.07284984366507087
0.07278651517755175
0.0726502405067276
0.07260726755356092
0.07251595978571541
0.07218676607852915
0.07186409582838532
0.07112640671452845
0.07012328604574956
