2.948228901298428
2.449048149331979
2.308750976656158
2.112029059554106
1.832383658606991
1.646049902538422
1.294601952186827
1.204912806743371
1.123159260748365
1.056253881311731
0.9479048559711519
0.9069198966155022
0.8623688276680678
0.7682683221626146
0.711174230639961
0.6696467538769435
0.6155810288819054
0.598606666117715
0.5812013461207163
0.5627049360605081
0.5521901233848633
0.5400710378815545
0.525406088539674
0.5154409653731894
0.4932026245981057
0.4813951379666576
0.4691205070275512
0.4429358680794058
0.4319296771831184
0.4186992621703633
0.4066136287318542
0.3949213089335579
0.3901681857907233
0.385059939472539
0.3698920039066377
0.3529733935059809
0.3374797649712117
0.3213577196807703
0.3108090697693953
0.3065700875458585
0.3011672411168903
0.2962644712837384
0.2936898057042375
0.2917477565940449
0.2876329445770433
0.2861781346292001
0.2840297602735887
0.2826318444021488
0.2816627530182965
0.2777347636300183
0.2733719611497255
0.2712747686740226
0.2710763680684498
0.2689406395926558
0.2678549792633209
0.2673553101595474
0.2651632446510265
0.2643800870624737
0.2633297718398037
0.2613567242427273
0.259225591969321
0.2562779632390689
0.2551398571232629
0.2549790807647589
0.254118705682276
0.253634657919304
0.2532927885122305
0.2518408192380736
0.2507479421969693
0.2486041466850288
0.2393614799942548
0.2312573411404391
0.2294043474606355
0.2256085556988896
0.2201183961486995
0.2177838595398824
0.2170444412073265
0.2166632309697525
0.2164677154366713
0.2158052867813376
0.2152451357576914
0.2148774973954602
0.213620944344651
0.2121776462394602
0.2111266719952998
0.2096867593650422
0.2083833445269293
0.2077234875137339
0.2072066597860528
0.2065234450008683
0.2039520043821115
0.2029812285215864
0.2018186960190974
0.2010246819255877
0.199813465298628
0.1985342802930404
0.1982893182159773
0.1980417914608792
0.197682711010386
0.1973167653036667
0.1969659663029435
0.1963526735141717
0.1954316015558629
0.1938063127246911
0.1918076273533987
0.1902824701281303
0.1885000310059877
0.1861372110475558
0.185176643522779
0.1847122107656725
0.184044782688087
0.1836558187284251
0.1833442376070871
0.1826499149829095
0.182271162972485
0.1817662533256131
0.1815083689909777
0.1813748567347577
0.1808743660179807
0.1806659695300075
0.1806357137799853
0.1801506830635903
0.1800514632104892
0.1797145198389839
0.1785245372347034
0.175871155383234
0.1723305361050301
0.1651776505700727
0.1609035194568496
0.1585895404679197
0.1573487077144877
0.1524010024035341
0.1516624606529762
0.15107521017693
0.1500644467971225
0.1493053073441629
0.1489506314436628
0.1485507718567282
0.1480901634835947
0.1476939320875503
0.1473057067643387
0.1468312396614748
0.1464264882641957
0.1461995069531359
0.14608286040532
0.145286850290611
0.1442889770634854
0.1440628005409719
0.1438484812211548
0.1435118861574471
0.1432819721433612
0.1430596704660856
0.1426177482138918
0.141994229177344
0.1414461752788986
0.1412307249476353
0.1409433761163297
0.1406482545367617
0.1403949727917183
0.1398874971390552
0.1385476807019995
0.1358512011491899
0.1337755427098323
0.1324626024281925
0.1306919814689045
0.1288771880284689
0.1269614125735769
0.1251971058242082
0.1232907440818043
0.1230767155561365
0.1227637982423134
0.1225790088535127
0.1222958380510282
0.1220226846890034
0.1218946110913786
0.1218359907829048
0.1214580864770635
0.121284878516175
0.12111892074447
0.120745418130142
0.1203005390291737
0.1195361596681965
0.1188350864211999
0.1164879193268408
0.1152117648640928
0.1150062393734526
0.1140183702172327
0.1133387358133364
0.1130393745274459
0.1119446895919164
0.1110617110141144
0.1106032162208386
0.1102978926326372
0.1101297203458937
0.1099103389881819
0.1097834935394256
0.1096531145493488
0.1092431213336328
0.1087926874815828
0.1085925459424409
0.1083748254438836
0.1082045520728995
0.1079474804603827
0.1076890446739713
0.1076218562218705
0.1075325410384065
0.1074327279607897
0.1073414307762874
0.1072006271334459
0.1070271787158679
0.1059566436207693
0.1045028721345195
0.10421195539751
0.1038624572302578
0.1035310157370183
0.1033533979460624
0.1032603859130937
0.1028766653911514
0.1027813316202876
0.1027198202492465
0.1026273750162946
0.1025901205385907
0.1024296157318684
0.1022645755075025
0.1020167083394248
0.1018333122211083
0.1008079248630425
0.09989495666677133
0.09945666536201844
0.0992096009597567
0.09884399800255561
0.09870860244567026
0.09869565776399727
0.09844211378706189
0.09832207334098203
0.09826097450648386
0.09808153729919986
0.09738128259132403
0.09725225344237963
0.09707927771142538
0.09692368430539265
0.09677818555561636
0.09660452954935628
0.0963213518591209
0.09595361128800484
0.09554976792155859
0.09534442295664815
0.0953026209226765
0.09518042948749866
0.09511513638177185
0.09507069215203233
0.09494957072224328
0.09459498490700657
0.09420637101421266
0.09379166430805996
0.09345136027737236
0.09301091910561908
0.09196469743016661
0.09136626944028037
0.09002530690128926
0.08817172728957608
0.08726771612538374
0.08667017808597219
0.08613873914221022
0.08550036057893871
0.08517527519486004
0.08514300322647574
0.0846783908213971
0.08458701388479488
0.08447122716126734
0.08434952016840035
0.08429541635525091
0.08426974819902996
0.0841529368605801
0.08409510673928422
0.08406886126702844
0.08401069592062112
0.08383155552470424
0.08360596363481239
0.08319647022657024
0.08290383831210349
0.08210196961748364
0.08090420121197224
0.08042278051894887
0.08022146490832176
0.07973102559847665
0.07927471601253396
0.07867943406399699
0.07837433614534667
0.07818193308553893
0.0775135166583239
0.07729572428980314
0.0771252502780525
0.07697853210113491
0.07675730621337985
0.07660453152815223
0.07651406792029758
0.07639836541416119
0.07630678185259483
0.07624757446475479
0.07619466101131779
0.07608842721634308
0.07598022999427984
0.07592600269051988
0.07580092285858268
0.07565889529053067
0.07539605505590054
0.07505503574885329
0.07490388557310955
0.07481019223980942
0.07477935735171605
0.07467608363274157
0.07463753137257297
0.07459005865276387
0.07454157816755337
0.0744567968244375
0.07427940831104747
0.07381949058404803
0.07260978267652275
0.07177960996218302
0.07108938206505105
0.07018956591110737
0.06993674022018327
0.06977427296613373
0.06962825702511752
0.06941606790286577
0.06925156289515191
0.06918706400053727
0.06896181663273407
0.06873696569251525
0.06848678671561477
0.06836649866147414
0.06824210712558128
0.06797607634382644
0.06769666163449484
0.06754814853290919
0.06745562736440104
0.0673363927309242
0.06721468545676103
0.0671042671628366
0.06696795748902198
0.06686741466294911
0.06677580165937506
0.06666660720233925
0.0664688915451824
0.06634849705896426
0.06619041971922131
0.06574722062783551
0.06546665363767903
0.06537935526117931
0.0651822813131839
0.06504396589856518
0.06500964039044309
0.06489036630618233
0.06482882294605054
0.06475410731799425
0.06466831285254382
0.06458707942536192
0.06451340968463318
0.06436378306712248
0.06417270830922263
0.06400863946347046
0.06394614372502434
0.06389768294419533
0.06374237555686209
0.06340944835734466
0.06296241878330647
0.06291846051520124
0.0628587477019661
0.06280252457823431
0.06274861585914601
0.06268652788322703
0.06264271518648776
0.06252291688023462
0.0624634790711973
0.06238398993043949
0.06231371844525171
0.06225721447833236
0.06217164831253261
0.06209577933852679
0.06204383838113584
0.06199665200886199
0.06192237055802502
0.06186900371386515
0.06181856584949178
0.06178040333721929
0.06172826226796656
0.06157779096859926
0.06141433778559401
0.06131923779926053
0.06119529424090832
0.06108400423681227
0.06102767079078085
0.06095331003781572
0.06087476710505662
0.06083958273702658
0.06079754458135686
0.06071431035592288
0.06061432403863958
0.06042099618849188
0.06020492087653551
