3.417297474069218
2.720247047651962
2.277665336014586
2.143848632839403
1.876301746860998
1.723239398051553
1.670516667127385
1.4595401542194
1.354286539187744
1.283937060240652
1.191652289761395
1.125503207241483
1.078482400179607
0.9772008218220167
0.8821299752052321
0.8404941236745886
0.8181487609600897
0.8035615997186564
0.7868552579654668
0.7389908416843151
0.7040622258036858
0.6954616569371682
0.6789069941848417
0.6687696224092758
0.6630897829420418
0.6486632559545967
0.6185510367731852
0.5993112494753198
0.5838673826748628
0.5588800115044424
0.5334172787585774
0.5286687612121875
0.5229858459423592
0.5168846455547863
0.5102025708244681
0.5049455166439117
0.4994245021360827
0.4925709119784772
0.4879737349332181
0.4848681727112834
0.4783073528988359
0.4685971624520391
0.464201777787786
0.4619774846342848
0.4596513700154533
0.4549188685529632
0.4411018987212483
0.4277942876952242
0.4167573469650357
0.4058044265822835
0.39172431548813
0.383831151998004
0.3748625137456715
0.3674693852989942
0.3631483317561092
0.3567044540056224
0.3465834028009108
0.3444266458599673
0.3431595380836612
0.3405558724474123
0.3378095647014654
0.3371894171492186
0.3363274891638003
0.3355214102676315
0.3347311344612259
0.3308136068100392
0.3290638322875452
0.3275864610661653
0.3264067588245159
0.3253193389003298
0.3245518604617013
0.3236680345585839
0.3232650092725574
0.3227128525044699
0.322137394328667
0.3212558205350696
0.3201822275666768
0.3191354535345213
0.3178711285378032
0.3175132821653859
0.316693159319703
0.3156287679991038
0.3126022861936278
0.3105444776933684
0.3094770027668823
0.3056041134399268
0.302033375545235
0.3000468550810858
0.2992045434839487
0.2939748341292693
0.2860152438652772
0.282532754905036
0.2819204602620923
0.2797492297820273
0.2791406564525523
0.2782374185142358
0.277697167686068
0.2772175057183305
0.2763580228700333
0.2760418381972276
0.2758859164260912
0.2747978878078351
0.271506570884981
0.2697555933731545
0.268982949908979
0.2661191324409256
0.2630597818268733
0.2602192342356775
0.2573533742268889
0.2565103346322963
0.2561271470817594
0.2558486342968193
0.2556782516147699
0.2552047306482417
0.254799551022782
0.2534526657393938
0.252448909436266
0.251494624029435
0.250016904119444
0.2486996526356872
0.2476510679152576
0.2462323686295084
0.244703572574552
0.2443220287096134
0.2438309795759984
0.2428807610587441
0.2424284315445697
0.2422824351024467
0.2412747918608752
0.2407334568374366
0.2402809852346092
0.2395144436739933
0.2391740526956647
0.239006123967835
0.2385134419352112
0.2365964887103986
0.2357657130380106
0.2355855155214407
0.2335728952793021
0.233077638296033
0.232734806431534
0.2324211654113626
0.231993326924658
0.2318328530543162
0.2317110114619389
0.2312064485293995
0.2293179798208975
0.2283965530193233
0.2271963037197936
0.2245496169121949
0.2161647112043397
0.2110003391047387
0.2050856089095499
0.2029003341280501
0.2001940633921852
0.1977624660875875
0.1964383347347514
0.1952023803769923
0.1935659102005757
0.1926792918851513
0.191911069008826
0.1908334766683078
0.1902978226092646
0.1900905610735916
0.189849195713006
0.1895979348279933
0.1892894001257635
0.1890622642392748
0.1887575870535478
0.1884990667013264
0.1883008059967695
0.1880263960022258
0.1875631701598957
0.1872127359275713
0.1862224809696101
0.1838324931119752
0.1824678383414329
0.1806104224106775
0.1791648321770394
0.1786549105467753
0.1775750431373167
0.1752535772918356
0.1724609015113977
0.1712568276339942
0.1695171429924625
0.1685903803054939
0.1681125927460123
0.1674196264612533
0.1671226282630963
0.1670163442931973
0.1661167359673558
0.1655124935593912
0.1653652061004191
0.1649905959475117
0.1639497345269553
0.1635419271353387
0.1633864064962635
0.1631883455468363
0.1629880612141903
0.1627622131401343
0.1624327239756884
0.1622683223806501
0.1619352443483795
0.1616211691589004
0.1612116925547746
0.1609110489703066
0.1606955354482994
0.1602584653287789
0.1598862468485115
0.1598080146011938
0.159708355803706
0.1595329041137497
0.1593787954866538
0.1589374812265396
0.1586495042365063
0.1573540901549587
0.155547220293313
0.1537970471609758
0.1513028346949937
0.1506397924756803
0.1502614286416351
0.1497519017987221
0.149670788941236
0.149466389007806
0.1489916870739824
0.1488309532587006
0.1486007566639403
0.1483887774048044
0.1479036079622843
0.1476113173587899
0.1473839037283304
0.1472029108530908
0.1465802501611723
0.1464058126743849
0.1462397038921651
0.1459948686206814
0.1458362486517432
0.1457367325329576
0.1454943192383268
0.1452401704223096
0.1451714320512572
0.1451416837754863
0.1450220882227437
0.1448893019208911
0.144780945121719
0.1444310609801264
0.1440680175210992
0.1433333800564153
0.1427195645638586
0.141755267585068
0.1401870266938677
0.1396512750512101
0.139299387338473
0.1388908706169717
0.1384477228722689
0.1383105409214928
0.13810781881544
0.1379341139869452
0.1378468923098572
0.1377331004694556
0.1375527438159817
0.1373352002536335
0.1369506652052963
0.1364675549213106
0.1355678800852391
0.1344190016572234
0.1338392195239457
0.133712644591624
0.1328643876484509
0.1326622125711867
0.1320477476971642
0.1311457504287552
0.1304019144988487
0.1302015445108879
0.1300516680426732
0.129457910998731
0.127999532431495
0.1274352381940385
0.1269827358003761
0.1266750237261793
0.1262163110158573
0.1254997164727577
0.1250636289581872
0.1248265835571328
0.1244932652758336
0.1241967572403277
0.1239994965270684
0.1236761214886694
0.1233838044324845
0.123164154974254
0.1229468712163784
0.122626727439306
0.1222786581887113
0.1221456042852765
0.1220123049518246
0.1215782569467974
0.1211137548910262
0.1208387686079281
0.1207964210521843
0.1206564896312449
0.1205958014790176
0.1205544387508578
0.1204992237279337
0.1203643018894654
0.120198885958942
0.1201486431655874
0.1201178623258121
0.1199993190316263
0.119739234943272
0.1195059461471975
0.1186270275435569
0.1179269836259405
0.1170372596640988
0.1164879632587805
0.1160762850983627
0.1154875270784649
0.1153297311787459
0.1151915450815876
0.1147120708219637
0.1144555859325483
0.1143217990767017
0.114252013348082
0.1141888132442033
0.1139456255602362
0.1138922488019574
0.1138569715677739
0.1138059219777275
0.1137667611853457
0.113680473918366
0.1135559389465401
0.1133013103041889
0.1131034723735169
0.1129578664263354
0.1125666894880933
0.1120495793525571
0.1118776495074564
0.1117963297456697
0.1116850655941966
0.1115890399442692
0.1113433596390137
0.1110780620761951
0.110885774371768
0.1108010866323502
0.1106786021088404
0.1106341950284901
0.1105704879831848
0.110520180826678
0.110429142626333
0.1102093490447335
0.1101399388933215
0.1100654939946861
0.1098838810474674
0.1094506839234591
0.1090727644697649
0.1086361367181594
0.108413786560562
0.1079427640113503
0.1073270789878424
0.1070725779107205
0.1069919832259477
0.1069000478243026
0.1068432977028084
0.1067995038458847
0.1066678060586376
0.1066042121585914
0.106519545073519
0.1064550317562591
0.1063733806478556
0.1063120215249519
0.1062235409253709
0.1061470363413161
0.1060780603763663
0.1059358105795864
0.1057326414521375
0.1055272284344849
0.1054583987753043
0.1054030583537603
0.1053784803499397
0.1053436516918555
0.1053115931100878
0.105247939941534
0.1051907733999663
0.1051080400830348
0.1049344286820494
0.1047434652438884
0.1046066752883829
0.1044211210537795
0.1042593696510957
0.1041786237821096
0.1040718234896375
0.1040424300568696
0.1040178377378356
0.1039212758382171
0.1037947023716132
0.1036884601206227
0.103650742925774
0.1035567241447704
0.1034231124745891
0.1032723222522456
0.1031626901708404
0.1030285161710638
