4.893882791702982
3.567433253756664
2.972400395951784
2.771223763471361
2.172557053243211
2.020689645478789
1.818335631896439
1.556871994050414
1.262755554471491
1.101834613441013
0.9376553692456848
0.8645965778769102
0.7855702023999687
0.7045336627076236
0.651072345455608
0.6119524587077516
0.5566025106711455
0.5407904943354586
0.5276189351686991
0.5046136884514099
0.4873883868782694
0.4710951404695665
0.4480284210326896
0.4244269993623785
0.4198726428066722
0.4130653435510275
0.4065458631635935
0.399552287033726
0.3832376906665731
0.3411705799308674
0.3177424934957341
0.3150985422216766
0.2977672025159942
0.2822539287458227
0.2759492960468479
0.2711384385319941
0.2669645652102952
0.2582005871373927
0.2549711385970455
0.2527940202492199
0.2497126881031704
0.2478666431888546
0.2465195900518512
0.244579103479599
0.2430246876350789
0.2422510359331018
0.239279602539868
0.2359685928786431
0.2340714972946457
0.2328017210905585
0.2292782753562541
0.2244835946864379
0.2236030529500183
0.2225059030162882
0.2205049758975303
0.2175417491980307
0.2133535717595926
0.2109655146177283
0.2066875158145537
0.194693409801996
0.1865839813048112
0.1828100899227292
0.1810491830246768
0.1789101081271984
0.1778899854597169
0.1768872472905511
0.1744709665799726
0.1712201445736132
0.1682975041863468
0.1670228392445681
0.1653447629137781
0.1636868261304675
0.1622063432881376
0.1612549144261609
0.1603917570202155
0.1567605872303377
0.1552089943593505
0.1547742175792232
0.1542407183123248
0.1533441560663208
0.1522698463906266
0.1510399644819956
0.1492892795836541
0.1481392608026272
0.1464709920635205
0.1416047372325777
0.1385011226021713
0.1345794436024449
0.1328872239634653
0.1328363997218917
0.1315255741011953
0.1311588241691824
0.1307489978415526
0.1302304167256806
0.1298210349466155
0.1288004285810807
0.1272387471858009
0.1250362669898196
0.123714904606054
0.1225291858730213
0.1197741930848134
0.1182695343184326
0.1177837735325399
0.1155832619122381
0.1147674756317109
0.1142078199009729
0.1135417088031431
0.1131840375107874
0.1127948932618097
0.1122997205168554
0.1119573561066077
0.111627514243458
0.1105034301065775
0.1066035192049789
0.1053342973995909
0.1034686821372168
0.1019290496958616
0.1012930305206569
0.1005462890522272
0.09908574637345165
0.09819535596938848
0.09700168778595658
0.09645140965491752
0.095660932480457
0.09531282564497567
0.095070353915998
0.09470380291627685
0.09421953284175613
0.09399282226895796
0.09387290846910429
0.09377896307848747
0.09342842108411052
0.09326171435290424
0.09311400394385358
0.09263541205799986
0.09194548544994352
0.09137031326990852
0.09081555180991452
0.09015855406493632
0.08965567816447528
0.08938599586377338
0.08910008624244789
0.08714275816696321
0.08543739917587494
0.0845712986784074
0.08373819418929505
0.08296540543185535
0.08200996185316832
0.08105275767713753
0.08022559743221393
0.07938463731363897
0.07828292925321539
0.07758012399742781
0.07714262750938146
0.07661357153077498
0.07627099962487344
0.07616920527352876
0.07603207868907599
0.07594061337363284
0.07584195073966631
0.07555684735382455
0.07514991863747478
0.0750463176865
0.07495508463538866
0.07481151686063545
0.07465808967124589
0.07455714513723474
0.07441380271355866
0.07427482212696089
0.07415093553273408
0.07391657824732156
0.07355218671323502
0.07302430122227216
0.07244925828480736
0.07227579393228778
0.07212688013461584
0.07191393282274232
0.07153499259016391
0.0711172789806576
0.07060247277205484
0.07019941876137373
0.06997047044296326
0.06977769244735978
0.06899321720526584
0.0684347475939607
0.06830220792427891
0.06810653480474403
0.06799020898516139
0.0679224168943852
0.06782565300788457
0.06772839603726151
0.06766275369115214
0.06737513634354407
0.06709102513149078
0.06684505177618057
0.06671475689609621
0.06665854437738987
0.06605960646822533
0.06543649427154809
0.0652522773688744
0.06497687310458231
0.06459637896362481
0.06428443403614487
0.06375600724865804
0.06322474225688147
0.06313750249062225
0.06308027344810954
0.06300900995086736
0.06279050207394385
0.06239762152713516
0.06183364555034469
0.06103104951621807
0.06024305289254774
0.05930965501887268
0.05858076163149752
0.05785280523025169
0.05711682677840835
0.05626817663801576
0.05550256998646223
0.0550423354167085
0.05441067836406894
0.05410847347281342
0.05396119827521116
0.05378294473239242
0.05358634123352465
0.05348079620883416
0.05343418571313178
0.05322811138507697
0.0531447018737773
0.05310447293588689
0.05301240737426487
0.05264940120868551
0.05196683404042254
0.05113017935769937
0.05020730223388933
0.04962800256849807
0.04944523798072369
0.0492111772284072
0.04909173717722409
0.04899098797286188
0.04882513555357647
0.04865809938850796
0.04859122862410895
0.04851306148793506
0.04834313269430455
0.04811214051160467
0.04800152578603952
0.04793162866490492
0.047730251958307
0.0475992473164719
0.04745607517684142
0.04732458719449058
0.04696601793929185
0.04653196946995517
0.04508141063326908
0.04460080942403307
0.04397482052530791
0.04290238527633651
0.04222761615634619
0.04136192890409047
0.03767807929098577
0.03643788399536328
0.03573190495512237
0.03492662174282101
0.03426380980338113
0.03390405296619987
0.03357189225169872
0.03281747381655998
0.03246583758368472
0.03226820535398092
0.03216491293526062
0.03182081841618981
0.03173948627114567
0.03166155943649585
0.03155502356932774
0.03144069698322807
0.03133865376682016
0.03122269986529257
0.03089391740672442
0.03055184257325617
0.03005606001748908
0.02955424990607377
0.0283580938990019
0.02795718700253735
0.02752028241676496
0.02730184360484401
0.02700347539468837
0.02687897189287421
0.02657301120327878
0.0262792135018152
0.02601550373708776
0.02562476366012509
0.02540647965492632
0.02532369122440909
0.02520225737870458
0.02514741066128559
0.02510744103295888
0.02498166186496871
0.02480088894404076
0.02472473560083698
0.02469510811409095
0.02461193425725489
0.02452279580470882
0.02414531628811669
0.02393509000650418
0.02381792415969342
0.02339811931045228
0.0232532954615508
0.0231058813952673
0.02303651381736187
0.02284517324898788
0.0227290560157808
0.02259986265253665
0.02243081774708015
0.02235748321183524
0.02232418064425451
0.02219012857262279
0.02214888977594362
0.02211984756335069
0.02207293282618633
0.02201251846974237
0.0219716055031641
0.0219473573306603
0.02184208298650713
0.02173512416853051
0.02165347826964723
0.02154605089518028
0.0214596473572122
0.02137098395608844
0.0212927417021669
0.02120190634150924
0.02097620254147075
0.02019145499595729
0.01937034880188568
0.01868520905087807
0.01784363185182566
0.01726966894942435
0.01701461028128861
0.01664569293422767
0.01658160290928555
0.01654098692874282
0.01648873828304717
0.01643630250321597
0.01637599395762027
0.01631894051729126
0.016213479670819
0.01611340093720553
0.01599264378517502
0.01584300735509156
0.01578344807047805
0.01571867514487465
0.01566988409180776
0.01560490125795597
0.01552620419326718
0.01550612873507991
0.01548186476857724
0.01544259368324025
0.0153805124290451
0.01526341865752114
0.01520931267708525
0.01509900681660797
0.01497892098218192
0.01456359329770767
0.01401195364358726
0.01358637281609463
0.01329469149993318
0.01298118022339829
0.01281013553913142
0.01276267932355422
0.01254621413962351
0.01246357666042271
0.01244464288561791
0.01238287144134947
0.01233552160010077
0.01227128259370821
0.01219589134537445
0.01213669361494539
0.0120952267731518
0.01206716594837652
0.01203471302077598
0.01199464488906236
0.01196893450617921
0.01194167996581806
0.01190991401647678
0.0118380473132872
0.01173720873960342
0.01164305718221051
0.01159907150813118
0.0115571904305672
0.01150146022685271
0.01147209858802829
0.01143307105886796
0.01141738751674058
0.01140338930444036
0.01135928054954375
0.01122034494036234
0.01102137041152238
0.01086705041046064
0.01074993432388413
0.01061413937258958
0.01042667026787386
