2.303622405242274
2.104891774343572
2.024828790205198
1.961580230619873
1.901133646482865
1.767269994854501
1.672638758587263
1.62881478633936
1.501501791729541
1.38116865847732
1.311238381382138
1.265311804913355
1.244814539039943
1.234249849586143
1.19500256165764
1.178260846676719
1.165781494445911
1.13714251798185
1.121163645813982
1.096252240839655
1.077696054946977
1.055455042727151
0.9889757295521323
0.9387690462570137
0.9090098137594379
0.8792952435938838
0.8534115641250628
0.8228585862353239
0.8025954788032044
0.7877763812101354
0.7661400186904781
0.7579892327620565
0.7486977916997782
0.7274489381759377
0.7084763621446869
0.6828121630749133
0.6601734714335749
0.6342266069031344
0.6231665016524385
0.6154950359986899
0.6036660709605274
0.5886670765083325
0.5782993897840665
0.5718683209157511
0.5651862628300385
0.5614346542078715
0.5565765963263855
0.5518948448490529
0.5473783753421405
0.5375589088010034
0.5243932008959096
0.5100236471027695
0.5027710021078637
0.500306190275206
0.4971062432335991
0.4944075351239466
0.4923756613048179
0.489515793213997
0.4863014845642021
0.4830089015114155
0.4815504897204694
0.47967727123929
0.4781452676269756
0.4742650520759636
0.4689988541998834
0.4583212101176354
0.4446117535168309
0.432809329389919
0.4278838825975128
0.423909095572212
0.4210539299499778
0.414449178613266
0.4099284329585706
0.4076617494445456
0.4066798381473088
0.405563453962364
0.4042436171394295
0.4022530879748188
0.3997624829374761
0.3954720144636925
0.3918518902787702
0.3829819776752965
0.3723721299427199
0.3631330964671258
0.3593728272247513
0.3559217739793035
0.3518505067923126
0.3499504609480226
0.3456800054769012
0.3439896800713376
0.3402790058491902
0.3379208997979796
0.3357589460506261
0.33259826568361
0.3314019537056337
0.3310429001622716
0.3305132413834863
0.3300604443051155
0.3297010861065401
0.3281200457564112
0.3272518766988488
0.3267791450920192
0.3250479491393506
0.3243739582555586
0.3230020654592771
0.3214491580470599
0.3194761430112914
0.3193244241052469
0.3189538365131876
0.3186991926885589
0.3181450514328799
0.3177792782913615
0.3162198939999448
0.3155203449888355
0.3152048227897527
0.3142952906570545
0.3138093784883755
0.3135441451653774
0.3131788594953502
0.3124366676188053
0.3103756386236988
0.3074517102121405
0.3050061555321283
0.3043724283433557
0.3040563004896266
0.3036838084496525
0.3032152745554644
0.3028643897584437
0.3021996613546449
0.3012396848355953
0.2995184653459682
0.2986685481338445
0.2974917910023017
0.2966568141279575
0.2957967054388901
0.2950889046328952
0.2940279208690808
0.2931493013696635
0.2927504838346818
0.2924751400021423
0.2921561200049475
0.2904096322929558
0.2899966651447187
0.2895269884915442
0.2892859449445861
0.2887943799863366
0.288291544580893
0.2875740356763223
0.2873256564242392
0.2871126292068725
0.2868339830265715
0.2865216580112522
0.2862964340985881
0.2860188077445585
0.2856924525201327
0.2851815044326032
0.2849958085895918
0.2842522962541845
0.2824871194808823
0.2801547656896839
0.2783107916669778
0.2763245792075452
0.2758334368674463
0.2753596236433343
0.2747650489337118
0.2742305184467241
0.2735525311881669
0.2731672351041231
0.2729797914215629
0.2721772900877794
0.2718353652631407
0.271704747729562
0.2715114556295564
0.2713520953470615
0.2711634231619241
0.2707126852628406
0.2692544367151294
0.261736774655372
0.253792712162796
0.2455669001197041
0.2432400766618205
0.2417913328443185
0.2399583120607054
0.2391442009736846
0.2387329401884219
0.2381192600063945
0.2375862815303928
0.2372385348495159
0.2369924274451657
0.2363770758045875
0.2359141755024738
0.2357052071122385
0.2355741179498839
0.2345768301045913
0.2337509039094507
0.2332432040599523
0.2325981618162435
0.231522262425283
0.2306499622568336
0.230099424708355
0.2293524565310872
0.2289227945821863
0.2286672610337022
0.2284513909048851
0.2283010747861651
0.228082251076303
0.227965071995691
0.2278704431237799
0.2275646641227225
0.2273432353091667
0.2271566541506871
0.2267398999409161
0.226389958939011
0.2262902685454057
0.2262028857758699
0.2259201081952823
0.2250511661140932
0.2241662069801698
0.2231261780306645
0.2199439379110364
0.2185435008968002
0.2171260971688951
0.2158550278708311
0.2146045444690435
0.2133259607279136
0.2120425532703722
0.210340435112378
0.2097365843248938
0.2092443354379286
0.2087539353331651
0.2066343886912589
0.205488868119782
0.2047515074734867
0.2041858285270798
0.2034215890930272
0.2027464214133843
0.2026292674231445
0.2022869373982026
0.201927186052912
0.201677135800651
0.2015242371562119
0.2013921994689281
0.2012733787365476
0.2011797867870999
0.2010488281541263
0.2009751150388041
0.2009250115744843
0.2007044421184495
0.2001823649005246
0.1999647458258215
0.1996740670042987
0.1994792100259162
0.1994230535823691
0.1992709856717339
0.1988821695031159
0.1986524919150596
0.1983396357137022
0.1980369993799081
0.1977864425569399
0.1971306800316377
0.1967802079064883
0.1965562432103809
0.1962251154225688
0.1959836947474567
0.1957964809458007
0.1956680078548217
0.1954920710765733
0.1954161647506254
0.195343356445878
0.1950855683678605
0.1948103145868952
0.1943430967629363
0.1934486317171418
0.1921443402083571
0.1907228817871896
0.190201983858839
0.1894915744390604
0.1891698043941717
0.1891142976558389
0.188754785676494
0.1886719142257007
0.1885851674164954
0.1885406797919094
0.188502623557259
0.1882207404634681
0.1881502866138454
0.1879645754992162
0.1878100803025493
0.1875652711026819
0.1874733960813848
0.1874707538357581
0.1873630458810839
0.1873188643589043
0.1871074446478508
0.1869769897257053
0.1868937505706272
0.1868630583083439
0.1868151655345269
0.1867263826268594
0.1866033596722344
0.1864964805402556
0.1864175396881155
0.1862900894223571
0.1861604237999923
0.1861114173205241
0.186083278551896
0.1859844505969038
0.1856805648267724
0.1846996230924434
0.183716460038557
0.1827326900519586
0.1811590181577222
0.1781157331591512
0.1751191616803299
0.1736924668071175
0.1716951093235358
0.1697701067783099
0.1680890505099953
0.1668394957167625
0.1662633577196899
0.1659647224131031
0.1657943918296811
0.1655628637516449
0.1654101065111322
0.1653114248704038
0.1649135073152083
0.1648078617105273
0.164674679856841
0.1645329958237183
0.1644232184752463
0.1642886389946137
0.1639468281772448
0.1635506054856789
0.1632583003861426
0.1630438864632366
0.16262007031099
0.1623968826926616
0.1623548446502477
0.1622511317292301
0.1621828890070364
0.1619448462922015
0.1618592418276945
0.1617591430302621
0.161689933535765
0.1615792659250087
0.1614608308823957
0.1614258248843578
0.1612975500417652
0.1612512734932697
0.1612181647969949
0.1611242596627135
0.1610563395501323
0.1605344402514355
0.1601299695759648
0.1598581628214582
0.1594768871299433
0.159215347717675
0.1589187986454385
0.158806225554299
0.1587527919144341
0.1586911764283676
0.1585545680335017
0.1584474018381362
0.1583218391056358
0.1582482268464612
0.1581394721046188
0.1581169758540847
0.1580546657973889
0.1579776782772566
0.1579192589139898
0.1578920867954887
0.1578330920467632
0.1577403324961473
0.1576088366535517
0.157535066906395
0.1572838307295164
0.1570897269431447
0.1567878376526908
0.1566641449705017
0.1566526565881651
0.1565357150096792
0.1564167433871047
0.1563589565962152
0.1563446781645263
0.1562849062659371
0.1562560414679335
0.1562376918420622
0.1561932278323606
0.1561733693630095
0.1560894682846454
0.1560671264991688
0.1560147141069464
0.1558199817499289
0.1553270840878264
0.154594991314441
0.1542801897741336
0.1541208929813122
0.1539668895510459
0.1535376805742655
0.1533326974129861
0.1532237505575296
