2.299660191637475
2.181952877368639
2.065668565879561
1.939838023117417
1.820521660103936
1.69789520156204
1.583153953939404
1.466868699229227
1.374161560497097
1.316641945145737
1.258567015667242
1.198508773478441
1.149912685823996
1.095041357645961
1.044787293395059
1.01646317122635
0.984200407781066
0.9672723656345275
0.9634898439597392
0.9314401102593277
0.9198635566377171
0.8941990017875002
0.8427306738531168
0.8044583733988583
0.7857683419271987
0.7484441910050761
0.7194117025438035
0.6856881116614857
0.6427233181770167
0.6325449631815965
0.6219145390782075
0.6015286565195155
0.5849904485931632
0.5742535801334628
0.567069051966355
0.5508266580581659
0.5299129153915093
0.5200986931380219
0.5167457322332252
0.5033058878089004
0.4991901049547112
0.4974462296649643
0.4899829819956127
0.4843469561140327
0.4780685603689429
0.4706115262148706
0.4676750909086132
0.4647520914689146
0.458650315566727
0.4438643794991328
0.4273601513371317
0.4162771390178789
0.4112116719889707
0.3992726533351313
0.3927820251408281
0.3855415003644115
0.3797447824817908
0.3759131384399934
0.3707959910516017
0.3696741339595168
0.3686792548077152
0.3660757732687302
0.3638754132653683
0.3620279599794916
0.3585370705701321
0.3563347860735539
0.3542296698931975
0.3515213119058889
0.3498971233643307
0.3484255712209144
0.3473879947469747
0.3433348770743089
0.3362393151529466
0.3319302728030651
0.3207629260991371
0.3072831053182336
0.3023163054304846
0.2990044223225136
0.2959496718853196
0.2893179747731232
0.2872717810262296
0.2859341679015582
0.2848859933808055
0.2821519170366218
0.2810125901589181
0.2803705817239603
0.2794311812727003
0.2790727734680931
0.2789834280011092
0.2782855016400974
0.2779782257810454
0.2772573396494231
0.2748760800065751
0.2692849354363535
0.2667638550019703
0.2654340312081193
0.2643639570365248
0.2635245671101587
0.2601921880680928
0.2585761113868086
0.256603885236183
0.2544454598430192
0.2532687228010914
0.2526085273883877
0.2512857280289099
0.250584920085096
0.2503313361590291
0.2493111311048956
0.2488769622055973
0.2485607808233741
0.2479451755839167
0.2468920130336806
0.2458625542757022
0.245198995198679
0.244613355470806
0.2433020406998671
0.2422554382967488
0.242104408971286
0.2416740055423216
0.2406142962311016
0.2379922140890659
0.234302806022328
0.2333902534484729
0.2331431945218195
0.2328062864707816
0.2325369203629754
0.2319427749036193
0.2313823229404407
0.2307779579244554
0.2302153506561005
0.2294384174190444
0.2286995279712017
0.228026479158229
0.2274200731423513
0.2266587835508311
0.2262206113152902
0.2259511940887454
0.2256617631358049
0.2255008997099934
0.2254353228091917
0.2251672405103491
0.2250626952726008
0.225014350237203
0.2248520899678003
0.2247024216742113
0.2244914094622029
0.2239896166874988
0.2229546055921121
0.2198111370408065
0.2157113541364734
0.2126963134131468
0.2120634902800414
0.2098347029592865
0.2082888159383161
0.2074202105718418
0.2065665097569871
0.2061101859472069
0.2056535171138192
0.2050739956656761
0.2046161064382644
0.2043160721562369
0.2040354911638854
0.2036423098286412
0.2034050040844299
0.2032084729854961
0.2025901629761542
0.202319620408611
0.2019178696451928
0.2017605365063239
0.2016433337505089
0.2014187686098034
0.2011927127860456
0.2010947642720438
0.2010354290048804
0.2005207521295986
0.199760550120084
0.1990528126176419
0.1987253344955146
0.1984155036309259
0.1982176158984191
0.1980265810959852
0.1977971761094565
0.1975658746551988
0.1973045984272966
0.1970400013257746
0.1967490411799263
0.1962187218018698
0.1957263572671701
0.1936849126179207
0.1915825732712252
0.1905256165358537
0.1898138690332892
0.1893245143934608
0.1883042132941638
0.1879548364985632
0.187571627536095
0.1873457331422721
0.1871521992663235
0.1868222036037514
0.1864943695118184
0.1862662982975915
0.1861413399514618
0.186038098501056
0.1856875640071812
0.1853559972138206
0.185133860597109
0.184932937707884
0.1844232189500741
0.1840691020894726
0.1839160219831339
0.1835776336860235
0.1833230875093029
0.1832574369408863
0.1831609518891347
0.1830762076963015
0.1830078723828079
0.1828578966133873
0.1822481902612436
0.180855373608431
0.1782469006900703
0.1754470319668232
0.1666435188654064
0.1640537628879109
0.1613688286993749
0.1596597288081427
0.1571757029448681
0.1565744512381097
0.1562162748442336
0.1557889325723957
0.1554048711540648
0.1549604094127376
0.1546706791047037
0.1544502144492962
0.1540288830180026
0.153741472053035
0.1536459364432021
0.1535126851742731
0.153443334819887
0.1533816705346718
0.1532455667413055
0.1531163127222735
0.1529267242941731
0.1527594763729998
0.1525680537571678
0.1524156580486657
0.1520308833504046
0.1506214024939679
0.1489925020542954
0.1483494703858994
0.1481770182540782
0.1480288117377946
0.1478157158584389
0.1476314571879354
0.1475202328198817
0.1474634809115646
0.1472365380987066
0.1471597989595639
0.1471117340190235
0.1470536559377902
0.1465677865227647
0.1460660187838499
0.1455357824393078
0.1450057078967245
0.1444667895768062
0.1440125407972744
0.1433632541793883
0.142667905075837
0.1424330505194385
0.1423176473912549
0.1418898366953271
0.1415664036477267
0.1412981104649166
0.1402136688606487
0.139651464827053
0.1395577894970015
0.1391312536330685
0.1389680629119502
0.1387508693018452
0.1384854402863024
0.1383753189186222
0.1383076332007184
0.1381089345938688
0.137970192507355
0.1378759410896088
0.1376663759956225
0.1374929440031451
0.1372246385824603
0.1370097952797071
0.1368766944229572
0.1367065828383043
0.1364348608382197
0.1362063971218171
0.1358414647822189
0.1354909461774733
0.1353942864406342
0.13527198707167
0.1352180666564101
0.1351512231110044
0.1350950134769783
0.1349253360139207
0.1347152085728096
0.1345053924254842
0.1344099931576174
0.1342870756404841
0.1340784063064457
0.1338254971722007
0.1337104784491369
0.1336918736529966
0.1334609560844447
0.1334220359874495
0.1333716423060193
0.1332891408162981
0.1331817315982038
0.1330732353023519
0.133003487904926
0.1329080249707492
0.1326977498548693
0.1326052986873588
0.1325153021821963
0.1323848766776161
0.132259840395145
0.1322243548060004
0.1321245952609116
0.1318737891709825
0.1315731236009245
0.1312440434572734
0.1310227278242327
0.1307506668721304
0.1304206995819456
0.1303294733482444
0.1302838078688393
0.1302365115039911
0.1302057165016758
0.1301746397566079
0.1300519510359801
0.129915225531126
0.1296109402503667
0.1294405477507324
0.1293483178684942
0.129090134226778
0.1287140999901094
0.1285800994437551
0.1284970206718275
0.1284444407963183
0.1284090247590893
0.1283391933521725
0.1282483429098012
0.1281728324906453
0.1281123017698282
0.1280231113264264
0.127859952640577
0.1276304239053132
0.1274175244051129
0.1273490500426585
0.1272531879967229
0.1270571486191167
0.1268606038544614
0.126180483789021
0.1248508452371719
0.1231354530722995
0.1213570878997196
0.1208287579775381
0.1203747123040207
0.1191179510108714
0.1180929918070955
0.1174632198523473
0.1161107675950419
0.115634823544424
0.115202173999055
0.1148925649507059
0.1145804014452989
0.1143830925129862
0.1141822900389178
0.1138278489794609
0.1136353546685206
0.1134961729278172
0.1134155845266245
0.1133238371084878
0.113278305816297
0.1132400637345114
0.1131834560639901
0.11307894984521
0.1130199774360733
0.1129725144870716
0.112817219801668
0.1126797083382303
0.1126201302256132
0.1125447555750853
0.1125028885133802
0.1124726929225391
0.1124297514304601
0.1123939916863876
0.112376659836231
0.1123381552153047
0.1122563588710264
0.1119685120967824
0.1110240760208383
0.1101076898813944
0.1086539841657882
0.1076947549273928
0.106255848649019
