4.175322522576339
2.963183803726869
2.76379691715261
2.309472405384658
2.056121279699938
1.788457865699358
1.593862925590678
1.472225310043169
1.328941295221485
1.234493207590602
1.17060334230387
1.095654008619511
1.037172707126906
0.976060759896399
0.8932298832506822
0.8466964567980974
0.8200937642225905
0.7550058798780367
0.7268399079559431
0.7073828001048053
0.6663338161317273
0.6293016048135749
0.6203724836598713
0.6077182440986352
0.5966044427434739
0.5765897063101754
0.5526682358608623
0.525048156346108
0.5155208785253332
0.5094252236113226
0.5009544748177865
0.4923626388423142
0.4835307963025049
0.4690043135155785
0.4509413161250448
0.4112294641285527
0.3728640399283573
0.3629284171810025
0.3530585225656002
0.3431813972614548
0.3326827489040031
0.3218798856748391
0.3170159801799833
0.3165964269462548
0.3073871193889374
0.3028463373711905
0.2998260419791495
0.2960311727992018
0.2926279619086737
0.2895485656078996
0.2854416569620624
0.2775730029308386
0.2727925588902179
0.2673312067197615
0.2553801535890867
0.2495391419086935
0.2459609357564887
0.2415503065845937
0.2379062748972063
0.2364168058717301
0.231809657396403
0.2288269014014025
0.2274019820109754
0.2252972268685456
0.2233425208808282
0.221716316379828
0.2196866176316943
0.2190369849477523
0.2175397236593817
0.2156742420747214
0.2145503922902593
0.2138985160114371
0.2124021705847641
0.21152026754342
0.2105065536551586
0.2093641227277345
0.2080699582371669
0.2075649442887685
0.206161322750047
0.2003390190617164
0.1949829008725541
0.1923011006370011
0.1901149953877257
0.1863142008872641
0.1824869587460839
0.1816618201735413
0.180947167378507
0.1806981536909219
0.1801986328530673
0.1794971126879288
0.1792141230341844
0.1790989461198391
0.1783707879015246
0.1780161065292254
0.1775310414385046
0.1770232094185149
0.176752848213959
0.1765365206616494
0.1757228770598624
0.1749811827240895
0.1746114419931718
0.1744431638336943
0.1725026095382393
0.1718407774643586
0.171566386236193
0.1707507226485852
0.1682570905852656
0.1654240383130066
0.1588837341075088
0.1526206304483474
0.1440532412307621
0.1399108475294451
0.1395803727469115
0.1370483218036061
0.1361985336336738
0.1358991775080013
0.1355137993122694
0.1348424477528908
0.1341287784823848
0.1333932872300465
0.132810187911334
0.1323152519111643
0.1314085549151512
0.1309987091256798
0.130601322079879
0.1300640782240593
0.1297462270643074
0.1296210232792446
0.1291947702809556
0.1287963778533545
0.1285177131033417
0.1281300987783945
0.1275751295973951
0.1271764034927658
0.127011030704042
0.1268294082043047
0.126659353594542
0.1264261556442904
0.1257814598273722
0.1240458521972488
0.1224349226347406
0.1203173293797233
0.1184827178714803
0.116441313146565
0.1159255906164724
0.1152619145729151
0.1145935029032844
0.1143149960214206
0.1139282866906062
0.1137429194701701
0.1136689631456666
0.1133601157515189
0.1132892519895411
0.1132160965730576
0.1127552041817874
0.1123128752708706
0.1112568803285352
0.1099420309075732
0.1092432468177447
0.1086255353300283
0.1077441733927295
0.1070452790505262
0.1061540266896903
0.1055679042945068
0.1051544422939601
0.1046379232561138
0.1043916749523031
0.1042464668535153
0.103829683002507
0.1035071177656691
0.1030683698099563
0.1025578243750764
0.1024118672070075
0.1023377102532775
0.1023046593576319
0.1021752060428023
0.1020924703273628
0.1020385757663259
0.1018619382830352
0.101691051310314
0.1012648432293666
0.09981523906825704
0.09887529736508002
0.09816967294954106
0.097205638510339
0.0969573935972944
0.09684690233661351
0.09641173899412399
0.09619235386800527
0.09596204622168988
0.09572315756996212
0.09547450280984036
0.09532203758388685
0.09520871123549399
0.09493021023486711
0.09479600081678971
0.09464063406044033
0.09445283672994405
0.0943156081559739
0.09414034480362342
0.09394430331501173
0.09379157477223132
0.09370674079774924
0.09366944820000518
0.09337938573497601
0.09300220688204913
0.09294249590573785
0.09290195342262769
0.09283792351611665
0.09270149427354284
0.09259464281251287
0.09247295746549615
0.09219182639857215
0.09185804182067335
0.09162500960097082
0.09152356733520957
0.09130560502945811
0.09121187792516094
0.09111943704503385
0.09098357030159758
0.09089124113889697
0.09081294879947212
0.09055499977555916
0.09022180043928538
0.08994092468736543
0.08982561307466135
0.08966041840305518
0.0894947784905655
0.08938270279929907
0.08933268409879767
0.08911562091427344
0.08889540881179878
0.08873075673018524
0.0885357412780495
0.08816525016786078
0.08772830261762098
0.08693322872854797
0.0864621763196098
0.08525416534674093
0.08424354612269122
0.08187362589798808
0.07901144740504078
0.07773910606973375
0.07707436692800779
0.07673779903339714
0.07659935049886797
0.07610116298582979
0.07597572037557479
0.07589487407861342
0.0758281002958197
0.07573046046677107
0.07561738389395184
0.07551346523787267
0.07541292148865959
0.07522950669449041
0.07503586025669788
0.0744891808451616
0.07378043178688608
0.07306458811064726
0.07274764457875682
0.07255672024644597
0.07240496398812617
0.07220813410940471
0.07178179784456343
0.07147488832341477
0.0710155144692023
0.07063454857162296
0.07047261485251383
0.07027052171754039
0.07021039786949279
0.07008868499851918
0.06990295611802336
0.06985263325262077
0.06981262252172432
0.06976607112621187
0.06970499428370372
0.06964513829255131
0.06957560450632712
0.06943136915852552
0.06923786780000837
0.06885002319578273
0.06855032529947301
0.06836022671329126
0.06784076799961726
0.06750671694647931
0.0673016561471039
0.06670865344473795
0.06634458884016747
0.06596263301196753
0.06547700565279352
0.06513066321990908
0.06501834031865127
0.06490849936372174
0.06482399355231448
0.06475734146898279
0.06459391796743642
0.06450850340419848
0.06441344433046402
0.06431156561850158
0.06422392352026683
0.06402074621946835
0.06378065185208963
0.06332438589317375
0.06291792956842918
0.06179389445310145
0.06066503101107118
0.05960315825745133
0.05907204829086986
0.05796920212681654
0.05738162146732279
0.05664249998931543
0.05610870758528555
0.05572951857521297
0.05535675328737144
0.05495887931897134
0.05470940107861774
0.05441327167846054
0.05411030237916662
0.05386518547368264
0.0536797518588973
0.05300049495045654
0.0522812341106175
0.05183091354353649
0.05161210234404109
0.05138263048412858
0.05124083303441441
0.05094317682079297
0.05063382936074688
0.05035691832580685
0.04997252436215827
0.04987273860262706
0.04979806270231688
0.04976596973161714
0.04965955075374753
0.04960484252455395
0.04958738814256194
0.04951171599752985
0.04945481450593157
0.04942938023749465
0.0493962177051241
0.04931744461999071
0.0492156831592834
0.04911943770680371
0.04906399557501558
0.04903015075798709
0.04894732972881287
0.04886200551957719
0.04882640893729792
0.04879377805420907
0.04865322679697787
0.04859576394685042
0.04858435986216945
0.04844509164610905
0.04843453881434868
0.04841976655354664
0.04838472382064343
0.04827265216343238
0.04815061404002037
0.04802609756020741
0.04789192091588172
0.04759801341646395
0.04742887139712382
0.047188617120138
0.04669593335955344
0.04644313854260806
0.04631468613379215
0.04587281051260155
0.04562358701996373
0.04560154575797253
0.04546507760474575
0.04540109999342813
0.04538290845117487
0.04535749195102826
0.0452968261622936
0.04521779207053423
0.04514850873123387
0.04507921690887934
0.04504313324407793
0.04503061809706099
0.04486321437541082
0.04484353898217992
0.04482068700210489
0.04479929534402775
0.04474551622613063
0.04462032981403035
0.0442247924818422
0.04377941757665964
0.04262934415688128
0.04165011111080952
0.04064960849605322
0.03941513815837942
0.03853192420097207
0.03782830529993083
0.03669743410979048
0.03586745213626216
0.03516718955329716
0.03445947184796124
0.03381653129840329
0.03356910889562472
0.03268752060333452
0.03235450452813966
