2.832126395719252
2.358752271966307
2.101885106369828
1.762107678115053
1.504960632596344
1.331217911048804
1.230514541491508
1.200167695276382
1.12065067932943
1.068727583296306
0.92917974109783
0.8494657208585904
0.8023974441485182
0.768125669137623
0.7231536853879641
0.6664826386779157
0.6486400851642055
0.6308056282830048
0.6065601801857315
0.5974412357785165
0.5915598825804091
0.5677643759354934
0.5583796960599057
0.5499811607474766
0.528807186372567
0.4715108205786405
0.4431121944502912
0.4241577793230725
0.4066002414558898
0.3961294888954262
0.3884000286460694
0.3751504867304133
0.3621841514081862
0.3569038385622348
0.3536342326573548
0.3452742654670337
0.3396625626510437
0.3370432059482202
0.3333511161219453
0.3272544718355765
0.3232179953823027
0.3209978861588202
0.3196550763252258
0.3175499319878471
0.3108767601599205
0.3060977856344516
0.3022789777726509
0.2920215229517704
0.2871186140335477
0.2839736234073713
0.2747556079953916
0.2667907555515959
0.2620947116780757
0.2555668284532026
0.2445421464071618
0.2389635442601608
0.2354196169381055
0.2313927178086274
0.2299514568451786
0.2287927753437561
0.2270542649472175
0.2255258321270403
0.2246516722567649
0.2244368443076362
0.2236124898410848
0.2229369269807707
0.2226292128931839
0.2207767965460465
0.2178829431130026
0.2156831971168053
0.2148287049730731
0.2139173503247451
0.2129636864032895
0.2109618547819451
0.2102353953331279
0.2070787388276613
0.2019532458986464
0.1976168442420526
0.1922847939050375
0.1856750768417454
0.1832672232955835
0.1818112310071134
0.1802451587230192
0.1793987055734422
0.1783032481357857
0.1777969256382391
0.1770560488036123
0.1767927489891348
0.1764983714632144
0.1759158850952979
0.1740194482655467
0.1729231630296187
0.1717612576389197
0.1704322033276599
0.1689645845421297
0.168587806340468
0.1681590505289166
0.1677549625289281
0.1674564566789332
0.1669889519501768
0.1664709693383696
0.1662437830921034
0.1661114370716344
0.165766076898699
0.1652786810071167
0.1641405372868543
0.1631035144069632
0.1614781638621537
0.1599913895318387
0.1590174130271785
0.1586541472855486
0.1581986541470511
0.1577569131298853
0.1576158580656158
0.1574263986809253
0.1572547430432947
0.1568459673944324
0.1564585143120896
0.1555080473091307
0.1532446535328293
0.1505819437630666
0.1496252617665722
0.1482727006947432
0.1475518249113297
0.1471640881902449
0.1462359127498182
0.1457216331354223
0.1454783195471192
0.1449048157898288
0.1443446954259501
0.143627163815797
0.1433273312376946
0.1431743875107875
0.1429838618331901
0.1423010737708866
0.1420518284405127
0.141912099357129
0.1418219059272562
0.1416267890152834
0.1411122729257555
0.1408436431923393
0.1405543445962268
0.1402483777884085
0.139902662062522
0.1395341314780256
0.1394132491497713
0.1390113025021763
0.1365410616130679
0.1335591371042975
0.1312112146789265
0.1293561601311976
0.1261766100524602
0.1238433172900094
0.1229465523216275
0.1223561929627132
0.1219764749321894
0.1210852788953367
0.1206783401700427
0.12037147577451
0.1201498668131043
0.1197453188644434
0.1188923113609551
0.1186708896585992
0.1183751910726595
0.118116346109028
0.1178678727797829
0.1175626907378266
0.117236642482136
0.1170103693559799
0.1168755172205857
0.1164094848637224
0.1149930936529238
0.1134160186118954
0.1126078447334231
0.1122766650672888
0.1095596115631776
0.1083981388661392
0.1070492312201648
0.1063658809287962
0.1053899126177385
0.1049814973082033
0.1046160844423475
0.1040514995473993
0.1036058580134792
0.1035096294999888
0.1032318330740744
0.1028706422635846
0.1024804652248735
0.1023123734575816
0.1021596529615064
0.101934065979433
0.1017254317736413
0.1016196635663
0.10150501735984
0.1013646739489218
0.1012077679530405
0.1011154450318167
0.1010535705558576
0.1008008452083466
0.1001408648641389
0.09967016821899075
0.0990710502037567
0.09818773703715238
0.09737872620319546
0.09722318699572709
0.0971170834645297
0.09706607180213214
0.09687659883189181
0.0967666551264886
0.0967364249000626
0.09663067316458665
0.096505058310521
0.09647179478300739
0.09620390204269955
0.09589488419623969
0.0954005256608032
0.09499883837573209
0.09438464910725472
0.09320884813777795
0.09258288119090997
0.09216948513456248
0.09156796254021908
0.09104977806903973
0.09093384701848281
0.09082039924663578
0.09066614270763891
0.09050139078792099
0.09040080665302513
0.09033705343994262
0.09019773945400973
0.09002343363025476
0.08992645786148963
0.08988028387741197
0.08967777577399667
0.08962424743223704
0.08958978594603531
0.08953945679690432
0.08946962494424551
0.08936498065267719
0.08927277868506502
0.08923753588671282
0.08923104307825282
0.08914958030161955
0.08910687588565237
0.0890771832751697
0.08882779923072215
0.08854515796060694
0.08841805936591385
0.0884077859688938
0.08832504136236467
0.08825492113603219
0.08823201231063982
0.0881327868358014
0.08805055021935676
0.08787426115657196
0.08763095041796577
0.08717915189320143
0.08664044017317095
0.08626750761019883
0.08603705553593961
0.0858199136706628
0.08571520466522541
0.08567224039310789
0.08561433275529644
0.08552668524977851
0.08522038074588634
0.08406870797947011
0.08351998291382698
0.08302760617939396
0.08229723197572397
0.08165160756802872
0.08141493269975075
0.0812672337361833
0.08105309567672012
0.0808896132104609
0.0807770416041011
0.08070022007247057
0.08051841555286629
0.08032152594559749
0.08024367496073626
0.08019417912587856
0.08010869693603273
0.07991815477710094
0.07972503873460779
0.07963250961746111
0.07951706962321543
0.07939987981250475
0.07935319011583557
0.07924720487217626
0.07895513557552777
0.07831864364989037
0.07679691306056613
0.07521420877720147
0.07329237717438518
0.07249427587364128
0.07200986100286975
0.07156768642455601
0.07056435578699757
0.06995104353775922
0.06970309244540113
0.06958852773746106
0.06933985430812781
0.06902456840863698
0.0688562549358883
0.06881349605924326
0.06866846105234228
0.06860132528909516
0.06856565708392369
0.06853422862213651
0.06842953683721138
0.06835357168845367
0.06832669251172917
0.0682433555803874
0.06820101069224296
0.06819149223728829
0.06812007401129599
0.06804274774951893
0.0680052228211961
0.06785741624729701
0.0676907424878196
0.06763164129913973
0.06762995335152257
0.06756393239651254
0.06753981748371975
0.06751332819555829
0.06742635449336894
0.06733990997461692
0.06668484749919101
0.06488359321332728
0.06294591611130348
0.06230634010035759
0.06148853990183206
0.06073779551623534
0.06029888483172319
0.06010341390590316
0.05949975319781088
0.05915250785330434
0.05900009675247125
0.05877885455269329
0.0586423139020126
0.05854980662404884
0.05833806029268738
0.05814643615278396
0.05807480380831944
0.05801843167399531
0.05791523037683631
0.05776921866671733
0.05768576393342418
0.05750490998991029
0.05730926688406288
0.05709500485478763
0.05691638416757372
0.05682354999048423
0.05642012706286569
0.05624561554101202
0.05612134313553238
0.05595197568739681
0.05559601643885887
0.05541862351303458
0.0553243175169854
0.05518813318628653
0.05515135952946021
0.05510274367708578
0.05505466724557661
0.05501499467347609
0.054871899664631
0.05474107354582784
0.05458117531710917
0.05454534472822316
0.05451757520837152
0.05444441641497232
0.05433451553709309
0.0542090582867965
0.05415964305056998
0.05413947941788463
0.05409670342775143
0.05394792774047369
0.0538448409654789
0.05373639150619378
0.05342242248601937
0.05299800591486474
0.05283869770810991
0.05274969315189973
0.05263771637646261
0.05258011335411655
0.05252260786802757
0.05246619895429713
0.0523985806992333
0.05237007793187958
0.05236029655897083
0.05228828781369797
0.05226039934560682
0.0522213439397673
0.05218695424151996
0.05212876100344969
0.0519223700362587
0.05168038830350974
0.05159023631025192
0.0515079164415377
0.05140197771412353
0.05133184682900355
