3.105982237954704
2.5762421554543
2.334056939884038
2.282166207972308
2.171652214094076
1.972213397937791
1.829487711822629
1.523655577594863
1.392684073584805
1.269843221363697
1.160027640181743
1.071150709157736
0.9558471152131464
0.8879328282033739
0.8555827324295375
0.8158752775540991
0.7943662329608205
0.7770099138328186
0.7202088421117373
0.6750437658753314
0.6469794776210531
0.587600497298415
0.5598033627702266
0.5452602351240502
0.538082403419453
0.5155947494484251
0.5062784984410619
0.50173774988864
0.4727504130176456
0.4481167385529414
0.4295561307259793
0.4162946244375592
0.4035566749710883
0.3837835758110135
0.3736788430076651
0.3691260189775541
0.3585957379429149
0.3536859237430083
0.3469956393774226
0.3425243317075747
0.3377068745584285
0.330961988034056
0.3282755665622558
0.3249992298374362
0.3166527909218502
0.3122523470189132
0.310410619690775
0.3046976179100213
0.2972480497553235
0.2946542783515881
0.2892565819752959
0.2866873824113439
0.285200279064228
0.2834046579621
0.2818513573633063
0.2767144169880551
0.2725907876703755
0.2674139945912803
0.2630056746515688
0.2568871256058211
0.2533816202495421
0.251526354937441
0.247184738547944
0.2455727209791897
0.2443346481960036
0.2411284109797052
0.2365637890436339
0.2359409498347616
0.2352207860479111
0.2343489423992482
0.2335720939272044
0.2322765192441087
0.2303968822134274
0.2288497457971757
0.2275600791931262
0.2267985710957334
0.2255832224855928
0.2213839318703433
0.2181748346413284
0.2170432808254369
0.2137000301736098
0.2104775721751807
0.2091613470986493
0.2064268179087899
0.2035628346111821
0.2001586700810904
0.1981249170172303
0.1968533729917975
0.1937187527837542
0.1917614329074471
0.1912238610494161
0.1893009432077756
0.188912795728491
0.1886560421344926
0.188428699777475
0.1875811262692014
0.1868033320492742
0.186458049291461
0.186384671859902
0.1851361762940663
0.1838801355510692
0.1834603878845697
0.1825671817112799
0.1813385765138017
0.1802143787962253
0.1797864211860682
0.1792501252105611
0.1787397504652916
0.1776652492407885
0.1769980787915546
0.1740195813738201
0.1715818955178131
0.1702061373022403
0.1700192266106687
0.1679033689447541
0.1664873893115683
0.1662095383840112
0.1655264474890036
0.1652673778533228
0.1649519029131596
0.1645981194310277
0.1637855528475498
0.1627984488058789
0.1608802056841425
0.1569690602483463
0.1542252368282752
0.1512819870327592
0.1456214171384382
0.143348643305362
0.1429440558513429
0.1424081311934721
0.14197805042628
0.1414560291657067
0.1410356237122587
0.1406169113887853
0.139674918638781
0.1390446858434732
0.1385704004330771
0.137996952146289
0.1375159181079989
0.1368636867888396
0.1364830142464763
0.1357831092849569
0.1352014411654335
0.1349374535002235
0.1348855016867281
0.1344058111733855
0.1341149177307084
0.1339918230565462
0.1334741248092028
0.1326621155888975
0.1322205238255919
0.1312746306132155
0.1305366007948541
0.1298828130070004
0.1289944898270488
0.1277304063959893
0.1273673974662643
0.1263320249979035
0.1243482263510723
0.1233553771215021
0.1233193472563081
0.1228024595466643
0.122569061886197
0.1223473257312028
0.1217867704440533
0.1216391891704418
0.1215170409664518
0.1213570541623393
0.121148309884924
0.1209859587926249
0.1208487305763469
0.1206415492764921
0.1204696771016371
0.1201781277700802
0.120008694811119
0.1197869680422741
0.1191461110572452
0.117651376112066
0.116835680589076
0.1165445190219466
0.1154939825822871
0.1150400844777132
0.1149605102397135
0.1145784949287499
0.1144367280201768
0.1142872148697609
0.1141286310448596
0.1139773967012144
0.113666052675295
0.1128486751177451
0.1119843727620694
0.1114108226652115
0.1109557949271147
0.1103932143916186
0.1100108119431087
0.109733024845604
0.1090252458013903
0.1085913875017556
0.1083282173666086
0.1079628743137242
0.1077666041721078
0.1077014495275864
0.107606018564868
0.1075405355518707
0.1073588781856148
0.1067077735247218
0.1060439856899303
0.1057041314335166
0.1048889203876583
0.1038271294184138
0.1026083936363756
0.1023288447017084
0.1020671130142062
0.1018997981413411
0.1017453822753417
0.1015516807288057
0.1013357417966258
0.1012366214054813
0.1011018626762707
0.101051067881622
0.1009333823477054
0.1007921245993063
0.1004761862793514
0.1000443836119405
0.0998341824654721
0.09977489865216269
0.09953130033341741
0.09947615031255291
0.09944286986088799
0.09906783155072517
0.09867762062860259
0.09799761648380116
0.09743169918856012
0.09580048459975565
0.09424625543647604
0.09259032133065219
0.09163852767744661
0.09118399647900434
0.08950764774273162
0.08880423678175299
0.08843762669994866
0.0880277975632455
0.08759518831293789
0.08681116337943308
0.08656681387856652
0.08628263402854595
0.08612459075788401
0.08601618565218044
0.08592922028918928
0.08571036487743144
0.08548394193721941
0.08536549220610222
0.08530892919690679
0.08524123146124479
0.0851684853587904
0.08511576361090475
0.08503399410661704
0.08495475785946768
0.08487150047131345
0.08484337052158296
0.08483206005643416
0.084738388048045
0.08468102280339035
0.08460718322364189
0.0844105039117327
0.08424269318719731
0.084106571565061
0.08400651664817035
0.08355965604381478
0.08252369784130247
0.08207128738589153
0.08155872923489975
0.08114020513206427
0.08063180671512969
0.08013613024521876
0.07985814056012137
0.07975653734793171
0.07931855135637035
0.07923547724127042
0.07919513181085638
0.07915022769728482
0.0789916221384188
0.07864518474846112
0.07822338100088967
0.07771572976299776
0.07754168415541708
0.07745793057643947
0.07726959971000098
0.0771611596895721
0.0770589452286002
0.07691509788452104
0.07676432216207446
0.07666926277752614
0.07660198648910425
0.07643288224243529
0.07631545571146854
0.07621318710062565
0.07599830474075613
0.07576226444577529
0.07566491055107263
0.07560072394192506
0.07554507466421968
0.07546059163714836
0.07539364456503141
0.07536531888471036
0.07525854122307084
0.07516440899838639
0.0749758283799318
0.07458440600294826
0.07409399626462022
0.07318759638016537
0.0726172107097615
0.07183383080622778
0.07128086653256342
0.07093640933101834
0.07069706029026476
0.07015835348668678
0.06985131162835845
0.06967500448092712
0.06957487908193943
0.06950533292302863
0.0692558497315629
0.06912775999299274
0.06906841707557888
0.0689904099093456
0.06891786737449861
0.06883784071962493
0.06870426336507421
0.06853673319967718
0.06834411293446938
0.06826528111349829
0.06822970942123877
0.06819364551555614
0.06811877220047426
0.06799602275380826
0.06792565290046143
0.06787315202479356
0.06783083685632162
0.06776953781982581
0.06773862425785795
0.06771639710494277
0.06768036333587026
0.06752791272191486
0.06740736511990558
0.06732844522325929
0.0672166369344377
0.06711500924215039
0.0670178701093988
0.06697551803194134
0.06691351562302601
0.06685239387999176
0.06679453700019283
0.06676660949058731
0.06675825270436091
0.06672597159573126
0.06669667168244973
0.06667159373141056
0.06660084378975474
0.06640716378780301
0.06561247787930856
0.06331249468828103
0.06101099038539008
0.05947765893657019
0.05881040279693578
0.05617104790789934
0.05574602101237679
0.05528010468779471
0.05509136870858272
0.05500820746885413
0.05488549323346253
0.05469437515996545
0.05447264331020727
0.0543589195059867
0.05422385383470839
0.05416488927253515
0.05409449663309322
0.05396104226285096
0.05361009344609392
0.05334859191357809
0.05318098516013556
0.05302913801999296
0.05292700562582514
0.05283510102036187
0.0527047883420084
0.05262915707259903
0.05258883119963109
0.05245279831416134
0.0524000157572523
0.05233547965512742
0.05225740570692074
0.05223650514503878
0.05219293394031839
0.05204821220449516
0.05192012631288781
0.05165805689641668
0.05134214798367279
0.05117471579061955
0.05095950557579133
0.05087461911070938
0.05077003283423079
