2.385514940489456
2.281928558399781
2.17882201912626
1.972786641203595
1.817139649376334
1.6504387051436
1.513259755707973
1.43944212574301
1.361592390426398
1.265413924124049
1.211283925558534
1.193889270119441
1.156236655784237
1.11681475710211
1.009622164837486
0.9714041878023766
0.9075207459445358
0.8804807358671416
0.8507552156547188
0.8140252796288824
0.7882229519681379
0.7699810746261431
0.7112573481521152
0.6760921023090011
0.6373795264088618
0.6174582748547751
0.610567361887311
0.5838971125561296
0.5744356506048048
0.5711257371445173
0.5509250844323937
0.5383396136773522
0.5297550070699808
0.524523947323555
0.5124860318065972
0.5001239127000144
0.4857590115853666
0.4743275257192731
0.4667763302592834
0.4617135749459745
0.4518851482936456
0.4457663249783805
0.4405857493308385
0.4327597262626054
0.4282547757009186
0.4270053147447552
0.422814181276611
0.4193405774834786
0.4163164451636024
0.4073055161926593
0.3953770694207853
0.390437080362935
0.386996216587342
0.3811866911392227
0.3747768185568325
0.3726408150336599
0.3716518875666995
0.3703029788733351
0.3688245977442529
0.367564163121699
0.3646784179854227
0.3570436664095741
0.3461666265990749
0.3353571764743472
0.3333003727344996
0.3319887248913366
0.3317393268876035
0.3309264032331289
0.3301006868645738
0.3292624678865177
0.3264291415014446
0.3212695377449286
0.3185350410915036
0.3156151084697806
0.3093275314673926
0.3057182221026025
0.303640597273672
0.3012793595018268
0.2987806297637066
0.2961550458836679
0.2949730008979509
0.2938544023820522
0.2907239281707775
0.2867583778316977
0.2836183468937271
0.2813732945309571
0.2776440370136357
0.2735076797234733
0.2708184548432324
0.2695942729104537
0.2678946863354063
0.2670009901494027
0.2666217136044715
0.266139369292927
0.2656108838114059
0.2652844977008164
0.2644917689466074
0.2633608754186797
0.2629184891075267
0.2627490204283463
0.262524410309637
0.2619368098406549
0.2612727950111541
0.2578378749886211
0.2556285733646814
0.2488607655012607
0.2442211418750436
0.2429691605512395
0.2403297148814443
0.239010678973626
0.2385544583791383
0.236690310549344
0.2348982603938434
0.2343429700336465
0.2323505945355112
0.2309077550723553
0.2292644540536121
0.2281665819960139
0.2277091378992273
0.2272930804490757
0.2268226399156376
0.2262153897333433
0.2252475032441773
0.2246783557422624
0.223902951621632
0.2231551084471078
0.2228528512979484
0.2225279182178241
0.2215640411368301
0.2188858450456761
0.2158429662127407
0.2143426760843556
0.2138808352474647
0.2108671926917406
0.2094832516580493
0.2080491157576272
0.2066188420966528
0.2053224891681718
0.2041753550805316
0.203654554750496
0.2031049641297532
0.2024211817091203
0.2021058468510108
0.2016571213936565
0.2014815002047979
0.2014628951135808
0.2012631448714942
0.2011851761524208
0.2003775533780578
0.198614591600446
0.1974149086426405
0.1969292348936624
0.1935968018599794
0.1911672128207021
0.1902522616042628
0.1891541518290339
0.1881771655419162
0.1872118024481086
0.1866940476180898
0.1864824369755675
0.1858889319869373
0.1853729433115847
0.1846961293247505
0.1839839063648231
0.1833971206512486
0.182986460879483
0.1824312753757835
0.1821065191865726
0.181844391563717
0.1815733134303048
0.1814046455422796
0.1813098771840782
0.1811709490035522
0.1810508991042528
0.1809929424779215
0.1807689197418918
0.1805680510659886
0.1802149087642989
0.1797108894324819
0.1795075424085525
0.1793742325122791
0.1793017330009778
0.1790711528193132
0.1789318098580625
0.1787280015903533
0.1785684030498684
0.1784086139894599
0.1778341090929521
0.1772802715489331
0.1766824111216068
0.1762731080789279
0.1760603200187285
0.175505440537188
0.1743476939131794
0.1736850274862109
0.1735719293834245
0.1731332872295973
0.1729347559007704
0.1728465416989174
0.1727319416615226
0.172514131252498
0.172199004306707
0.1718913707207843
0.1717971913694429
0.1717397772170761
0.1715437722965814
0.1711552317920388
0.1703613471332207
0.1694791599148466
0.1683977155893065
0.1679244909229049
0.1674714743211555
0.1669469891457312
0.1668270553387155
0.1667499050657587
0.1666354722122314
0.1665916821853414
0.166536763943223
0.1662093855720264
0.1654030931747737
0.1635032384090957
0.1624938722866811
0.1616076611033236
0.1577890572902272
0.1544134742995557
0.1524218148002137
0.1518377192001399
0.1496365490079264
0.1486793772165683
0.1485993323349369
0.1478572621585756
0.147489713786548
0.1473208165956136
0.1465914807424099
0.146281483086266
0.1461201836039713
0.1455240977133069
0.1445776820831308
0.1443379027716492
0.1440903082738648
0.1440148005938267
0.1437711962389333
0.1434947485164146
0.1434049069759641
0.1431089131016155
0.1428520421561031
0.1425385189453528
0.1423896303166974
0.1422172602852179
0.1420230078103656
0.1419344582278158
0.1419208064222803
0.1417227615722941
0.1416935821747607
0.1414799306507393
0.1411761895085974
0.1409135879445284
0.140765565887099
0.1406250507944747
0.1400575617631204
0.1396740052488613
0.1393901247287244
0.1387738150132199
0.1382351025736339
0.1380921456493001
0.1380012583782986
0.1379189131326815
0.1378035607465246
0.1376917597682302
0.1376430575784917
0.1376385506104847
0.1375885725267421
0.137532376513272
0.1374737671695787
0.1373111420115391
0.1368318973734777
0.1338927403560368
0.1331623876704843
0.1322559928673442
0.1316063707526581
0.1307937808486827
0.1301378062974227
0.1296118104900737
0.1291423180097477
0.1287837879590089
0.1286837650632738
0.1284339861192649
0.1282442841174748
0.1281161380503556
0.127941399517019
0.1278937495684593
0.1278326850641921
0.1277654463046716
0.1277109502832283
0.1273684654899632
0.127217480169163
0.1271113437167839
0.1269487033107755
0.1266241299191779
0.1264607529402588
0.1262614970856497
0.1260561385316095
0.1259759475462021
0.1258582422134425
0.125782708744554
0.1256995822193985
0.1256523699466204
0.1256243404955817
0.1255068221860051
0.1254910967925767
0.1254409556862467
0.1253781086042758
0.1252099879264943
0.1250313147351266
0.1247426575716145
0.1243020663224593
0.1238476106969131
0.1237902322590541
0.1237561990298095
0.1237320065684442
0.123652873991788
0.1235918454513736
0.123502471802978
0.1234095958871175
0.1233700523118192
0.1233376406698732
0.1231058634164875
0.1227728891613779
0.1224528105859149
0.1222567525881671
0.1220671059942958
0.1218902035644327
0.121685935233304
0.1214919530765506
0.1212109648858908
0.1211140596149387
0.1210556810679807
0.1210304252007235
0.1209717006643963
0.1209309134062449
0.1208861255217464
0.1208046876238836
0.1206892636147045
0.1206221356314796
0.1205809005749994
0.1205548215840641
0.1205431243023261
0.1205159156038672
0.1204928678856833
0.1204162251151491
0.1201648883896882
0.11940981818165
0.1189893985106602
0.1184630890530857
0.1179304849632728
0.1176235055653365
0.1174920073008545
0.1169695008422704
0.1167980030601903
0.1167338731659155
0.1165428589776647
0.1163386427155455
0.1162556732814672
0.1161408293970352
0.1160393468059923
0.1159560974268119
0.1158627621563678
0.1156644721483502
0.1155327256585664
0.11536268948482
0.1151349707605338
0.1150027771849104
0.114827028913935
0.1145393199062866
0.1142248532876941
0.114067966775517
0.1140340981325923
0.1138893891342591
0.1138106870676628
0.1136663110445987
0.1136341039603995
0.1135306627617589
0.1134250583760609
0.1133336515599167
0.1132268805474482
0.1131213760948662
0.1129903631333009
0.1129336083424587
0.1129163049126027
0.1128426688925614
0.1128073679994184
0.1127934981521669
0.1127499117365932
0.1126906037972869
0.112641366114107
0.1125815325317849
0.1125333985607268
0.1124815103026738
0.1123773447874564
0.1122521564582958
0.1119395471235814
