5.409078666204233
3.56518217053107
2.576685722105081
2.190765623905492
2.011975079538468
1.73866213428138
1.537280777749605
1.372658023256992
1.222172480694294
1.074431238925594
1.014341770438162
0.946892137701397
0.8772188600536446
0.8277846341982764
0.7748541669722638
0.713668033480275
0.6882920481589532
0.6748345504100695
0.6339593564537755
0.5968886355702959
0.5748832858029034
0.5492332956157698
0.5232630856126939
0.4946831167935753
0.4641104463821482
0.4481369421831687
0.4443898020745739
0.4226418227830668
0.4157715168551936
0.4107396020106993
0.4040057821232723
0.3947729766010144
0.3915475429412503
0.3897681581189147
0.3884342262560901
0.3833820935818801
0.3796589770077894
0.3777595581284275
0.3694935524947404
0.3651695646745768
0.3637278864389493
0.353172100876281
0.3432202490034948
0.3295994549976813
0.3232937765727366
0.322598536658759
0.3136877230748992
0.3116613372679821
0.3102933652396879
0.3079590834595937
0.301420380620485
0.2975731792452468
0.2933133416495026
0.2883679800991631
0.2842700484174998
0.2803109328120033
0.2767073352816494
0.2637008063787371
0.2583846050181786
0.2525917294769452
0.2505272761600207
0.2488598702382092
0.2469250251824013
0.242332293144849
0.2385467949693063
0.232979959428292
0.2277481442912414
0.2247231453297185
0.2242502296259349
0.2199572684018708
0.2185712386252807
0.217716726717468
0.2166242801077834
0.2156134271656868
0.2145411773894194
0.2126740588244668
0.2071835381225942
0.1905551693634711
0.1842021631518413
0.1789637397964295
0.175013376205567
0.1676147663695827
0.1626448527113933
0.160840696739948
0.159484067945115
0.1581444147579455
0.1556758989840176
0.1548023724841371
0.1544260216952791
0.153442956440425
0.1522248122558249
0.1513382728027786
0.1501802876880018
0.1493580022656646
0.1488991885964409
0.1482527600719662
0.1480811214077843
0.1478763098094999
0.1473171105209956
0.1466122303677337
0.1458884529263981
0.1452343802784803
0.1445161532462573
0.1440630273777827
0.1434983109650972
0.1422373008751203
0.1407614714773251
0.1399803507805948
0.1398041893589582
0.1390736281278393
0.1388316565578543
0.1387104247494068
0.1385388817484876
0.138379043564454
0.1379128928518202
0.1367702539222586
0.1341634289789025
0.1305989842514854
0.1261641346903836
0.124235578232213
0.1218405126893512
0.1206729287160026
0.1195337318852444
0.1189921709832238
0.1183104771197157
0.1177360822777959
0.1171973621193882
0.1165377682147048
0.1158548760668667
0.1154587897102819
0.1153512632497353
0.1149674643628111
0.1146091966108252
0.1143927710608786
0.1143117084407403
0.1140273070594514
0.1137447453670072
0.1136327905504926
0.1133821726831841
0.1123920027100679
0.1112371363651639
0.1109454670207658
0.1106957156649739
0.1103753335606003
0.1094999146790569
0.1090317977142452
0.1087500846407517
0.1074978997733133
0.1072126839442071
0.1069623503503839
0.106372166330114
0.1055179593246105
0.1053092337052084
0.1052120638132246
0.1051168303841208
0.1048310542233885
0.1044433101148886
0.1040183168418654
0.1036830087156681
0.1033504174994074
0.1031664486592452
0.102891805907244
0.1026368227526379
0.102477627550862
0.1023240089314777
0.102068654322329
0.1018676557677408
0.1017612576358745
0.1016303225230891
0.1014830608461125
0.1013620342442205
0.1006485829230834
0.1000225677818457
0.09824400482347684
0.09599697478707105
0.09495425077428558
0.09485898940398994
0.09386328087536068
0.09373247437549506
0.0936389845137465
0.09349962809197647
0.09332138543181648
0.09322266729634557
0.0931583025928828
0.09307328212136443
0.09298432662815628
0.09290183569962981
0.092647207278111
0.09130477746929959
0.09003122803726291
0.08640919509374399
0.0837008423745251
0.08166443279257618
0.07985283503520384
0.07886000867137832
0.07758394072500244
0.0771867009158744
0.07659399694855312
0.07624513989152647
0.07580623102995988
0.07524394903733977
0.07493201703355445
0.07476275769329208
0.07434218212695912
0.07392142658191959
0.07362224094690498
0.07316342811821645
0.07227080367960158
0.07203440246485519
0.07189202114935841
0.07152072731515563
0.07119746345564724
0.0706848572637903
0.07051525018418926
0.07043168149712162
0.07013349918862657
0.06990238631874922
0.06968622481528902
0.06908034910887474
0.06864897840609824
0.06815121179339084
0.0676119335929825
0.06723820803976398
0.06695006867873951
0.06653607787051637
0.06634242580443049
0.06627420449719662
0.06611649509871906
0.06599117006360485
0.06584598039553394
0.06523696866203031
0.06511100200574224
0.06495733000331208
0.06479296589925004
0.06463019522183948
0.06452039346157774
0.06438914060524918
0.06384065293401027
0.06366239880782856
0.06361571396328189
0.06350221441726568
0.06319253188252662
0.06295757498423958
0.0627330416701201
0.06234201530709418
0.06197036445773994
0.06149899609859275
0.06117548727049964
0.06083963941947736
0.06051880538418117
0.06033680195045935
0.0601923649590374
0.05996910577341474
0.05975708509045545
0.05967189678039248
0.0595826493448574
0.05946016670544028
0.05937775694330895
0.05933458292694149
0.05918997761273997
0.05886539844039135
0.05843810593369548
0.05772996999575352
0.05711348410121144
0.05625940443571216
0.05526730233153017
0.05505583368000429
0.05492949549846836
0.0546758995756473
0.05431548155349246
0.05414594005563588
0.05405497292373111
0.05392147767134444
0.05387763237296712
0.0538289503650887
0.05371268297330853
0.0535372947029733
0.05340840354973572
0.05333792336907878
0.0531705817854437
0.05301015466810644
0.05276365406642908
0.05267586285685794
0.05265552706787923
0.05250637879018014
0.0524675547018798
0.05241559614248865
0.05236165775002433
0.05231404306315453
0.05215767642206751
0.0518710943030451
0.05152132017429299
0.05120625511693715
0.05105127577414842
0.05101986677798599
0.0506410715588043
0.05053877942390499
0.0504946589832885
0.05037504889840114
0.05023467475196208
0.05017583979401175
0.05004640110351523
0.04994473643412989
0.04981412048851686
0.0497262382662684
0.04966894235693946
0.04960009024779325
0.04936682212403309
0.04924046078596629
0.04919011451763744
0.04898504634466878
0.04891098538213137
0.04887169130331915
0.04885078384952635
0.04878741160562829
0.04873684563562378
0.04869943076066181
0.04858980992517146
0.04848407447535729
0.04814097559902365
0.04768710163316716
0.04725769453667872
0.04691568334929959
0.04656706741004991
0.04549184016624686
0.04458557219906352
0.04349616647242285
0.0420475633584033
0.04165831707940013
0.04142215414674242
0.04137142485145156
0.04118379257379869
0.0411222273592715
0.04106201743653374
0.0409749517125674
0.04091343326746208
0.04083740081829326
0.04080520579237192
0.0407966612446304
0.04071391453187211
0.04067119429159968
0.04051135618134545
0.040364544352073
0.04018267867966017
0.04012260944677901
0.04006809894564824
0.03993782527531036
0.03984833427818572
0.03979896802453502
0.03973430752042897
0.03967917246950427
0.03963107893083916
0.03956017204983527
0.0395314252285924
0.03951518921181167
0.03950077711105071
0.03944151725007228
0.03939956343992303
0.03937780610861137
0.03919648892821041
0.03906565565198303
0.03854689286468971
0.03746194971151228
0.03679195811919336
0.03462997360122304
0.03314157007040722
0.03211833401344619
0.03085827027274854
0.02996010369269196
0.02954724776629809
0.02941238163434249
0.02932322709829645
0.02924082456156771
0.02906282711351015
0.02890885498474116
0.02884843797519118
0.02876307893459793
0.02871070734288779
0.02866180161310545
0.02858116961592547
0.02850530416237304
0.02846659262249285
0.02845683087240848
0.02838194883950399
0.02828805950197269
0.02824951434844482
0.02820010884958874
0.02807184586366892
0.02790388317177346
0.02764744520544965
0.02734818546397828
0.02699104796672648
0.02692246217995861
0.02689996670051365
0.02685392218779214
0.02677928243126096
0.0267178966851214
0.02669791220695415
0.02662654824211338
0.02656584840876653
0.02648003796854702
