2.345087655307321
2.228135422137253
2.034781933283339
1.868686933465257
1.737124668212564
1.598743671976438
1.4668617899087
1.398594565313578
1.354177447937837
1.30918154540034
1.173471505987049
1.132873146116609
1.105700047465507
1.077072081668373
1.016353257858484
0.9534305121234753
0.9040634371758893
0.8756563007081459
0.8411911878579166
0.825053983173089
0.8027917395107126
0.7838687569837088
0.774063000065584
0.7705417834135327
0.7386374649315892
0.7248753953017908
0.7087335368004813
0.6901968688425877
0.6790994633571833
0.6693582557832822
0.6221691271572101
0.5980019569065952
0.5897640202856943
0.5782011945839761
0.5703600380471109
0.5633243101398425
0.5528835979439592
0.5421853100386695
0.5354666984734402
0.5270643709126941
0.5151352615646818
0.5112308148418713
0.5061278205759886
0.502273608913557
0.4966267591307614
0.4927827178340056
0.4885558808612293
0.4746185753136471
0.4609378305665333
0.444256282666032
0.4369985818763302
0.4365380373863452
0.4282122060847556
0.426577268867729
0.4246319763493682
0.4230069124657488
0.4184329010219578
0.4119136490176238
0.407415715110878
0.4038968120201755
0.39824850852218
0.3927099575865247
0.3915750590929958
0.3904331874523271
0.3890182709974674
0.3875612343560627
0.3853032185348646
0.3825936856202503
0.3776849875807596
0.371812726961876
0.3651813084524316
0.3626648932535465
0.3613652883297896
0.3597925751466545
0.3564718864810302
0.3543412475393921
0.3506712390079884
0.3397305808317069
0.3363369739818543
0.3344864544012533
0.3323981106231966
0.3239789191358096
0.3178293995758283
0.315859229487593
0.3119428854481284
0.3105480647576446
0.3093088363872103
0.3079761733016898
0.3064816838505434
0.3059437705109184
0.3045927763713377
0.3017800973054254
0.2998974323243165
0.2986143870479369
0.2967421910056868
0.2951415016604136
0.2940136884967263
0.2927323647136085
0.2920081072788003
0.2914940673495555
0.2908529172702169
0.2888388043425433
0.2880592349238395
0.2869426821960325
0.2861898832911591
0.2854350397781937
0.284496538118563
0.282852105461518
0.2815702477544214
0.2794661409090332
0.2755493334775612
0.2738545197139093
0.2718451278714429
0.2708098524530834
0.2700343300071157
0.2686642638248783
0.2674440382040586
0.2668546581929347
0.2665278986188321
0.2662005246863176
0.2652985136733437
0.2645042650706078
0.2640035705196137
0.2628587392342444
0.2617540799159976
0.2589392180024253
0.2554995141759719
0.2520973578995288
0.2487492718669574
0.2459811260169019
0.2430037072742701
0.2415789252084681
0.2398348828048452
0.2396262013051057
0.2393646331223755
0.2390632418674971
0.238831456469371
0.2383477425007036
0.2377220917776379
0.2371318105662801
0.2364669647434584
0.2354261210592163
0.2342820199413169
0.2334763664973675
0.2328986767558908
0.2320352821201434
0.2317987718796669
0.2315584610016526
0.2309999383151113
0.2307997033415771
0.2305325874877278
0.2299070115758598
0.2283952732574603
0.2247485634289954
0.2221625673126136
0.2203768215479464
0.2178813609110029
0.216582185532272
0.2148983158050783
0.2129393746537373
0.2123690183940075
0.2115904876532238
0.2108409099030233
0.2102731300059532
0.209695926009913
0.2089796036373137
0.2086070656636144
0.2084690975542151
0.2079584507638083
0.2075973536418295
0.2071805104080461
0.206573659338577
0.2063751275531903
0.2062546842446573
0.206077125041066
0.2059774125003586
0.2058474351089725
0.2056688748990143
0.205556858994117
0.205475693904133
0.2050786316998988
0.2036875442858124
0.20269631476179
0.2021189346718224
0.2009248096503023
0.1984773074314335
0.1977924720881264
0.1961406117395016
0.1952813177994094
0.1941318396782993
0.1930684811034814
0.1927951123232989
0.1924718133048826
0.1917216371263493
0.1907031660858186
0.1899539662151284
0.1897485223841802
0.1895862045377178
0.1894864227692668
0.1893485557515781
0.1892990413602261
0.1891408137416956
0.188577844773074
0.1879597985496766
0.1873747783886324
0.1869487005130255
0.1867169555455681
0.1854120685807044
0.1822642730269181
0.1782383111983098
0.1770767600626606
0.1763300262968638
0.1746224697696214
0.1742274875958054
0.1736739519772276
0.1732319419593723
0.1728040813622626
0.1725176506181772
0.1723208865440019
0.172051722653828
0.1718552698771051
0.1716853009501003
0.1716014661101858
0.1715476984421296
0.1714235608270597
0.1712748577301263
0.1709496480768672
0.1706605144686583
0.170230500033334
0.1695986574557708
0.1691053159792041
0.168703103277534
0.1680723725896849
0.167231974206069
0.1668915412611536
0.1666996350775147
0.1665529824066091
0.1663811077078337
0.1662381482443827
0.1661344282292816
0.1659965369780056
0.1659373439104819
0.1659130207831651
0.1658110448775069
0.1657729116839398
0.1657273108780106
0.1655683465425803
0.1652000814753048
0.1643481557135432
0.1618872421207403
0.1605782601392856
0.1597123198789186
0.1592859747016054
0.1579663323177467
0.1572857315610855
0.1566868007653536
0.1543150592873855
0.1528041281058559
0.1521955572246113
0.1513148617720826
0.1510297931035793
0.1508877749768297
0.1502987507521419
0.1501156304946707
0.1499338368636715
0.1496757072655913
0.1495638527975734
0.1494997632718906
0.1493635829047263
0.1490607139954254
0.1486062386881289
0.1484542633190722
0.1483352206546503
0.1482217611712716
0.1480275541654799
0.1478982509730828
0.1478131671316574
0.147762525079446
0.147712297423323
0.147650719235357
0.1474699329966646
0.1472614677527066
0.1470516735405195
0.1468518183105464
0.1463694813527713
0.1457241897772515
0.1450646313714994
0.1448684053560977
0.1447584826528046
0.1446559579151588
0.1445662115356599
0.1445104350903467
0.1444364405532768
0.1442572065708557
0.1441502524848789
0.1440824706544629
0.1439843046827821
0.1438261773449477
0.1437649373046324
0.1436784562979033
0.143644517804221
0.1436000519134652
0.143549319759503
0.1435035903251854
0.1434237405110404
0.1433137320416834
0.143192323179826
0.1430802375382231
0.1430433397278826
0.142995704568514
0.1429627220636382
0.1428705026668159
0.1425567546143196
0.1421738872058943
0.1420707110375678
0.1420041087458631
0.1418041594774034
0.1415546690893009
0.1409955049085448
0.1402819879326842
0.1400057948520713
0.1399728734411866
0.1395628149115015
0.1394729441154779
0.1394404872860701
0.1393410017930374
0.1392701497067312
0.1391751074337735
0.1390741305100812
0.1389990828666784
0.1388704081851479
0.1387612956702887
0.1387332536241945
0.1386956179106194
0.1386577285062082
0.1385466253319224
0.1383479497665085
0.1380630283521781
0.1378183098007679
0.1376482830394353
0.1375447370081042
0.1374290172374252
0.1373459805490052
0.1373045982937468
0.137217117980088
0.1371380438638697
0.1370815647203034
0.1369046833750914
0.1366456744400926
0.1364313422451195
0.136329221678147
0.1362660459557949
0.1360443868975408
0.1358071699899026
0.1357307968796981
0.1355564963046701
0.1353244644892889
0.1350987188717672
0.1350184514729519
0.1349756209269592
0.1349249372659723
0.1347657070106153
0.1346600437393861
0.1346451533653669
0.1345849139991574
0.134552685644337
0.1345410927541107
0.1345142777005024
0.1344794955843099
0.1344503554329267
0.1343361747709671
0.1341647149466431
0.1339780965129893
0.1333876328460844
0.1322284028701486
0.1307589157988853
0.1294416725978167
0.1286870277002006
0.1282571671911843
0.1275695398093218
0.1251312392238972
0.1237760397532894
0.1235112527330864
0.1231319736637087
0.1229788694386083
0.1229677933678599
0.1228237903377217
0.122769290213089
0.1227199829445913
0.1226040687732481
0.1224634812284567
0.122429321191255
0.1223890253616992
0.1223388132414664
0.1222962772616002
0.1222092323199169
0.1220160878272813
0.1217367314227275
0.1215607936414062
0.1214599341410327
0.1213069641817185
