3.950411092621776
2.759387716850171
2.423624154554587
2.053129990006282
1.906817435413398
1.713386548119903
1.499208290935933
1.36041636446149
1.322717665246462
1.173319702400556
1.109530418869951
1.077684196509087
1.037537555050685
0.8974877511359958
0.8527052583861428
0.8281801263049646
0.735137260866192
0.687443700469306
0.6620692788732279
0.6421892946937827
0.5806479266754615
0.5590142883975789
0.5471520587639754
0.5186251660361539
0.5023177304747718
0.4835990886667538
0.4700799665371598
0.4568630652053196
0.4345140695716745
0.4257860748976162
0.4208192884713894
0.414947716421171
0.411325897528205
0.4091117716519176
0.4040264060317865
0.3983577120315596
0.392700222556687
0.3863857179207687
0.3823948626331083
0.3792899849746179
0.3682413711377154
0.357547939166072
0.3498332393384495
0.3452261430196185
0.3361062603836764
0.3304199837301222
0.3238464179560564
0.3119158231994179
0.3086252816545085
0.3013101321351229
0.2863909314757985
0.2733136372162623
0.2569823838549556
0.2522453003407924
0.2483069789248952
0.2462898475276314
0.2446381169243862
0.2436692282820302
0.2422324933397798
0.2416659336726358
0.2412900488486023
0.2397913820884732
0.2391181032512507
0.2385025205888959
0.2319061911181372
0.2258609502346978
0.2206234486885035
0.2183474114300852
0.2154041467203661
0.2141990107265139
0.2124662706420453
0.2116053969444638
0.2107849302683852
0.2080368964484162
0.2064039745263551
0.2046298331373569
0.2038155349551981
0.2028738727072968
0.2007751536429848
0.1987449977164326
0.1961541058767529
0.194846373406284
0.1936795851522904
0.1923120055061859
0.190520942366764
0.189662585772099
0.1889690002761638
0.1879658288707963
0.1866930106970984
0.1862347822274106
0.1859153728814913
0.1856649250474149
0.1848641667149015
0.1840410254755912
0.1835528316961075
0.1829644092081897
0.1801246763036352
0.1788506630038966
0.1784052968885252
0.1778451798740489
0.1773952727766948
0.1768784516906581
0.175843598327357
0.1744444903857979
0.1730649496760057
0.1725395850488501
0.1721892058240751
0.1715305777311802
0.1707447037009817
0.1701890720570563
0.1699201313861164
0.1696013626104518
0.1692567067815836
0.1681191166341665
0.1661015146586725
0.1640524252757085
0.1610876632344254
0.1590237603825757
0.1579938296228929
0.1577370809373888
0.1575504812473864
0.1574174120257066
0.1570830391332916
0.156537421761342
0.1562003744863512
0.1560609196363542
0.1555499635674225
0.1551189620025014
0.1548396659208402
0.1545846477760424
0.1541660816655789
0.1538573400081404
0.1534868112384484
0.1533705427967467
0.1529982581645651
0.15165333393047
0.1490857073049248
0.1461422803724343
0.1435662276624798
0.1405140059039618
0.1395783885975716
0.1389415493213879
0.138271996475834
0.1373716976566892
0.1368528997903394
0.1366378011233313
0.1363397065865797
0.1360715406804164
0.1358809361937614
0.1356670727768315
0.1351942941144199
0.134615683006277
0.1343588592775833
0.1343135565253273
0.1337599262842553
0.1336273056857504
0.1334901154271881
0.1332211548075722
0.1328241478435129
0.1326616383432308
0.1324674865400083
0.1322657739547767
0.1320341683495733
0.1319040604568135
0.1317758713505316
0.1303174187755778
0.1271532389717244
0.1231291777872754
0.1191352638229741
0.1172139737869336
0.1145653784511865
0.112128175093601
0.1116149849719854
0.11128183370203
0.1109773214228893
0.1105659331703083
0.110376143090722
0.110331067482791
0.1100268750237728
0.1099075174561765
0.1097347317898184
0.109668293027102
0.1094544542031468
0.1090609297873411
0.1085735402956286
0.1080352351669398
0.1078938181344368
0.1074357749092191
0.1072569158608559
0.1071079218246275
0.1069039497646697
0.1066568772946196
0.1065060086674591
0.1063867954436916
0.1062314771154683
0.1061067820809315
0.106048173063898
0.1058872848183519
0.105464935754614
0.1039166862512334
0.1025032623413478
0.1007600219907352
0.09938787156762915
0.09770891052147697
0.09653184896692511
0.09575676221763474
0.09471622653205898
0.09419995655201034
0.09408830780850509
0.09380859021298769
0.09355099963904001
0.09327373899533466
0.09250449746843346
0.09208723229339891
0.09152025627471812
0.0910078803419012
0.09075998633336464
0.09069403417978016
0.09040156500354297
0.09021748468980809
0.09014120932178787
0.08996706359517501
0.08975745242073295
0.08952865553316634
0.0894329746771991
0.08930082359150478
0.08922399277580674
0.08913826225840656
0.08889321504155383
0.08868629699969403
0.08835817381676306
0.08801933032076271
0.08783319648585505
0.08761858547242223
0.08751258238983947
0.08740604569091513
0.08728155166411769
0.08718920734667801
0.0871056280948788
0.08687583382831776
0.08656036134321335
0.08651087186125576
0.08644494929653096
0.0863846037031232
0.08626775617057598
0.08612028469409207
0.08605809124834192
0.08596953483651115
0.08591922717663208
0.08584595091805185
0.08569712806813154
0.08556179576205573
0.08527507509981558
0.0844561405724277
0.08357395102794066
0.08179224828866218
0.07942958313579478
0.0785288854968296
0.0777279592238963
0.07733152405039423
0.07702427074889097
0.07685825867452278
0.07663505606516852
0.07658832326041341
0.07653485933777575
0.07646558480805038
0.07632712327115601
0.0761621747755911
0.07597418155094898
0.07589254090206829
0.07584041265502588
0.07573338244166811
0.07559696954382748
0.07548850673655355
0.07535822957102215
0.07527771600687826
0.07521400028393598
0.0748991680202525
0.07473927489763027
0.07466912768803254
0.07419844758045362
0.07408415043251612
0.07400122080030601
0.07393193974257803
0.07368226517744197
0.07342504344997633
0.07332406923162535
0.07300086017368054
0.07266845689443563
0.07240744350479104
0.07198813715506756
0.07126354939754555
0.07037443685500856
0.06883146994831797
0.0677798792259612
0.06639135715797327
0.06555445095405217
0.06511699547281213
0.06370324908869869
0.06330851361466396
0.06293804790632042
0.06272389645153056
0.06226585259885893
0.06202362769683248
0.06169942105793711
0.0614957161279568
0.06137781491118283
0.06122014138216165
0.0611645791734088
0.06113325812654748
0.06109363692539801
0.06101430183311124
0.06092273241837105
0.06080508764959256
0.06073411213763905
0.06069762497925168
0.06065220460115289
0.06060747019778225
0.0605857442178302
0.06057632266169733
0.06050185719751788
0.06040418985759841
0.06035606255694581
0.06032196307030217
0.06019160050320023
0.05964925921849002
0.05948328648482063
0.05929537260229202
0.05907391680889794
0.0589656150004577
0.05894871316480486
0.05887759106362225
0.05884772999604269
0.05883303578877584
0.05870438307571328
0.05832680844384769
0.05797351650849027
0.05756218138792226
0.05732585897594787
0.05655686248887806
0.0557195302490727
0.0553169434981604
0.05516113463751384
0.05415839505828353
0.05374617910637567
0.0534701362834403
0.05315975404136393
0.05289567470134027
0.05270884253058416
0.05238813891757657
0.05210974777370843
0.05193173208323063
0.05183744078991337
0.05159904112879675
0.05151100261198972
0.0514642075866528
0.05139699688237437
0.05134612987243189
0.05128096118321459
0.05117851324409195
0.05105362811424655
0.05072023926453405
0.05058705075932639
0.05039471318960669
0.05035753776844568
0.05031915364556758
0.05022229089707005
0.05015148168017297
0.05010753910218573
0.05004285934868733
0.05000632364376679
0.0499731931465244
0.0499081689814312
0.04986646747060357
0.04985201468460419
0.04980968499505781
0.04975030216882408
0.04970484290845758
0.04960633062370971
0.04948118438823262
0.0493805489850348
0.04933684997834341
0.04919392309462006
0.04904614214139004
0.04870750412606179
0.04830485874510753
0.04780394235838543
0.04764857315835994
0.04751553139663572
0.04742752430860595
0.04733990360066379
0.04728253772845952
0.0472517877207827
0.04715655100783313
0.04710164745457889
0.04706829372804982
0.04703704150160493
0.0469267730562219
0.04686640002684989
0.04681538312199133
0.04677578909784239
