2.314822443399396
2.243261808753725
2.188707235818806
2.155162123334867
2.11138430064715
2.063098752992008
2.041775761683349
1.986989333279497
1.934195065148781
1.88117339217438
1.834065136120875
1.726779353384861
1.686569127469961
1.614133088772874
1.56994499753072
1.557195032318376
1.51721698165995
1.490658095268408
1.466214370435349
1.43960457843512
1.403923174083249
1.36820145569769
1.350002767915898
1.346857443887765
1.317364104771305
1.292134218185976
1.27367688366734
1.199871314256611
1.087501924358613
1.06850875490766
1.053492756746839
1.04314045505143
1.028057186855346
0.9876276282797813
0.9662785422189027
0.9598108538453716
0.9290905834463214
0.9125221128226556
0.9118791791712599
0.9039238023686806
0.8970478551684717
0.8892627975212151
0.8751409989545642
0.8564155976342858
0.8447796545395945
0.8373059605979084
0.818579150934195
0.7986959787756354
0.7866773038590402
0.7790375842791316
0.7591194394535362
0.751717336818626
0.7431442721096587
0.7343566871789657
0.7255650922818485
0.7209883175699193
0.7115053243313946
0.697359576674884
0.6895746045027605
0.6853389637780205
0.679455398341945
0.6774676329062563
0.675095992906134
0.6686062104831318
0.6560734007628347
0.6438695451870015
0.63029939148797
0.6170944554929736
0.600625534684216
0.5851943664762177
0.5801607297687902
0.5737206557287652
0.5712411119408095
0.5705491227823258
0.5644371833133082
0.5613379529473408
0.5530573917473491
0.5450869813702868
0.5399719204311664
0.5374257096010664
0.5337523297756019
0.5300709154631138
0.5270076625412085
0.5168884969143749
0.5137055295164454
0.5115668740008705
0.5096344242951713
0.5071064169249315
0.5048633620463682
0.5003673976753097
0.4977267476108481
0.4960984320303488
0.4938229089019626
0.4921530290234834
0.4899121169720538
0.4880162013681838
0.4859824091577526
0.482109591663505
0.4735472719819933
0.4627732169660838
0.4565969867304799
0.4541212365159261
0.4506880482139369
0.4491935840229832
0.4474640585061287
0.4444210106503253
0.4424632392408664
0.4410868636524251
0.4404972695752641
0.4397507845546954
0.4389270338258724
0.4374209507125622
0.4352565453937607
0.4342224369333749
0.4340323843559106
0.4332955619748001
0.4329307897872495
0.4299994788550206
0.4236062196899469
0.4151539289295518
0.4129880449455436
0.4106218654536304
0.4089206106119625
0.4076538019263264
0.4062854419766353
0.4057082952247503
0.4052615466671944
0.404864426587336
0.397959447585224
0.3921738887839534
0.3851537532611666
0.3822522736400601
0.3789264673367772
0.372725415249897
0.3662646946969554
0.361922862367935
0.3598509448353113
0.3570035120296637
0.3560301161411769
0.355583904260217
0.3544747486115284
0.3540306276584919
0.3536574865128023
0.3530827213138776
0.3528928689639291
0.3526194991468675
0.3521827681613256
0.3516345368147961
0.3510935236956921
0.3507334203687494
0.3504552851502981
0.3493059987483585
0.3487795876891647
0.3484272780390253
0.3479597889968289
0.3474657511072351
0.3471475357228881
0.346393699937351
0.3442831282814718
0.33841307399243
0.3253896872190374
0.3136116625838774
0.3103865860697332
0.3086128763533119
0.3077634846670034
0.3046976744188318
0.303532794518679
0.3025145755998499
0.3001080457198543
0.298680846934413
0.2981244300587738
0.2967873619676287
0.296494403772196
0.296237207742061
0.2955539324485025
0.2948488525776978
0.2944900673888252
0.2942878826121159
0.2938904408678085
0.2925602306268016
0.2922551914534469
0.2920271529062509
0.291724138338649
0.2913342521037696
0.2910812476206494
0.2909360243228015
0.290734234419938
0.2906092962762225
0.2905440585035901
0.2904580674302981
0.2903855714436894
0.29015991458609
0.2893709854475531
0.288501991381066
0.2880154258419287
0.287931012625724
0.2871446098994736
0.2862225150099971
0.285686174695589
0.2854545606283784
0.2848660939078363
0.2846465671874736
0.2845568281297227
0.2844749444426743
0.2841340598418681
0.2837854202590968
0.2834913852881836
0.2831517933078105
0.2827746781405872
0.2820209748209494
0.2816988165742548
0.2809281347898646
0.2803152091043974
0.2799214251088774
0.2794400833602578
0.2791947808730542
0.2791751187095483
0.2790099575284432
0.2789073028624083
0.2788032118844482
0.2785534198994698
0.277999008481026
0.2776256124486224
0.2775661538633758
0.2773581254492825
0.2772515649341939
0.2770016714347662
0.2766566770900727
0.2765936681758816
0.2765581070544321
0.2764661713766958
0.2762064180415053
0.2758676280612321
0.2757780700384425
0.2756936515200305
0.275567436926144
0.2755243387318737
0.2754945374210295
0.2754376821115925
0.2753393150939343
0.2752323548630404
0.27512134469543
0.2750124734238232
0.2747243349153919
0.2743476095182752
0.2739292844611406
0.2737966933448502
0.2737372050566697
0.2736712549205337
0.2735438471458363
0.2733801745912631
0.2730563654524221
0.2725519375097146
0.2721152211267525
0.2720237468173898
0.2719667457809327
0.2718785075241104
0.2716861027542578
0.2715333820755821
0.2714151745030545
0.2712720018542666
0.2711189159708469
0.2710270046044947
0.2709719754881671
0.2707682856012738
0.270659953082368
0.2705881835934393
0.2704788051431724
0.2703245082289588
0.2702109883313157
0.2701497360044618
0.2701436729413588
0.2700866102906079
0.2700155434177781
0.2699616504723089
0.2698864228493511
0.2697120282705411
0.2694931337106256
0.269082866096907
0.2686680082238687
0.2674330023095622
0.265713031705626
0.2644616969789391
0.2641929632703097
0.2639406261029895
0.263618186906398
0.2632559394360723
0.2631801567935129
0.2630974581580575
0.2630128626193742
0.2628155655571187
0.2623855027617277
0.2614397019096069
0.2584607948504418
0.2553886951892672
0.2518114928034415
0.2496922324227285
0.2493477986313246
0.247408938530097
0.2462592213204776
0.2456377226331486
0.2452498778855675
0.2439357236995121
0.2434473604538646
0.2431464808011678
0.2429796510327648
0.2428561622127426
0.242412668034095
0.2422064022311939
0.2420483991764945
0.2419439738954339
0.2416348773652786
0.2413387190306592
0.2412169913770619
0.2411414880846502
0.2411017205644983
0.2409507261740969
0.2408489476271055
0.2408009826092096
0.240742397962332
0.2406117022108723
0.2405782156062663
0.2396661013747229
0.2386710695517209
0.2383899918887519
0.2382097494209766
0.2380853377646975
0.2379511927154842
0.2374134962005272
0.2368955344534451
0.2365830683992212
0.2363652208701036
0.2359197180140852
0.2356340272967088
0.2355325155191516
0.2353114693277731
0.2351790863280211
0.2350378336841103
0.2348564931882617
0.2347141663961985
0.2346325884629092
0.2344314338971474
0.2341584431456908
0.2338718861640703
0.2337516808725763
0.2336739149672661
0.2335693636264722
0.2334636807167175
0.2334229129531254
0.2333711477368337
0.2333380055078961
0.233281609427237
0.2332317918870564
0.2332095979980326
0.2331402115197313
0.232907471001688
0.2321346460354168
0.2315525712782872
0.2312029642339183
0.2304437398250672
0.2296893943786543
0.2294658375118287
0.2289329123390541
0.2282565205078638
0.2280751354392869
0.2278717704925439
0.2277847402141489
0.2276865901595982
0.2275871116941958
0.227466568847558
0.227362071348992
0.2271009418912598
0.2269557975115379
0.2268669359755787
0.2267532945181752
0.2266490714423973
0.2265478261588378
0.2263607323653582
0.2262680372071302
0.2262154442052408
0.2261588779870854
0.2261091259321266
0.2259266203823652
0.2258594903614712
0.2257836046157489
0.2256863231905191
0.2256060184651654
0.2255277723374929
0.2254486434051095
0.2253647573764185
0.2251380215970572
0.2249375150907856
0.2245297168371916
0.2235686292555687
0.2225801943806643
0.2217032019370205
0.2203161908633812
0.2194529168840056
0.2190478255482944
0.2185858752177265
0.218362872654579
