2.30213901258638
2.251450893374341
2.165307230964943
2.024004800553866
1.931682689778382
1.922627765091755
1.8285103744342
1.731943101718493
1.618691715522153
1.540767621438934
1.527159428215958
1.470447931276023
1.434186442274573
1.395647668085634
1.344361184944138
1.326120593777333
1.299913947775626
1.29017722771966
1.254501330070796
1.187650690862258
1.144320615106706
1.117644165877219
1.103252084504508
1.096653806971372
1.067164272156263
1.05219629025767
1.046010943031665
1.023849814212889
0.9825913429698359
0.9611978840288196
0.9360861768131026
0.9103580264226961
0.8905919060405386
0.8616947758790885
0.8341052749101214
0.8224189390270249
0.8185631257241186
0.8101751752058882
0.7850426244189246
0.7564908376960077
0.746233681703416
0.7340386120023979
0.7211470041442738
0.7077427373917429
0.6988455118263671
0.6924388006533341
0.6770906049518141
0.6664228607320435
0.6594590480367561
0.6504250137094312
0.6463721862457991
0.642141766913949
0.6330735213226996
0.62363515202244
0.6180081318055706
0.6116361480695662
0.6056648622390836
0.585855500773338
0.5611525218811092
0.5559574841202172
0.5521283530245281
0.5477363635016463
0.5435912440756052
0.5414007876364263
0.5392951757770831
0.5377713506841879
0.5354660950733836
0.5324559709565321
0.5314557339245347
0.5304673439381664
0.5259990785369915
0.5226465212306216
0.5189238338006432
0.5084821710038688
0.4973843292295971
0.4845225175741313
0.4801245565247535
0.4775506712482095
0.4737001528071804
0.4706793277560193
0.4698955110676161
0.4690365492856658
0.4669481397390641
0.4643140876348921
0.4594877199613506
0.455235879528588
0.4487335771424718
0.4436200986282391
0.441001631299563
0.4400277569667003
0.4386181772187491
0.4380325768643691
0.437379903146943
0.436548895322622
0.4345908329881391
0.4303452568648148
0.4201329235058846
0.4073941296450151
0.393998157869972
0.3886174827751553
0.3884352365694776
0.3846326347589037
0.3829148859918536
0.3815074856039187
0.379762452964172
0.377978551106584
0.3762527590075079
0.3757404964181915
0.3750025683820323
0.3739607962680574
0.3726735895210835
0.3715708376840994
0.3707859642276808
0.3696691605333995
0.3682810031291912
0.3677430507392784
0.3674076484374807
0.3672755405301527
0.3669510621331999
0.3665088955360071
0.3662649876289772
0.365950395955361
0.3647721407566386
0.3642088926344259
0.3640965561518268
0.362726213317568
0.362449937436245
0.3623059589728093
0.3605556251811582
0.3587339344557156
0.3559346902437067
0.3539459075475224
0.3471153797745521
0.3328569788134117
0.3217052089237546
0.3098822872794818
0.3012303184763246
0.297248123053414
0.2951231554245959
0.2935076806714161
0.2927315280828584
0.290917287946457
0.2898816956747431
0.2892836730609484
0.288399187545672
0.287778454848174
0.2870375327414816
0.2856939083046883
0.2845054561726404
0.2824510011424786
0.2817691382048783
0.2812694540978073
0.2810555079345637
0.2808293869185705
0.2805802910519458
0.2802778589201615
0.2800146036612749
0.2791448804927028
0.2782819680770997
0.2774067101374746
0.2765663095092179
0.2741458050261099
0.2717975577434546
0.2695510361638427
0.267432906382272
0.2657872580748021
0.2649761253250253
0.2638366784232989
0.262812245683243
0.2620388495015759
0.2612475429059877
0.2603090556843698
0.2591735900312854
0.2586474738187671
0.2582456297335398
0.2579316171076483
0.2571033596596464
0.2559183074560828
0.25547629486142
0.2553408876489727
0.255036200407155
0.2546989756699754
0.2536873761068628
0.2518802683330591
0.2506535356389739
0.2500198912318617
0.2492674538907638
0.2486458129268446
0.2478665689473949
0.2471655118691019
0.2467854371076225
0.2467019725588155
0.2463353956305851
0.2460439872576796
0.2459633304464085
0.2457082192857341
0.2453910359896389
0.2448632778444061
0.2444145988247534
0.2439602650344548
0.2432721653924832
0.2429299741509354
0.2427823382621343
0.242620259300714
0.2425008730589124
0.2422974331015163
0.2420850755831423
0.2420083127257322
0.2419769335575808
0.2418780803212587
0.2418315944711801
0.2416240709317713
0.2411826818569296
0.2405590334674906
0.2399901074384495
0.2397965961850841
0.2397416362830544
0.2395200376528744
0.2392814137054122
0.2391091421864296
0.238744348522293
0.2379722817332485
0.2371325149852636
0.2344207079266101
0.2337575034560385
0.232814122944781
0.2313901421344827
0.2300426321610936
0.2281038496492958
0.2272380359981695
0.226860892894971
0.2266227085471232
0.2265292001477368
0.2263223629906145
0.2260673911978426
0.2257836352976537
0.2257161514790806
0.2255667685445646
0.2254520437290974
0.2252527547527921
0.224850743933573
0.2245663795658624
0.2241676631320945
0.2237838631545585
0.223214116030212
0.2231422614543826
0.2230642238517886
0.2229776601104794
0.2228178862694123
0.2226523926385013
0.2220869806619258
0.2217295673220575
0.2213941656482674
0.22094196459818
0.2205203492513026
0.2202412710668419
0.2199876223338893
0.2195346033814488
0.2192188250886687
0.2190920538237263
0.2190325267264001
0.2189537052082517
0.2187356540683169
0.2183276358994165
0.2181906794056826
0.2180107778340301
0.2178441010657579
0.2176911902131324
0.2175406303786534
0.2174169450795302
0.2172689340191849
0.2171976939502768
0.2171361230854189
0.2169241875206718
0.2168681712720341
0.2168038146904004
0.2166550624885508
0.2165599254531403
0.2163596322489934
0.2161445363724701
0.2159142844596239
0.2157518078038325
0.2155888176006102
0.2155236036088075
0.2154398987319434
0.2153976642968735
0.2153364924326565
0.2152015603703684
0.2150119770483326
0.2145345574898291
0.2140503725449798
0.211230204170302
0.2077622619011423
0.2047606590817709
0.2035725387823445
0.2024367557414058
0.2020301947604791
0.2014936758142726
0.2012344633205883
0.2009745256153413
0.2008424412287303
0.2007696634750075
0.2004787788445078
0.2004082533182324
0.2003692835307984
0.2002365477304926
0.2001418466345561
0.1998159729890292
0.1992956415322656
0.1992277568037268
0.1991835691532027
0.1990431726562738
0.1987596186706864
0.1985116981357614
0.1983370280485781
0.1980775925717829
0.1979990577353676
0.1977440732203964
0.1976515497255673
0.1975929418359801
0.1975103441443426
0.1974432343701415
0.197307480660829
0.1971380716290325
0.1969893677953897
0.1968082420430224
0.1966104188989324
0.1964986446776082
0.1964409351854129
0.1962470881691555
0.1961337097257114
0.1960578269894633
0.1959244692844122
0.1957561134706615
0.1956462184019158
0.1956281454243066
0.1955576486086735
0.1954349538354068
0.1951216802000587
0.1947640977928269
0.1943767636013134
0.1942039447424069
0.1941541575172045
0.193774608332769
0.1936625935585111
0.1936175379822819
0.1935539254786559
0.1935138933210027
0.1934523012359164
0.1933929835132626
0.1933576572665064
0.1933334297135329
0.1932393892644473
0.193192453602044
0.1930701439513481
0.1928983259829466
0.192627634184912
0.1924683266181058
0.1922925100485032
0.1918933701380719
0.1915417966979788
0.1904594276730943
0.1880343837597655
0.1868138061860604
0.1855976929566993
0.183935827676631
0.1832161543675893
0.1832024200996981
0.1827561538756257
0.1826464785470322
0.1826058624836118
0.1825544285435885
0.182496340773927
0.1823861802085378
0.1823215361737662
0.1821457188120917
0.1819704047051829
0.1818585416055171
0.1818085538022772
0.1816994964533043
0.1816110899144069
0.1813696133607232
0.181232238472831
0.1811035102863865
0.1808056502794299
0.1804946867235936
0.1803283722066468
0.1802999206142305
0.1801042590447066
0.1799805365212951
0.1799646177617059
0.1798770486246821
0.1798547953233804
0.1798054421013439
0.1797410221641999
0.1795651030625
0.1793724484482555
0.1789262933793226
0.1784281727580078
0.1769783261664303
0.1762352822397348
