2.317851703502421
2.297417958151883
2.279245012061385
2.247135543656744
2.228032561879628
2.18531547663076
2.092861384129589
2.029707313633096
2.003843813073655
1.910079888976689
1.852934253276163
1.786803427219613
1.709873071365041
1.637928824371527
1.56017689009935
1.446729330651792
1.41801896441195
1.366376944581447
1.341286771866086
1.325059845542781
1.311528415634424
1.283658880573839
1.257034636612921
1.248827779837889
1.230034258303313
1.206097057656325
1.184267649188222
1.160657808761786
1.148667602764857
1.145804011291005
1.121609263237471
1.115654358829161
1.107529473801564
1.103026452051066
1.097330875969529
1.081487825935581
1.061909344617696
1.052223231952921
1.05068566567263
1.035790643658723
1.030496318885829
1.02557745868087
1.014443969714998
0.9865423704174671
0.9466456597670969
0.9368597103850127
0.9332645924586166
0.9287181893505152
0.9205362654947803
0.912582377258256
0.9013421102285949
0.8974189434608355
0.8938317958299764
0.8892834950137232
0.884732271997861
0.8828365420712179
0.8755890340130249
0.8716755793176506
0.8696613509560331
0.8630881126769988
0.858931949525633
0.8565466238766921
0.8496042973565868
0.8462752854138661
0.8442419752055255
0.8402940583674688
0.8309544730643981
0.8279027431202151
0.8216221687598345
0.814045011680204
0.8080127674996999
0.8044131591131118
0.7946690669101919
0.7850483392626518
0.7613250164257924
0.7463064726832292
0.7293781203244161
0.7167217590594035
0.7092103754874259
0.6983469491493127
0.6964829882178184
0.6952981092104356
0.6938157580308778
0.691367025193706
0.6880539084856973
0.6864061010861521
0.6859684430242731
0.6844031887610097
0.683947565715435
0.6820045638801639
0.6778928558942563
0.6729818323637442
0.6591076345542084
0.6448111209898323
0.6309169882137816
0.6134541186711597
0.6040244813771928
0.5981854716251773
0.5728944086481533
0.5717814213557951
0.5702294581600533
0.5685818935642436
0.5656098265737004
0.5620848803956344
0.5592079035313515
0.5572150670709444
0.5563254853606393
0.5553247520493774
0.5526032406087658
0.5503058912712938
0.5438990675560248
0.5398509591552623
0.537025517065253
0.5329079819278391
0.5308706255172663
0.5280412692380825
0.5266507751248692
0.5252441792448861
0.523654671130631
0.5224554685260331
0.5205910518503494
0.5196065509762399
0.5191869238300857
0.5179186749827003
0.5165306863230542
0.5148306939408265
0.5135286404974085
0.5117519589396944
0.5101610209243173
0.5089246891182495
0.5074089151747724
0.5029824568009095
0.4990161600947227
0.4937361334067515
0.4888222651271885
0.4866860003027744
0.4846407367142101
0.4786920558089114
0.4625100694371986
0.4534641003049611
0.4425233749375927
0.4264781083568846
0.4209263764296232
0.4177749239959743
0.4164026862066045
0.4143076251566118
0.4123360688122547
0.4111201565078422
0.4096959623398094
0.4083186117966518
0.4062824756194759
0.4057946726952271
0.4050978407192868
0.403775504198555
0.4019598363277943
0.400050119226135
0.3997500387737898
0.3994319871698054
0.3990194492422167
0.3986238455756552
0.3968400866391903
0.3943454573496473
0.3918233041239005
0.3908348543638882
0.3905156786442558
0.390147159617812
0.3897823114100439
0.3893286968433461
0.3890998023478243
0.3889387630369051
0.3877465559081847
0.3865547929438098
0.3850883181099152
0.3838582411489888
0.3825841303443117
0.3809626143258777
0.3793718807630323
0.3786910773845321
0.3782625073882637
0.3776483232086433
0.3772615603183354
0.3768137651495228
0.3765302985727338
0.3761540625548251
0.376035986948737
0.3758593154176932
0.3756932024172548
0.3755436318326796
0.3747592276696551
0.37311483675531
0.3713342017778457
0.3709289990773706
0.3706021952238251
0.3702028582346484
0.3692318956419722
0.3684919634658103
0.367964926410599
0.3670477506082684
0.3658422042772048
0.3654020596202036
0.3649729783543538
0.3643700455403592
0.3638858889897467
0.3632825800831306
0.3631029773432113
0.36299894095167
0.3627110876839188
0.3620691267127314
0.3611749963603625
0.3604037330940071
0.3597082315037579
0.3593920288358878
0.3591573035713704
0.3589425482198653
0.3585694636855712
0.3582788856471826
0.3580901081053997
0.3578095789416265
0.3577139364934906
0.3576322869338854
0.3573538488251232
0.3561804100496527
0.3553463962791972
0.354331419753201
0.3530425291296858
0.3524076555431167
0.3523133711171317
0.3521217405190897
0.3519775658556263
0.3517172827410683
0.3514460676174745
0.3512632509682359
0.3511609138895915
0.3510237653667673
0.3509128946444646
0.3507732595632904
0.3505646949628046
0.3502863272363072
0.3500173830693035
0.349815876865117
0.3497007729959309
0.3494211697927403
0.3489542807881054
0.3486554515183893
0.3483628455347056
0.3479546452744419
0.3478624901948109
0.3477618746876203
0.3476258763161639
0.3475431464684375
0.3474362300922284
0.347063350800653
0.3466557132539754
0.346361578791341
0.346086185420051
0.3448584105384983
0.3436628604276153
0.3432519408676366
0.3430790669056651
0.3428247674638407
0.3426712905858026
0.3425826945220388
0.3424994254513663
0.3424136010347413
0.3422216823120787
0.3417963158887994
0.3404059328745152
0.3367999027925694
0.3316324791929826
0.3300918359981691
0.3296890687839595
0.3295851805388756
0.3294451246009623
0.3293287506122811
0.3291986175105316
0.3289288378545872
0.3282563262859448
0.3276639384873703
0.3270742115785107
0.3267474808303314
0.3259535361884824
0.3249974012133598
0.3229717456514843
0.3217417222025732
0.3193747629292192
0.3173793113869404
0.3166411318763371
0.315771961120723
0.314680333696817
0.3142839041662926
0.31335725440905
0.3129173497968316
0.312626692581416
0.3125113308425743
0.3124372817068889
0.3121923919047807
0.3118703387173263
0.3118139779648747
0.3117465743970667
0.3116663856600259
0.3115910942460494
0.3114488535200953
0.3112946401565199
0.3108645919495371
0.3104440684025405
0.3101183551400786
0.3097220651205063
0.3080480155376666
0.3071440743643963
0.3064132170458635
0.3055568086815304
0.3029476380014366
0.3022621033608488
0.3012795857740794
0.3003856834578515
0.2997507066406883
0.2993091260880694
0.2985310997047472
0.2977436128841675
0.2974966179772595
0.297250697536511
0.2970378345352832
0.2967730316558922
0.2966527751409269
0.2964837776031584
0.2964106242912337
0.2963952622851119
0.2962672567915666
0.2962157884413484
0.296007693678897
0.2958204918018857
0.2956046877709108
0.2954415728353795
0.2952323804537683
0.2948550519484629
0.2946377935653987
0.2940260775701208
0.293778252176726
0.2934614215922848
0.2933333140512548
0.2932316636467088
0.2930731767431845
0.2929188472271083
0.2927756878040411
0.2926092325549635
0.2924778368676554
0.2923136787816044
0.2919730765464578
0.2916205681996872
0.2912465904899412
0.2909657838621763
0.290807132826846
0.2903743067854998
0.2901067838740962
0.2897731176103391
0.2896236220455152
0.2895865930730515
0.2891986065358358
0.2891151987455756
0.2890491760684692
0.2888663220495557
0.2886199460990956
0.2885375555645591
0.2884689327760762
0.2884285553969918
0.288362704724714
0.2882553691239995
0.2881380417559193
0.2880522668688232
0.2879855264360788
0.2879332106684891
0.2877861958482522
0.287592908485941
0.2873849547209069
0.2873366097664857
0.2873023822824335
0.2872623529787809
0.2870542233951004
0.2869467677734534
0.2869082598040039
0.2867439582954417
0.2867108310300686
0.2866750717153743
0.2866330994334735
0.2864147261911815
0.2859524268951786
0.283002668632133
0.2799334002775688
0.271712232305534
0.2622885495699102
0.2575742582737588
0.2565006765005639
0.2557102271780094
0.2551794792452673
0.2546377827060853
0.254474534493526
0.254149610713868
0.2538708636205159
0.2534225566222604
0.2530943263104297
0.2527491688947426
