2.703974797370896
2.30189169558918
1.997361187471099
1.747332661006289
1.641530507109178
1.481988163871956
1.427332957680108
1.280320226455361
1.119505759993322
1.06646683702912
1.0232696932855
0.9571725627541524
0.9044875259951347
0.8822962286478506
0.8087752061755668
0.7420009580751823
0.7075727489014392
0.6747107781579766
0.6461173398636705
0.6168569941809733
0.5953929548473614
0.5814557905901517
0.5457564746891267
0.5151780404284312
0.4953755506296131
0.4843193467099358
0.456093206775236
0.441599449178307
0.4323636639500442
0.4242205048718072
0.4108762125975114
0.4048551087648105
0.4014993821813019
0.4006841816071447
0.3975398942577543
0.3945847733824556
0.3928876535894949
0.3916034089134101
0.3873059974396834
0.3795540299855421
0.3740198717707442
0.3660551396847039
0.3482303322896515
0.3412010332079747
0.3391726203512787
0.3339657113214855
0.3278593265750288
0.3206913410528658
0.3190284110835881
0.3168062435811002
0.3147811956249063
0.312720909815122
0.3102539169363164
0.3090439144895058
0.308472977508065
0.3062215022158863
0.3054630405003392
0.3047167550855827
0.3023818154617375
0.2972491961283636
0.282109878930515
0.2655589159039695
0.2564733887907757
0.2550226992956288
0.2485676705660956
0.2437174682614554
0.2410060429616118
0.2382890172197938
0.2358112545723281
0.2346403955883997
0.2341198122292813
0.232049900339244
0.2306031149741278
0.2295675753129065
0.2284062198224517
0.2277416403216226
0.2274579489514119
0.2261627192139899
0.2257874093490199
0.2256169440371204
0.2248934361244105
0.2241973154366493
0.2230943985350593
0.2218721423412968
0.2187701269965018
0.2168699633069608
0.2129339827032718
0.2091864996943583
0.2032491450776747
0.2016651386461658
0.2008700358509428
0.1989491925154563
0.1977951139703505
0.1972448099839774
0.196741923505198
0.1959984629131389
0.1956853816042725
0.1954419479077597
0.1950199580389405
0.1946062716898807
0.1943979492031063
0.1942751613955773
0.1940273207233682
0.1937971784057163
0.1934334147412792
0.1931688968953031
0.1928683537640198
0.1923351522671069
0.1915361684363905
0.1900774115861877
0.1893305116390901
0.1872208633734141
0.1852104501815007
0.1802757915298437
0.1771060796301993
0.1738769001555689
0.1672462040756199
0.1646542271179338
0.1637122628394152
0.1630287101401438
0.1624406888528463
0.160617752712316
0.159714828125772
0.1589426873515138
0.1576995275517173
0.156995952681885
0.1568289252752231
0.1564216179519923
0.1562883196567774
0.1557467246526795
0.1554880468547531
0.1554202460804929
0.1547691740631274
0.1546205979025994
0.1543182075993998
0.1539694497748621
0.1529535775254949
0.1522088560317294
0.1513622147872353
0.1491278639961868
0.1479804960970266
0.1476512037714739
0.1462739871029294
0.1456807116125576
0.1454806540654486
0.1451800404272246
0.1449608103090402
0.1447265278486246
0.1441002788108717
0.1434536985822359
0.1431863907935969
0.142918732634896
0.1421255322293354
0.1417555663477427
0.1415265921745557
0.1406451982837739
0.1392108716204915
0.1378439664555004
0.136973808854214
0.1363797569795056
0.1352448880872348
0.1340489585840775
0.1336537898610979
0.1334656060257996
0.1327171069682594
0.1324345512774499
0.1324099396334468
0.1318597325009404
0.1317171168341371
0.1315152491113839
0.1313169780978921
0.1311378660372335
0.1305055710385859
0.1299891564662889
0.1294510096713619
0.1288957243552167
0.1283714361343532
0.1281339500145529
0.128113037825853
0.1275547584283508
0.1273874044151064
0.1272758705799382
0.1270913451443427
0.1265255463855915
0.1263316478186463
0.1261053277873126
0.1256200167317559
0.1250566748548557
0.1242905653022942
0.124142460366127
0.1240184775047107
0.1239270667171422
0.1237909097577424
0.1237435332447372
0.1237232236221315
0.1236344914527991
0.1235768847945132
0.1235005004312278
0.1232843127149299
0.1224726927858465
0.122158454319892
0.1221499064620126
0.1217929643104642
0.121686779598212
0.1216457941295698
0.121315555177385
0.1210972455367129
0.1209688177843041
0.1207956800750288
0.1207183568034678
0.1206386729803619
0.1204636107174207
0.1203683400258991
0.1202881766149038
0.1201480296061166
0.1200478627952069
0.1199223108988343
0.119787645126466
0.1196641663142915
0.1194385371736775
0.1193325432032545
0.1190257697890495
0.1187881400928386
0.1186680305359021
0.1184173870914314
0.1182055051165222
0.1179629342209257
0.1176277472372032
0.1174512436112023
0.1174128426456257
0.1172813874814879
0.1172085614643012
0.1171368712664286
0.1170416447876905
0.1167754213743789
0.1166536942865133
0.1166362784037493
0.1161419461562417
0.115601530517883
0.1153609678249473
0.1151033831432186
0.1143252513961815
0.113883866795935
0.1132667074287727
0.1127822906455609
0.1123528459374208
0.1118369896562975
0.1112555897789958
0.1107713074179663
0.1106300527585495
0.1105494698114753
0.1103493391856225
0.1097832847247396
0.1096658830870954
0.109614470721884
0.1095543493103814
0.109394219027987
0.109264775053021
0.1091567840419406
0.1088028555362716
0.1084713809682731
0.1074723378130429
0.1051469369149372
0.1019017746567199
0.09979029945271295
0.09907114746155679
0.09811135296767773
0.09739694177002969
0.09704024629761485
0.09690745388676919
0.09633369333472565
0.09608219912005836
0.09593293106580657
0.09533326732489029
0.0950792939106551
0.09505587519746404
0.0945772029009668
0.09450686134999359
0.0944216991411817
0.09432415634500385
0.09422524793754915
0.09402381136621138
0.09376726471297352
0.09354854701342365
0.09332617692939013
0.0930962748109477
0.09284840699030499
0.09274865008272899
0.09261883927999268
0.09248533680100142
0.09236201505088908
0.09224888429871897
0.09184897234654264
0.09145723223709382
0.09107332424750303
0.09070528649112661
0.08987636703625737
0.08941190171992158
0.08877992079577056
0.08833787223407735
0.08786356743086637
0.08761848540681452
0.08750876730965328
0.08744480157952084
0.08736843159195565
0.0871177440754705
0.0869593689420171
0.08687022446506602
0.08657089598438013
0.08637239846466416
0.08626399211211735
0.08604213540150803
0.08594213249394531
0.0858874997446463
0.08580947708236877
0.08576823275464573
0.08573661459586047
0.08562857133422684
0.08557200871925304
0.08550394709822293
0.08546506071030524
0.08543096814507195
0.08538008929607031
0.08535337928412672
0.08533609714311745
0.08529581807557607
0.08497881424060137
0.08360361787648346
0.08278964097250825
0.08253177755375855
0.08165414176577626
0.08123146081281406
0.08077405856999108
0.0801742644478856
0.08005648899825839
0.08001117203812512
0.07988644239418728
0.07973529497538989
0.07962096623385372
0.07952501323065993
0.079448818385897
0.0793387307376292
0.07925672159849459
0.07921995604591078
0.07916838841209591
0.07912577390017417
0.07904037369952353
0.07892124117467736
0.07881791513254705
0.07876147004755098
0.07873984807879067
0.07866452172057381
0.07861860594256125
0.07860494122463933
0.07856597439895392
0.07854909256599267
0.07854619329686362
0.07851447198812724
0.07848173222790625
0.07841717619624855
0.07788143820931366
0.07657625360474274
0.07464662010640838
0.0740901477250437
0.07378367071587123
0.07361564050260151
0.07351292085962394
0.07319796164214423
0.07307270756854543
0.07295862727608061
0.07289142247514331
0.07279136993556291
0.07272402277724507
0.07264606524587595
0.07258748141369976
0.0724374137259528
0.07226107249420224
0.07219308283432985
0.07215994254867357
0.07211077842073646
0.07209155333169097
0.07207887385588055
0.07203906484804526
0.07201077826667907
0.07198384403905193
0.07186488200528848
0.07174232093705411
0.0715881441207591
0.07149094769046126
0.07144305513851407
0.07128523490673708
0.07112134240692655
0.07105083375888606
0.07089885521871631
0.07072319630050034
0.07041444260068296
0.07017839990116008
0.06973288089802478
0.06931460725948568
0.06922295711551132
0.06917308829167168
