2.321773221830051
2.276654526283521
2.235046300460817
2.205852259129751
2.173422152771202
2.007062714609936
1.924470323523491
1.869923481127474
1.834837815542284
1.761774487199028
1.702772488462955
1.61932754430844
1.590083440544522
1.559553610183579
1.531115297606041
1.505010739653462
1.453970634860377
1.413056703261775
1.372168559697421
1.316809386997471
1.268669945088979
1.245316985526341
1.212451883255376
1.200102555569667
1.181770001259734
1.14782789699642
1.105678490344715
1.062583144381441
1.042292546200321
1.030518744068451
1.017948075875005
0.9945368891489679
0.9801198869189046
0.9363426505308893
0.9180716141403467
0.9027653033268676
0.8913834786605946
0.8805707980604748
0.8603311253152539
0.8514287994755456
0.8483354660340385
0.8363726705328846
0.8318086350595926
0.8287173292710385
0.8169355579651022
0.8060759949323369
0.7994895381178859
0.7955311666416426
0.778711094081433
0.7724894266216816
0.7701093933401368
0.7633971805085829
0.7532175325251869
0.7465104026262738
0.742168394962688
0.7328202028027131
0.7230171545573036
0.7186802311055858
0.7166226627767367
0.7081045392612587
0.7046806976558613
0.7039045827241153
0.6894699597806903
0.6800537537252296
0.6691961474098863
0.6562420779696546
0.6529144063461868
0.6504176015278346
0.647464365696888
0.6437481482835792
0.639165925058564
0.6374168061762115
0.6368036280756094
0.634270413586582
0.6326985267289557
0.6315414147109371
0.6295953734783474
0.6174275793252055
0.6080488896033232
0.6004997416959301
0.582818898698496
0.564898585839956
0.5590993135906273
0.5564536449223194
0.5537403240847418
0.5507824569573463
0.5491490188167487
0.548453018543775
0.5454277145397378
0.5442527037255863
0.5438558028144359
0.5432781546584021
0.5429912589333139
0.5421302562967687
0.5390040866279099
0.5359236795566212
0.5342131253172411
0.5335194350375588
0.5288495244093405
0.5263216926601259
0.525010539774434
0.5206715823686751
0.5194723861378064
0.5190435540430073
0.5184750751504891
0.5165731226893615
0.5147049632714319
0.5027157731355359
0.4997490059602975
0.4928143851771141
0.489549096111013
0.4878785764261374
0.4837697141103178
0.4810353116272629
0.4791178678626363
0.4767685777506447
0.4756022799111463
0.4752130461887626
0.4743190148162881
0.4737451031531563
0.4731634288191455
0.4711469773592702
0.4704841620891688
0.4697166905635367
0.4688692795108665
0.4663450543043204
0.4651112121460429
0.4633626929517418
0.4615262363579505
0.4607514332727303
0.460325405763265
0.4601447536837205
0.4596201411914249
0.459112340753873
0.4587982731284194
0.4581095642446061
0.4565917021059498
0.4556501348788448
0.4553021201114731
0.4538380724580475
0.4534770889936485
0.4531362456063102
0.4527635665103371
0.4504008334081397
0.4484625459201186
0.4468600055033585
0.4445895951549185
0.4433821660946178
0.4420644127521863
0.4399698623277715
0.4384888467310404
0.4380741488458333
0.4369392458381482
0.4356861244029318
0.4350906872415879
0.4350556491808405
0.4345954459323069
0.4343010878472473
0.4339098894613025
0.4334593297959193
0.4330289794275006
0.4318091812771647
0.4292761090363884
0.4281267922181288
0.4257728361929349
0.4224681535595702
0.4192084409597118
0.4173236496855248
0.4160024551588192
0.4132242606565104
0.4119215175304848
0.4116204471965131
0.4106913775787432
0.4099182323305732
0.4089839517996729
0.408061092640675
0.4050731739115849
0.4010792936172678
0.3982241476105506
0.3969586025339701
0.3959490627333936
0.3946776188252925
0.3928248785255045
0.3925091193727725
0.3923158559799655
0.3921431326050485
0.3915709284222512
0.3911561801165637
0.3906518761973727
0.3893557238261919
0.3878956133862246
0.3871604059714348
0.3868749442905617
0.3846178315501859
0.3837486101241529
0.3827979046553598
0.382319934866963
0.3817174607720018
0.3814729840664373
0.3814311389909075
0.3807921769204619
0.380723000302826
0.3804389501767507
0.3801860781027761
0.3796039099114632
0.3788582984638854
0.3780994343644059
0.3774706564075622
0.3768016773841795
0.3762048215229973
0.3758654045347136
0.3744620048989601
0.3734378787640926
0.3722657640713122
0.3709516567556156
0.3699043103656187
0.3686055196103147
0.3677623087562195
0.3673499784922647
0.3668943872738395
0.3667246031786703
0.3666341138378119
0.3665316062040056
0.3660764454260072
0.3658654412588508
0.3658170371812362
0.3656704592479252
0.3655719801378511
0.3652429450288801
0.3621319177620505
0.3597964309688617
0.3564494493927858
0.350625433618077
0.3454336128715586
0.3374478894090618
0.332547929702431
0.3311792963852169
0.3291182519613935
0.3286031822561357
0.3283400072483186
0.3281289502174948
0.3273587667270761
0.3271863262906109
0.327011194835592
0.3266497566990241
0.3256336209201769
0.325201897617088
0.3249429328135814
0.3243078822490932
0.3237261384753733
0.3234178708264337
0.3225205215032426
0.3215914703483478
0.3206466878664754
0.3196303638980327
0.3186454010399405
0.3158512886816409
0.3138876141741412
0.3132732918346645
0.3125275506087496
0.3118075161267184
0.3110762484964278
0.3102772209304969
0.3099600635473578
0.3095717685590449
0.3092275023051669
0.3089249065475817
0.3085001903317395
0.3082874837593308
0.3081939488168882
0.3080568542217436
0.3079534293763785
0.3078992696865634
0.3073810797845588
0.3063926878370236
0.3056693222077637
0.3052098782430021
0.3047099353796189
0.3041539066726037
0.3035304323447803
0.3031694015119695
0.3030153660009693
0.3027931315279279
0.3026388051208745
0.3025798455938465
0.3023885741614832
0.3021261652471448
0.3020536927077906
0.3019602045781642
0.3018053919109219
0.3014449820999427
0.3012611115717588
0.3010377129668841
0.3000781556322531
0.2997452639241903
0.2994605838085835
0.2992709188082753
0.2992069952200737
0.299133035963548
0.2989796119651059
0.2986301195357406
0.2981375234952199
0.2979270863953585
0.2973781823218826
0.2971545411961968
0.2970668740951035
0.2967726973123919
0.2966332277721356
0.2963142747158563
0.2958621271035392
0.295690587453774
0.295503038507317
0.2953497981684128
0.2952608306870843
0.2951685346673177
0.2950520215968539
0.2947115103310259
0.2944278249462419
0.2940514433269042
0.2937207819704778
0.2930878496684615
0.2927170545913629
0.2925943262272225
0.2924570943052186
0.2923276155726366
0.2922095493046148
0.2920666142613136
0.2917682340529003
0.2913232161927415
0.2910172384572458
0.290832749640612
0.2907153899001307
0.2905781971596794
0.2904377508038329
0.290286577913806
0.2901116278580131
0.2899653692667443
0.2894939555054962
0.2879629030338952
0.2865285334522528
0.2850217758510975
0.2811697491549936
0.2781762987412777
0.2760300714217016
0.2734496809784323
0.2705142133203734
0.2694914287123098
0.2684321547329804
0.2682644792475023
0.2680149333275163
0.2679687413398472
0.2677667643126966
0.2675758782913645
0.2674529419398581
0.2673792074892686
0.2670903915622837
0.2670335730944751
0.2669980717914865
0.2668567763834771
0.2667061682019265
0.2666473836757152
0.2666469698572451
0.2665636731522821
0.2665096699097504
0.2664598367865072
0.266290342105476
0.265797474810322
0.2653543147772247
0.2647390138553953
0.2643704257836364
0.2641206626534784
0.2635962380680336
0.2632557435220974
0.2630302115543446
0.2628019223957844
0.2626682322632102
0.2625964858840049
0.2623732721110023
0.2623253674626204
0.2621462999468323
0.2619729915412436
0.2619040585217485
0.2617422206178818
0.261546009487012
0.2611031803993915
0.2601083686588203
0.2574667574748067
0.2561146858954618
0.254194094327447
0.2522899570518117
0.2507771729965856
0.2499557880403449
0.2498795833194697
0.2493930028177266
0.2488583617893059
0.2483269117832017
0.2480114564907765
0.2478052063515321
0.2472738776727264
0.2468940555094008
0.2465681777140531
