4.209149218585067
2.701976493041578
2.539271627274618
2.216111708491731
2.151991869110311
1.910416398563071
1.784944470593099
1.514035080297684
1.294335618371126
1.214425037753213
1.13000550856343
1.079486660811255
1.019932444229966
0.9385985080258975
0.8939218386768722
0.8878675808905443
0.84060603215318
0.8223686482916238
0.7961429451332539
0.7721825298069758
0.7465690195049035
0.6899581218554413
0.6437523776394308
0.5871135561394263
0.5661665032317656
0.5548275795596604
0.5421190301204418
0.5103593098052616
0.4915375679129597
0.486959884942668
0.4805247400337208
0.4747095643646956
0.4615369537922165
0.4439416610877148
0.4375300653233892
0.4364316101650157
0.4270588039682626
0.4236449085505545
0.4191371599051509
0.4153251121176615
0.4054200476259614
0.3918523706491514
0.3825497551549952
0.3771383671641566
0.3709634738241345
0.3547572446917082
0.3462691370893762
0.3424200374807416
0.3401574407245158
0.3375197687326754
0.3318556287836228
0.3282751779160233
0.3271067597055058
0.3256930730636902
0.3241701091926358
0.3215946535484551
0.3148815669276473
0.3067192239413515
0.2972015040763978
0.2947644134123429
0.292782497359906
0.2921170507365642
0.2914044446750595
0.2904586339449056
0.2894771557613371
0.2869446957552116
0.2806395488388486
0.2732620233969172
0.264850274935935
0.2603120545211858
0.2574119207746208
0.2542110699713308
0.2523754336330397
0.2520970533864823
0.2508353014875282
0.2502963699286025
0.2495493559307023
0.2488841810403501
0.2476217206912595
0.2459587479914944
0.2442753398648922
0.2436007620134213
0.2435312086676337
0.2424594877511805
0.2413951292752166
0.2408574622470829
0.2345978010838811
0.2284850703734821
0.2220839302824698
0.2149614576084022
0.2089453639130297
0.2023900195844625
0.1965627451152696
0.1919964670171475
0.1886767065366787
0.1841082543413557
0.1818914920766195
0.1815631424832518
0.1807796993386817
0.1804627986875886
0.1797373138430038
0.1781211178210945
0.1771354080110426
0.1767755526478511
0.1757515684457092
0.1745569940220103
0.1732400038043374
0.1726072485839042
0.1721642343349051
0.1715026846968028
0.170944049016116
0.1703647366406311
0.1695831232856549
0.1686337181882616
0.1685122894952299
0.1680154144244396
0.1675798875825432
0.1670296308967293
0.1668673679999337
0.1664492316299238
0.1646651825414618
0.162956548600194
0.1618317284347145
0.1609229342528802
0.155043700241158
0.1523781293030255
0.1512148984666396
0.1499515287817763
0.1496222371194746
0.1493249530740033
0.1488676198965416
0.1486227404111028
0.1484704069685928
0.1482458857549335
0.1481318592701489
0.1480325394619609
0.1476917565377679
0.1469859360016112
0.1459868301152704
0.1449716264651563
0.1447504803057698
0.1445290028911289
0.1442700345470185
0.1439487735838181
0.1437512433762526
0.1435252982426918
0.142863332698367
0.1413221914067537
0.1394661240398823
0.1372321480117549
0.1365298712207625
0.1362554413967524
0.1359564098076943
0.1355601353013326
0.1354285920075099
0.1352735626747441
0.1348684745140078
0.1343816909435809
0.1338141801049574
0.1334359463035286
0.1330553436003379
0.1324937822310732
0.1323316866765671
0.1321811908935308
0.1320031721248185
0.131867692673613
0.1315439085971767
0.1306479810049741
0.1294281456153827
0.1289296728860152
0.1286414652075726
0.128314826919524
0.1280342134096544
0.1274294188683392
0.1266742758726241
0.1260517279980999
0.1252666780230899
0.1247480877589833
0.1245466838936315
0.123919771373032
0.1235582439408484
0.1225127624363827
0.12137403763674
0.1204082042066405
0.1193779724149311
0.1178103180857085
0.1170279362258309
0.1168568377041552
0.1162960127049689
0.1161028174714283
0.1158856794673312
0.1154116804033075
0.1151025460502701
0.1149039054439502
0.1147507831601791
0.1140915017915917
0.1136690009030221
0.1125496489531049
0.1111087463692632
0.1100089523463677
0.1087965516238729
0.1082604622346691
0.107891725038785
0.1076747448105337
0.107391000851089
0.1072600996965249
0.1072055385947462
0.107126468203333
0.1070059588061347
0.1068437810634735
0.1066805024145745
0.1062535715182534
0.1057819496698792
0.1048641820194747
0.1041008517696242
0.1034615852334438
0.1023378718114462
0.101350215382785
0.1009410554345902
0.1003693312530192
0.09990575266521604
0.09937540187392133
0.09905745285110509
0.09883695039158857
0.09811078746563538
0.09784180089007337
0.09768704872948632
0.09749814630417478
0.09729844571463947
0.09711069656748247
0.09678227629006513
0.09634491496633572
0.09592458257375099
0.09578689021739926
0.09566171537019108
0.09547408697096413
0.09515871268001415
0.09500519297539831
0.09484150294160067
0.09446814486746936
0.0941785599344892
0.09350585516102794
0.09261265163543446
0.09195868879376001
0.09178115947307823
0.09130760382034947
0.09106867473932773
0.09075297220352578
0.09048143257702665
0.09024783836939139
0.08990531732708722
0.0895852997285686
0.08946078920039643
0.08940061853447841
0.08931346276158292
0.08922717646336423
0.08914383917908203
0.08894871359909895
0.08851039117657845
0.0879328967501411
0.0874137372378732
0.08721718334876519
0.08708288743141943
0.0869579978349858
0.08678332457576131
0.08670137770616233
0.08667715499320261
0.08651170756351288
0.08645262868611331
0.08627601285759216
0.08604107377375948
0.08590362948295835
0.08581787331559747
0.08553945232332338
0.08538626654399455
0.08524277193505894
0.08473152929800243
0.08454351633821172
0.08448240699391867
0.08440861770158739
0.08431899737185768
0.08423509932783435
0.08416114462822205
0.08392084025508224
0.08322825099470463
0.08179749608646897
0.07997971275459992
0.0786733914811243
0.07755563511821958
0.076657594913313
0.07573412782564394
0.07522304692340742
0.07460822920726563
0.07432386408748938
0.07393805231160591
0.0738418167890002
0.0737519518987808
0.07351881400034777
0.07320505060142937
0.07309375506600276
0.07307966701175012
0.07298707142645908
0.07291093231294439
0.0728825726967411
0.07279593194538107
0.07263628472315435
0.0724013354078954
0.07218681005838076
0.07213865552284374
0.07206979480739055
0.07202232205345398
0.07195911071530764
0.07188871550956462
0.07186238030545711
0.07176774961661972
0.07148301084040988
0.07117992987554934
0.07059334202730604
0.06937208001738339
0.06554061162197196
0.06445757900484964
0.06323344545898396
0.06256380217492875
0.06167525592821234
0.06095961773969771
0.06039580390794127
0.05956085715064756
0.05893567155533984
0.05838572882074873
0.05802989301005597
0.05761875463508544
0.05725954334020036
0.05700104569837193
0.05677485828301393
0.05605188730932757
0.05533289338653986
0.05514172895350598
0.05470689625772859
0.05441374541836166
0.05421758844055261
0.05403283356676458
0.05376552461950641
0.05364157682955864
0.05359689997468064
0.05349763247220783
0.05345759943422598
0.05328668299441226
0.05322647174001072
0.05314461912631732
0.05306405918230032
0.05299835233449326
0.05286039583191395
0.0525293714352556
0.05224152622657931
0.05203587883085685
0.05124468018059188
0.05086993593450393
0.05044432071842161
0.05016932662268076
0.05007767431361083
0.04983028278980057
0.0497031692205969
0.04957197239998167
0.04909341077410077
0.04901080722639704
0.04896526694234546
0.04892399078492753
0.04879994055301579
0.04871684653535263
0.04867314526151263
0.04862391525770041
0.04844346914087802
0.04839135634537162
0.04835329611581599
0.0482946960591655
0.04822287640106724
0.04818435534975312
0.04815666023709504
0.04812094806897861
0.04809133832485164
0.04806319635464221
0.04781385851232457
0.04725388739959315
0.04685557279337252
0.04649174626783421
0.04625901296217007
0.04610609747950951
0.04598155081651824
0.04580515671377136
0.04571367448894696
0.04566548200940905
0.04556306612598977
0.04549120741899566
0.04535209488950565
0.04520041879504806
0.04513746368118064
0.04510996607695349
0.04505178407045502
0.04493264983734131
0.04480899262697258
0.04461277702482013
