2.912240313264811
2.508658204282117
2.340059620676709
1.93400174932391
1.735932498011576
1.613149279274565
1.465504896898552
1.357420933092623
1.225395373136279
1.089678732094586
1.051058590707909
0.9903675453336417
0.8967699706158282
0.7924667298143464
0.6967224694396225
0.6742115262370794
0.6408071540281787
0.6087414692512942
0.5835527588472916
0.5491136889857097
0.5390315387289449
0.5329624598370486
0.514550236886931
0.4976097641770374
0.4744855962274345
0.4597165113804044
0.4412922295089624
0.4173454275336028
0.4101940258484045
0.4076741498754968
0.4040102779254735
0.4006945504120158
0.3955499116466614
0.3879889839245712
0.3820435374217688
0.3791547026833381
0.3755572654300507
0.3675597374198665
0.3604876980082108
0.3364963765421526
0.326685368868443
0.3010414916969255
0.2905309186433953
0.285263985141727
0.2825176538746046
0.2731235416102432
0.2699084058994187
0.2680661135669692
0.2656074673855212
0.2648831701118592
0.2638972384533595
0.2623470610266621
0.2601342821447326
0.2584495871492124
0.2574576258945137
0.2562624447738806
0.2536115806669823
0.251775207487643
0.2480041401655284
0.2422840606724319
0.2395274465204512
0.2373924158235557
0.2345966003527335
0.2316307017243333
0.230790770721656
0.2302533797125183
0.2291719042758892
0.2265953057176982
0.2253269072634841
0.2237645512406297
0.2219620579431021
0.2214322705223508
0.2207250491611727
0.2199587230132606
0.2195825251910715
0.2193892993741856
0.2186699929088702
0.2181414084267766
0.2177476550762986
0.2113909484741559
0.1993767421156318
0.188740829711616
0.1806750569893236
0.1735577897547445
0.1706022851876202
0.1670365890305251
0.1655241663463599
0.1638757593381748
0.1622287384154018
0.1605488264117786
0.1598087694781426
0.1595627193372312
0.1571550895418471
0.1567309433102499
0.1562619729692508
0.1550852930006963
0.1540628756729286
0.1534465464190266
0.1526113737874674
0.1519150756756987
0.1509892559995637
0.1506971124411524
0.1503564363009672
0.1497703697289837
0.149249096425935
0.1488744546667243
0.1483738808940213
0.147619380417967
0.1465210243661973
0.1456833101639708
0.14546650659091
0.1451409673245115
0.1449508920809942
0.1447467214256289
0.1444377854015874
0.1442255593745513
0.1441355159433074
0.1437713786885204
0.1430877233355948
0.1422505874640214
0.140012290162934
0.13778775651431
0.1351493950673082
0.133447694833892
0.1323169000192992
0.1306813124975824
0.1299900196542746
0.1298473487825652
0.1293433628593298
0.128917172686456
0.1285060529979954
0.1281616980635671
0.127845954036907
0.1275907352793404
0.1273561530045052
0.1270216031982935
0.1267097237681885
0.1262231732412352
0.1259011087662039
0.1255981504190556
0.1251676715653014
0.124867705734802
0.1246611704494476
0.1245684087964632
0.1243126597629265
0.1240616904532715
0.1239460961088591
0.1235016675327991
0.1230208681795343
0.1227828019038562
0.1227283013320608
0.1221773710228701
0.1218357421236318
0.1217593751163291
0.1214462420760523
0.1213225090929386
0.1212719738801678
0.1207234541292637
0.1191877232535812
0.1160102243294372
0.1130317751027468
0.109146369505622
0.1074502620386446
0.1034121729002423
0.1014839985530969
0.09950254330176486
0.09716355942407184
0.09591317031357416
0.09579814810872768
0.09506923114159113
0.09469606147935854
0.09452342586765231
0.0940623388497579
0.09388073102554673
0.09333229452611513
0.09298249727997317
0.09275638551143159
0.09246362266466644
0.09212902315185491
0.09201084689971809
0.09198446428381611
0.09170208306761236
0.09163394601914712
0.0915742250682919
0.09137981895550117
0.09113548408407383
0.09098856414040256
0.09090850621428533
0.09072051072328287
0.09054055960885275
0.09043307323588151
0.09012849187945633
0.08951668887062006
0.08884854245595154
0.08821585056358562
0.0876313970809884
0.08613385815760212
0.08469046859295958
0.0826422136485624
0.08190851262540387
0.08124323188675767
0.08055534646011124
0.08010409381323755
0.07983765130068056
0.07945103424276195
0.07919193639580754
0.07905210908296216
0.07885931530277905
0.07879491056826404
0.07856686369663396
0.0782931302044942
0.07812468580967868
0.0779984188320372
0.07773815662952328
0.07746108978763824
0.07733089144109313
0.07715967284000434
0.07704067388639231
0.07695507245489153
0.07673521320173163
0.07641915713165609
0.07626646526698236
0.07618292087654041
0.07606732960709418
0.07596678808237707
0.07587592147211483
0.07558332236270485
0.07485402365077688
0.07381374074313612
0.07295052000197264
0.07251798235318667
0.07245662386254938
0.07212497051109193
0.07184425111895047
0.07177526558936409
0.07167403001267723
0.071646341733673
0.07152438153662787
0.07144593264352878
0.07132471508489217
0.07122188585694894
0.07117795266112366
0.07115066666977413
0.07091752261381332
0.07079230561667216
0.07070971708180229
0.07052617773218683
0.07012746086980343
0.06973692913404156
0.06961513016110335
0.06945424403347958
0.06937437351154772
0.06932804191707689
0.06929151324902486
0.06914882382934875
0.0690911355093654
0.06905324272317703
0.06896545424056873
0.0688382515638068
0.06871938442252004
0.06866670329175523
0.06862150838874322
0.06848945362353519
0.06805188445440405
0.06704672271706169
0.06562305464186442
0.06453114880224982
0.06369639917183999
0.06323408849087167
0.06271340550180733
0.0624213302923682
0.0624073966544509
0.06227201110109824
0.06219906538394348
0.0621329151812404
0.06202937458826289
0.06195149997336272
0.061907953032813
0.0618979396264204
0.06185836047071284
0.06181615947864472
0.06179512119522951
0.06176125061595691
0.06167904344740632
0.0614767715081139
0.06135760107709686
0.06120532594785141
0.06103369800913645
0.06098380975515916
0.06094432064195465
0.0608753337233109
0.06080494316694542
0.06076264996843001
0.06073797506693534
0.0607030467976073
0.06067323172662172
0.06064103791083189
0.06055018403817795
0.05990359808231731
0.0575958496557312
0.054789952328018
0.05387698842423908
0.05339272405763323
0.05331819833952155
0.05295750090717327
0.05270671729544955
0.05258374094299933
0.05243152422760357
0.05234561158371338
0.05226787273856652
0.05198222668022565
0.05192704480427528
0.05188452626650623
0.05183889722858349
0.05169965499381088
0.05152471756416266
0.05143400144692
0.05139822817262958
0.05127794268929513
0.05120275590113057
0.05116790573054843
0.05105925874926132
0.05094178739612448
0.05066978528991754
0.05042944958282683
0.04982382473439461
0.04922858608735619
0.0487191510713321
0.04829060346781675
0.04774208395562212
0.04713250200779848
0.04686615269464758
0.04651056010922239
0.04617711835031425
0.04581251761979801
0.04547358251373854
0.04454303609299221
0.04391730906898058
0.04356937208783403
0.04307750518582271
0.04274743773177752
0.04242368252935525
0.04224925899341464
0.0421049130913286
0.04181326220234717
0.04170526370675405
0.04159729047966534
0.04153775205818813
0.04131614535493592
0.04122399132231984
0.04110593037067827
0.04097256687836077
0.04091805880204886
0.04084003014154055
0.04080511079046986
0.04079094290192763
0.04074176887462269
0.04071459384765608
0.04064271461817733
0.04012061561723376
0.03968688271217077
0.03936453020918773
0.03920205412799341
0.03909981615450567
0.03866751459011419
0.03854596000490837
0.03847325039035644
0.03836502436718865
0.03818482794161307
0.03812386618614302
0.03809116392407397
0.03798466138547844
0.03785522538331458
0.03775109700237056
0.03764114078453801
0.03756896096613974
0.03751202829564066
0.03737713279069809
0.03727681890869865
0.03725057582423295
0.03721828431160947
0.0371651438523366
0.03708995258252967
0.03703425736385165
0.03698995896037434
0.03694510489997605
0.0367724951579757
0.03667881062585893
0.03654742177636725
0.03645265632555181
0.03638857208202996
0.03626915319884463
0.03614027279945548
0.03608095982695043
0.03606152615930361
0.03603253464170621
0.0360118578994271
0.0359856409456464
0.03593151941225251
0.03585851120558511
0.03578236152075238
