5.535008510314843
3.929973989638325
2.595355075015123
2.271018915087772
2.102986218237055
1.717408697070629
1.53760271453436
1.383208876985713
1.245531809888989
1.083267386592653
0.9877118123395278
0.9454986428086432
0.8946561093429477
0.8613886884803088
0.8151236090347359
0.7631011167326853
0.7514719983055053
0.7389436610414318
0.6966924236775134
0.6544534956188457
0.6148740307525081
0.5373108732412614
0.5176105494608589
0.5055267147902175
0.4961451914257248
0.4733486762824457
0.4641802059742672
0.4546733702294659
0.4423797989647391
0.4320407482806294
0.4248307151504928
0.4194103844323603
0.4080161894414785
0.3996412886161562
0.3970905344494816
0.3881429221826074
0.3833984727781006
0.3805116783142959
0.3703286346464356
0.3520850690771069
0.340319543708032
0.3338056388953969
0.3260757478425307
0.3202050025238439
0.3155424741249183
0.3069692946739099
0.302539877391384
0.3013450331034221
0.2983515727387735
0.296708683044849
0.2942612575363779
0.293153977840984
0.2927647339836189
0.2903045999447356
0.2885462597266695
0.286307226978235
0.2794913541827044
0.2754009053962668
0.2729283335329705
0.2711173500066071
0.2656894652362328
0.2643719952802795
0.2629022767523919
0.2612427262642528
0.2585535416030243
0.2551021087139628
0.251280690894842
0.2506473873292371
0.249897231917563
0.2483291700247064
0.2475131226512168
0.247242855624086
0.2463700466744794
0.2451727481697583
0.2444533948062468
0.2436111001361666
0.2428412233723281
0.2421637700061451
0.2402540789233045
0.2364909176738178
0.2346181659498399
0.228295384116199
0.2213130650014558
0.2163898144131189
0.2116539674470575
0.2003946674189988
0.1945279630674885
0.1931283583476444
0.1856406631653744
0.1838802995519582
0.1818010961422621
0.1808860257732909
0.1803323801073392
0.179707473088435
0.1784760194875699
0.1775759047790924
0.1770187857576813
0.1766953623451923
0.1762613970356849
0.1758695022861748
0.1754492328212227
0.1749665637789434
0.1745032446107951
0.1714616930778576
0.1682189595022228
0.1658718734805453
0.1648643947234439
0.1635663591995719
0.1630665620966921
0.1628015264345215
0.1618167618914258
0.1614789924601245
0.1611056995947636
0.1585125167874407
0.1574979536786458
0.1564699094844164
0.1559528319117426
0.155692699850851
0.154724432881663
0.1544227189293704
0.1537581289765394
0.1528787672239834
0.1525198871991202
0.1522994513055012
0.1519912461146172
0.1516713597413004
0.1514489232979442
0.1511682091278387
0.1506310947422411
0.1498653470198434
0.1493586739430455
0.1489285026710753
0.1477267755015036
0.145928863707611
0.1454666888214997
0.1451979802763206
0.1451287593206949
0.1448997765894995
0.1447501769252405
0.1446855937356597
0.1444995949184593
0.1442536468614907
0.1441585004032278
0.1440290619089253
0.1437701047194635
0.1434149402742106
0.1424587344500022
0.1415055385601681
0.1385691488837567
0.1320782334827393
0.126944187400206
0.1233269882019889
0.120979096033956
0.1188418614902613
0.1156171897780139
0.1142155769259189
0.1137551780552628
0.1124809002703483
0.1120138460686015
0.1107976273798131
0.109160340412192
0.1080308038821119
0.1075266994174821
0.1070510399451304
0.106760107425919
0.1065933732919205
0.1064656919726945
0.1059826903937992
0.1058727151035264
0.1057533925718129
0.1053969361836947
0.1046850550984512
0.1039151862956005
0.1030275252072109
0.1023158223434674
0.1018512685276718
0.1014502383736595
0.100947906635717
0.100516189090598
0.1002485675130445
0.09998962743501948
0.09981635060031822
0.09961192709833247
0.09915837521129053
0.09872464134919096
0.09841075498522435
0.09801640808194695
0.09743521558119661
0.09716981914154599
0.09699810303837189
0.09681986935095811
0.096655144621381
0.09641141843793893
0.09619154221320744
0.09602493920970871
0.09590051716329119
0.09564370039082552
0.09547210713795028
0.09535631541671163
0.09526995265101028
0.09508220872196384
0.0949715950023004
0.09482296341696242
0.09472578297984686
0.09459515769663437
0.09443477437573089
0.09433475814168789
0.09428929865823837
0.09414833459611005
0.09396807868153649
0.09365123802486153
0.09326390346256951
0.09279935441289124
0.09244752968739232
0.09238534632899727
0.09231756023114913
0.09222855365049062
0.09214005062480364
0.09199426524903928
0.09167742658899093
0.09091759598412938
0.08854877680970109
0.08536238847942502
0.08328544381264519
0.08238301979731243
0.0811747229796156
0.08065369988182335
0.08049978946105879
0.07997911249296577
0.07968428954253721
0.07946006050672581
0.07902196561828338
0.0786614766238249
0.07853633210929252
0.07845650405299363
0.07831159436348298
0.077906211568221
0.07772561269288915
0.07752540610035442
0.07728327506252133
0.07707277388893005
0.0769026732885608
0.07646610632833857
0.07592239243134771
0.07549320165514976
0.07531198940237349
0.07505277926980969
0.07494328826522691
0.07483805031479512
0.07469962749580641
0.07455750248882655
0.07443813310997534
0.07419525729998078
0.07393644610522644
0.07356686752924729
0.07342963966452608
0.07334656234001398
0.07329464609820523
0.07325840904558184
0.0731325112825168
0.0730012023713948
0.07288951905482467
0.07281917193216009
0.072662484212614
0.07233294743016105
0.07207231714748814
0.07194704804792998
0.07183615849353596
0.07175048961373616
0.07170694618417439
0.07164509277324774
0.07158384649500879
0.07152576956470295
0.07138761669124845
0.07121709399546552
0.07091467581752035
0.07020871434486281
0.06991024192928737
0.06959078515912494
0.06917023082031282
0.06909387936597916
0.06899945578016477
0.06891701344597462
0.06880987032450628
0.06870624330366411
0.06866433044118687
0.06852905187761342
0.06823272355079493
0.06790896015700819
0.0677349501346669
0.06766004649558864
0.0673734626047658
0.06727724796887248
0.06720714875548063
0.067091028432562
0.0669596427661355
0.06688130681865721
0.06684906113364651
0.06677051181026977
0.06671257511185287
0.06659536179049676
0.06647069997917876
0.06641680851600683
0.06639679222052478
0.06632151334879965
0.06606173273975265
0.06581514118699504
0.06528627747028554
0.06463841047458412
0.06271864628832027
0.0613093033667924
0.06062289424346467
0.05962596879136054
0.05918700235148078
0.05895240861100025
0.05843854160337658
0.05795109108459223
0.05764048357877627
0.05728085595071405
0.05710110327286031
0.05704662685783503
0.05686213906196957
0.05681277843985696
0.05670694896987854
0.05664144125721993
0.05660551142962116
0.05648117263086147
0.05635005188223115
0.0562462710658626
0.05620264112295376
0.056143223656557
0.05604901502309528
0.05592524086765677
0.0559059920094483
0.0558774554175016
0.05580590109633596
0.05567513923760745
0.05536230147700146
0.05497544203190718
0.05446675928298147
0.05426962553623816
0.05409603235376779
0.05403321668115284
0.05397484874733523
0.05392215954887641
0.05385936178321954
0.05376868914190192
0.05369338741434783
0.0536162782181856
0.05353382324773458
0.05344865087126258
0.05323597975275047
0.05282395849710782
0.05222250289898055
0.05178854328665183
0.05129533894691507
0.05110996672203148
0.05094141733004169
0.05080047203106304
0.0506743399854048
0.05052241344929152
0.05038564189257452
0.0502373731197838
0.05003677225731998
0.04984208631459974
0.04973205460834913
0.04969490716718264
0.0495630553089126
0.04948153557995834
0.04945972128624153
0.04942738436332559
0.04940202248255265
0.04937944581801264
0.04928168532778816
0.04919694835038992
0.04913515528307547
0.04905489600021704
0.0488891618589617
0.04848570846494429
0.04824681727901949
0.04773812681711422
0.04743939481405576
0.04708350613601208
0.04679166417771233
0.0466271707255116
0.04646838617996017
0.04550618790689967
0.04473133274620324
0.04426641833655352
0.0437548632729431
0.04353788147172236
0.04343896714192919
0.04329536133560909
0.0432655697840752
0.04322786062333939
0.04319478403188071
0.04315094934026759
0.04310789673640461
0.04308131471623314
0.04303905611565343
0.04296324697256193
