2.748599627326735
2.349360984563214
2.231328686907005
2.115610164333821
1.970591515871178
1.836087039495649
1.679083370220648
1.394889620779667
1.230806137365698
1.125680039546766
1.070366700370292
1.003090734669595
0.9743418464241997
0.9559449178006402
0.9075420681771251
0.8842812976223914
0.8604801539872799
0.7962257263971569
0.7303321809867808
0.6868949796299451
0.6595150231488752
0.6461090037265663
0.6159128631034112
0.5987768798884804
0.5835621118425434
0.5695252099642418
0.5494132132530585
0.5304439120695638
0.5247055419255282
0.5176112625983453
0.5118649144001824
0.5044854534022815
0.4982258845384726
0.4943495911968132
0.4914725342338913
0.470761687666245
0.460573509147448
0.4579259251893437
0.4504840834760176
0.4422403339545268
0.4387067614110514
0.4340472190758464
0.4320310772047969
0.429639907294844
0.4254018552017956
0.4194703106962184
0.4173105255355696
0.4158950897805981
0.413917386914193
0.412046874784159
0.4070274692699006
0.4008257500100228
0.3923150796893112
0.384842927343239
0.372847509777597
0.3679468748587968
0.3671015220292416
0.3639519264614897
0.3629394815074644
0.362483694998278
0.3605311518974888
0.3588617547826072
0.3559567182284696
0.3519762321914284
0.3458319553049138
0.3420400972276773
0.3366535299219925
0.3344664591702148
0.3342316847138959
0.3315576507993378
0.33076086859013
0.329766595759932
0.3279104284055441
0.3262650117203905
0.3253601213436286
0.3244579445125438
0.3219746592643993
0.3152138914267803
0.3134409995681428
0.31110897497809
0.3093703395775364
0.3084053774590409
0.3074008014287177
0.3052142869918888
0.3043731060345858
0.303159678296742
0.3025252916102086
0.3021859876558894
0.3006670569300473
0.3004382018608198
0.3001084438359244
0.299421044223933
0.2974068531164754
0.2954453117391712
0.2931201383877456
0.2886485912934342
0.282454147126426
0.2775070230084297
0.2708040609670277
0.2701089262512528
0.2697037268222807
0.2693350392599809
0.2684012728853485
0.2671771583491954
0.266576530923518
0.265717491502208
0.2653299594212034
0.2650529818849036
0.2640512507103319
0.2637609523434982
0.2633397453380548
0.2627195214011624
0.2614195381262051
0.2595038456569426
0.2581745206763869
0.2578748266173544
0.2571632206105159
0.2563982096121203
0.255482574500432
0.2547279781905514
0.2538426129717758
0.2532690415680173
0.252954928400024
0.2517534825074896
0.2508396459477328
0.2497726111450212
0.2461239972436578
0.2434262973266457
0.2418377623598648
0.2395091688792094
0.2378741020355485
0.2371737706162989
0.2361252198871669
0.2357319363222703
0.2354153714134815
0.234845896477594
0.2344597262596889
0.2342333268006507
0.2337406143129685
0.232278588511774
0.2316618769541271
0.2312283858916508
0.2305004631519861
0.228612831369334
0.2270619779875448
0.2252522392117585
0.219978290130267
0.2141548680883194
0.2067168635569503
0.2034046688046204
0.2020163891026182
0.2007806717120433
0.198063972004675
0.1963598909661982
0.1950627547298642
0.1942084943447969
0.1924371452718195
0.1919129463974346
0.1913957357984886
0.1910605347382938
0.1903585966866626
0.1895009641481907
0.1885886385880992
0.1883034096826963
0.1880062830724143
0.1869966423400552
0.1860474713454127
0.1841489336120696
0.1821274848730637
0.1773721482063884
0.1736563006411155
0.1681119995462151
0.1652526311058849
0.164544089136282
0.161800050793425
0.1610538804292697
0.1606209229740672
0.1600597193946643
0.1594368631462349
0.1591292061322909
0.1589575156143743
0.1582382843970391
0.1579586701067451
0.1578175405032935
0.1572681759001238
0.1561003189964771
0.1554038524140829
0.1545179829638243
0.1543277535071147
0.1541225445484355
0.153866520046324
0.1536668576870994
0.1534143067718405
0.1533116233177448
0.1531787028593119
0.1531055852167637
0.1530015078475609
0.1526692763141697
0.1523987114793894
0.151992826444504
0.1511896227805554
0.150320090238142
0.1491253483816409
0.1484847327673008
0.148405123833709
0.1480925959954628
0.1480030590438321
0.1477553716669337
0.1472025597414368
0.1470157059708301
0.1466050934453178
0.1460280493950028
0.1454486265109201
0.1449354042210295
0.1445563762582713
0.1441155965982138
0.1435595257734174
0.1430763885318398
0.1428897026106357
0.1424777639470499
0.1422309551693455
0.1421477607072999
0.1419763207797021
0.1418866224572611
0.1416121497731133
0.1414418275317757
0.1413004307676431
0.1410766682319241
0.1408338266912875
0.1406684734218561
0.1405215472544048
0.1403002501657115
0.1401172959390534
0.1400172362411442
0.1396186134647404
0.1385722303295797
0.1365107615947576
0.133478874878924
0.1305939212465629
0.1285184729017336
0.1271732776062719
0.1256126167925668
0.1245777330996923
0.124033295683873
0.1226868284606136
0.1212075222101285
0.1208552470505777
0.1205238241095549
0.1203239360397929
0.1202074362899493
0.1199476661575063
0.119765431879013
0.1195561247735121
0.1193069300614363
0.1188967859515632
0.1187262190249387
0.1186100438546273
0.1184438125326212
0.118037638025558
0.1178095329986192
0.1176299221269837
0.1169842062328776
0.1167651069481021
0.1166647306702913
0.116398219225228
0.1162756603962805
0.1161406917809359
0.1159569698470562
0.1158022563719676
0.1157192481888872
0.1156324036523121
0.1153630267669055
0.1152069918451487
0.1149813438564157
0.1148442345999196
0.1147447940749765
0.114542265805615
0.114429132658201
0.1143730234953988
0.1141356485948717
0.1140825727877289
0.1140105611224253
0.1139375059502286
0.1138770702492557
0.1136788939794154
0.1136244060225223
0.1134616208131958
0.1127945043589981
0.1120877598515761
0.1120372600490471
0.1119795521983174
0.1119128029728716
0.1118433711320891
0.1117221139017192
0.1115706743790278
0.1113220830441306
0.1108030646189285
0.1102902137473906
0.1097751759052013
0.1089921464228748
0.1086468094729941
0.1084945591497852
0.1083099475498389
0.1081948169252725
0.1080968290501189
0.1078641063718375
0.1077258807951293
0.1076383112640911
0.1075184605193123
0.1074717803209856
0.1074269018723321
0.1073248500063734
0.1071711347574433
0.1069492072837442
0.1068289953331149
0.1065503436043063
0.1057616695931694
0.1055688124525102
0.1054617642511741
0.1053606719469382
0.1047611434011495
0.1040543351550729
0.1038455674761014
0.1037317610337857
0.1035018064992327
0.1031975862392529
0.1030847788858902
0.1029750745544296
0.1029138619054411
0.1028658170615304
0.1026400677444128
0.1023744121555203
0.1023147634590423
0.1022869373716172
0.1022236311681003
0.1021459383923506
0.1020524514928405
0.1019655720514652
0.1017309171978445
0.1014972834611342
0.1008720337752506
0.1002683850985788
0.09942258071414224
0.09784727844189568
0.09681820793318935
0.09610596518094174
0.09560387768973043
0.09492110491344014
0.09469170802763231
0.09454369873407217
0.09439579946116472
0.09435646044694204
0.09430977781861033
0.09422327097569995
0.09404615732778442
0.09379817766789059
0.09371799338107216
0.09364033048890653
0.09360371140464921
0.09356130253492158
0.09344842015672565
0.0933596389399064
0.09322280185733157
0.09308646404046092
0.09295319395689522
0.0928503177781637
0.09278569627078881
0.09266791440153342
0.09254629295843347
0.09242179693192266
0.09235653780424374
0.09226157716529591
0.09221865728973615
0.09218306464552964
0.09213993984787597
0.09211630318193641
0.09208626868560969
0.09200649718000739
0.09175569059625328
0.09106739962281868
0.09070574388388553
0.09017373770092253
0.08966179891869418
0.08891220793845457
0.08797504754266232
0.08752766952854381
0.08740639075985661
0.08729370289133112
0.08720138928823398
0.08708631579319952
0.08700545487798246
0.08695063250131592
0.08688465704796562
0.08681227749899513
0.08676543368476648
0.08672296680998462
0.08667621631236513
0.08661382386014677
0.08656566156579217
0.08651580980067902
0.08643792152766867
