2.846661327543966
2.353044530065666
2.059943888208407
1.751582360493011
1.435868473770257
1.253921019310714
1.207116319324829
1.09468579564079
1.0558142406005
1.003568522870824
0.9545532304652457
0.9174344415991537
0.8282730582876998
0.7784201722354139
0.7528161038420608
0.722226944777055
0.6689514519464121
0.6290461728828172
0.6074294006348323
0.59361735721986
0.583564872113233
0.5687435235114112
0.5604696787880089
0.5543854191379293
0.5353255244380911
0.5237116231745961
0.5203987599602532
0.5108654812550032
0.5061886167424525
0.5018404968232235
0.4871088516700259
0.4832213286885601
0.4810901503639027
0.4669261017781314
0.4567832839577037
0.4484080046602222
0.4359478039914436
0.4238766485732357
0.4159527597246285
0.4053803449149021
0.4016786446836995
0.4003906274622638
0.3947855735836822
0.390943746120925
0.3886261499601331
0.3807205821846615
0.3756050772297671
0.3729360681607449
0.3646130607742769
0.3611159101239488
0.3567272928842819
0.3515132665141025
0.3501157753286059
0.3485486578720933
0.3453084351486339
0.342283257635681
0.3387063211863641
0.3370045472077622
0.3352806938958752
0.3328228479417175
0.3307259994830521
0.3291508085989329
0.3274213123418763
0.3233898888370686
0.317665541841918
0.3169369706630993
0.3160768771372734
0.3149975083218327
0.3134275467887657
0.3121622951506897
0.3088905460951383
0.3070384357122409
0.3063091443539896
0.3034887686395281
0.3010966785901871
0.2994665153268256
0.2970220845734917
0.2947489267861695
0.2942156055877276
0.2936101622994405
0.2916935605865934
0.2884025864282789
0.2865763206615334
0.2840231848879481
0.2796831243774294
0.2726063426805082
0.2679274871452482
0.2661622338413088
0.26458197029564
0.2634819012356033
0.2627681461530698
0.2623659444184149
0.2617686453526666
0.2613026973017219
0.2608365079474945
0.2591223055609708
0.257353911265218
0.2566668570577539
0.2566570359643426
0.2553050157750566
0.2550309797069507
0.2548408315411307
0.2542574817544008
0.2525805766919131
0.2509816898068936
0.2493700082860983
0.2482812588192799
0.2458741378744616
0.2416528071851172
0.2400212802330657
0.2360980905201643
0.2279335203402258
0.2182668852043741
0.215227311196069
0.2134404703753184
0.2115310204364129
0.2091487879965768
0.2080968383045309
0.2070948614879214
0.2059407775563831
0.2048273487578956
0.2039675763815923
0.2036034511711314
0.2024722328625023
0.2013095673912969
0.2006910716175402
0.1987377071307981
0.1945456102972696
0.1909080457757502
0.1863302876348238
0.1826554982375639
0.180017300754188
0.1772927773450284
0.1737391820381154
0.1729446291046936
0.1720696036932784
0.1699451764171961
0.1689624116296143
0.1683425695315504
0.1680199644351376
0.16694754846043
0.1657657751311984
0.1652220861638971
0.1651576953330826
0.1643348248759234
0.1640492979193999
0.163752758047485
0.163058874827879
0.1624068469356653
0.1616748916328749
0.1614753951106603
0.1607629668341242
0.1600901435999811
0.1597111347129667
0.1596122158470475
0.1589833707231774
0.158687286199439
0.1577644384501947
0.1572583678158185
0.1571532290235548
0.1567304001352873
0.1563542481982184
0.1560871780515438
0.1558887083897663
0.1557462783792111
0.1556979201741916
0.1555751066246022
0.1554557557040365
0.155127546464489
0.1546494524357447
0.1544900279033054
0.1543705391007743
0.1541603613377342
0.1540090623777001
0.1539284139605364
0.1536550976368705
0.1533873691615164
0.1530795183901572
0.1522601201689704
0.1503879038673724
0.1457778912958279
0.1396415284286389
0.1371084808014965
0.1353759013382543
0.1348896036729794
0.1342260346430259
0.1337554147173443
0.1335860777644801
0.1333437783139824
0.1331124823120779
0.1327548410797216
0.132548001045548
0.132101111636757
0.1318329090069921
0.1315714124667303
0.1312576204291546
0.1308609682057471
0.130755118571205
0.1306546436038546
0.1304382962617391
0.1301172174209971
0.1300043813833308
0.1299868642227524
0.1298425422246525
0.1297847685868534
0.1297052144346257
0.1295899975299652
0.1293299258759001
0.1283290756672936
0.1272725782899121
0.1266965994700357
0.1264598678529104
0.1254743769071155
0.12505371973186
0.1249165669630908
0.1247312049792297
0.1245386569814325
0.1243792044510117
0.124196731293717
0.124026392409766
0.1238647951418524
0.1237039504651861
0.123112062666356
0.1227792555416971
0.1226245992329534
0.1219137801393874
0.1217559636932726
0.1215812388020989
0.1213636047170775
0.121169280938688
0.1209537592405333
0.1208074689613557
0.1206376720850786
0.1204682197544744
0.1203430800761561
0.1202872308070181
0.1200726983463288
0.1198686936601997
0.1197227814009037
0.1195247091837418
0.1188061030395454
0.118557872925129
0.118549416469106
0.1183250440426186
0.1182467492217034
0.1182006689802108
0.1181548262201203
0.1178979682748774
0.1176578084756624
0.1175260544137409
0.1173638503270461
0.1171687903417278
0.1170538906834654
0.1169877162617987
0.1168119301305036
0.1165878918952534
0.1164930417358774
0.116432699944968
0.1163291122272974
0.1160543683692961
0.1158159673470266
0.1156389053736735
0.115264591294638
0.1149151359703772
0.1140920474818829
0.1130573006273354
0.1122944945957852
0.11180998256206
0.1112780845768656
0.1110082542161652
0.11095710474673
0.1105561870884603
0.1104599830104805
0.110417655662693
0.1102932205605372
0.1100555395338778
0.10943457744516
0.1076534581230981
0.1066844886418812
0.1063766752418679
0.1050257817381896
0.1044606990861523
0.1041013788990924
0.1032458757026802
0.1028216733961283
0.1025308970982041
0.1024089320709139
0.102254208067167
0.1021798729062758
0.1021250017592616
0.10201107674681
0.10190576810293
0.1017670377289927
0.1016246826982938
0.1013908413832744
0.1012315753451098
0.1007642289526585
0.1005734196540351
0.1004494142722274
0.1003058891592124
0.09986453631723088
0.09950167169533711
0.09871570247840086
0.09773045367373571
0.09708182661560912
0.09678493849774619
0.09641538018147722
0.09618754168524056
0.09604224739681183
0.09583083991636465
0.09564961050016399
0.09557188026012108
0.09522945898156356
0.09499427311323624
0.09469583242387794
0.09456373579320733
0.09454486119677177
0.09427752817678439
0.0942576564537244
0.09422691795254594
0.09414970195722722
0.09390907363533128
0.09322132386239707
0.09293112991594336
0.09292745470473804
0.09270422857391268
0.09253428535135064
0.09234250807584597
0.09213335079979762
0.09200742935684997
0.09196458370984077
0.09180618253019115
0.0917749802414899
0.09173856568262402
0.09162637370911382
0.0914984445053731
0.09138857065859295
0.09098594900474637
0.09078413281121255
0.09072108086617707
0.09044084599277813
0.09038172601566041
0.09034312438845857
0.09017583631176124
0.09015227261193492
0.09008848813846254
0.08992827030266945
0.08973645270805249
0.08950650378922724
0.08929456244685972
0.08910935633870526
0.0889221861061702
0.08871803001898265
0.08827902934673391
0.08790544460762599
0.08765622643547209
0.08729569456976266
0.08697204794081621
0.08673458831434164
0.08660643909784653
0.08651232669971316
0.08641494866500166
0.08629483843236274
0.08623042136731913
0.08617185744334954
0.08609276154775965
0.0860064090192155
0.08596422912557436
0.08591270714637893
0.08586563068139537
0.08576003428420045
0.08562602944066115
0.08537321961313087
0.08520898420034656
0.08490107407790315
0.08398264261314248
0.08361944750024818
0.08349572932357371
0.08314830377211058
0.08213232983465736
0.08094424999528371
0.08002248690625505
0.07883904824455912
0.07800579161484306
0.07744624023354804
0.07699693994704152
0.07682339669649471
0.07667716789917671
0.07659227805703962
0.07654058196321437
0.0765075227898827
0.07640640671262225
0.07636395080584239
0.07630979373480402
0.07621027168061194
0.07610031392221925
0.07582008623458812
0.0756809248325007
0.07564114338985518
0.07525364885346415
0.07517533308548685
