2.410018214931729
2.27360055062594
2.184513984719454
2.023769896936169
1.738150371856713
1.61787099486586
1.495677356267466
1.373195499422279
1.258246324572053
1.133505504649461
1.078951511481064
1.024216476664203
0.9636238919100433
0.9061542699934795
0.8769710930267087
0.8369491697792456
0.8189392518919075
0.813822649337511
0.7815570722397578
0.7676445993527425
0.7525469963598297
0.7228984920253024
0.6930240710395676
0.6741066535219512
0.6642090894902186
0.6373167234369643
0.626080396624353
0.5957690882540611
0.5693704847338494
0.5562684807243208
0.5495457285987622
0.5446830977628936
0.5242041956808254
0.5210803006867816
0.517734532884052
0.5036180937578937
0.5013783317540983
0.4948776591790827
0.4851421746922914
0.4803237860098991
0.4782463626809481
0.4752870937451498
0.4725850493840511
0.4710418121251946
0.4647993977360809
0.4558631557916253
0.4518688734029545
0.4504026161785657
0.4485066539672745
0.444205635286246
0.4354422503452435
0.4244986474258818
0.4178079679222661
0.4140963503565278
0.4090151115015274
0.4053650006012702
0.4038664416952338
0.4003995246479287
0.3955983386915203
0.3940661457475013
0.3924865486001504
0.3884259058807062
0.3800410585719332
0.3721292202615656
0.3632443167268405
0.3518002472969449
0.3412686456593575
0.3312097806637383
0.3251607589434476
0.323868907850887
0.3188430722619642
0.3171116487581546
0.3147719227394571
0.3141386484814395
0.313296410046518
0.3124609358219363
0.3106944710800478
0.3089236225507479
0.307425287556894
0.3052710867643235
0.3027878964847126
0.3017708432149676
0.3008319583456416
0.2994887453768357
0.2988338437346786
0.2982724663787825
0.2972990609235412
0.295607099791751
0.2945811073841855
0.2925071754606779
0.284436001646318
0.2780910063547989
0.2698262390821683
0.2633435826869896
0.2577134386175637
0.2530212249977691
0.2463786158823486
0.2392674121548162
0.2381360567257974
0.2374543924067352
0.2367688530435594
0.2350499647070444
0.2335938804416031
0.2325029271440305
0.2314338663758158
0.2298910944999265
0.2290248203021252
0.2276171751266803
0.2271481182214369
0.2268518335103982
0.2265682017273828
0.225703040652886
0.225273954816999
0.2247151426492582
0.2244729605484121
0.2241298450067664
0.2238768061838119
0.2235652825399082
0.2230587688888523
0.2215706041424952
0.2166417163387712
0.211668863654649
0.2095610856612413
0.2071386741065188
0.2040838971874183
0.2033519152641944
0.2028678544494456
0.2024219668053396
0.2017950769485069
0.2011106481050592
0.2006627603794768
0.2003871045332455
0.1999187964234244
0.1987344945763462
0.1980959578485766
0.197765457056424
0.1974108189821111
0.1969715734981121
0.1965396773410046
0.196185577044508
0.1957140007369214
0.1949452595865573
0.1942835161490196
0.1935324639855051
0.1914153309500478
0.1903945771629085
0.1891745054800366
0.1880695856241671
0.1867919948797458
0.1857754725666025
0.1845003804486491
0.1831052908959109
0.1827774810047042
0.182582304805329
0.1823774570733837
0.1816076907519534
0.1812905171562383
0.1811114893610059
0.180742924541421
0.1798040551343178
0.1788859581559255
0.1775906491641243
0.1771124227874524
0.1768829078806262
0.1765797681216653
0.1763907802260251
0.1762709032322609
0.175835521605254
0.1756460798557459
0.1754145605358544
0.1751812415159262
0.1749904935424265
0.1747293085831581
0.1744483573474845
0.1743235333753941
0.174210081091401
0.1738262609708525
0.1732934690316958
0.1728317711152148
0.1726012264803511
0.1723344921393877
0.1717133092395623
0.1709473053261234
0.1704061475682052
0.1697010083686897
0.1689238737149048
0.1687748781247417
0.168701783890695
0.1686013940860794
0.1685065257937026
0.1682860583804458
0.1676524523138858
0.1667823971523309
0.1660127237208713
0.1655273326153608
0.1654140461594975
0.1651043064975462
0.1647768921762331
0.1646677295261308
0.1644038742716589
0.1640780109981634
0.1637480079338523
0.1634957571892574
0.1632722417458758
0.163012323744929
0.1621854322100145
0.1617825140530678
0.1613581464034793
0.1607740403514753
0.1604229005501631
0.1602065893747004
0.1599084408703337
0.1597771951366491
0.1597374092946673
0.1595829105574914
0.1594708660959825
0.1590462632591577
0.1581213201000906
0.1572820555803605
0.1560345125179082
0.1549817250484063
0.1538829836306019
0.1527257127803561
0.1521146302640905
0.1515480979964337
0.1510006304123289
0.1508015549578783
0.1505091088405442
0.1502807155729539
0.1500009959424295
0.1498863051305671
0.1497528831255102
0.1495971520836482
0.1495212168989687
0.1494169617638595
0.1491479987794912
0.1488195506064356
0.148559521837134
0.1482589790102986
0.1479421103712242
0.1476878712265814
0.147353646870874
0.146471281801415
0.1455426858764665
0.1430474900947613
0.1403430031964899
0.1376734914906463
0.136248124106046
0.135991578028156
0.1339122348878815
0.1327628372522932
0.1321721581954254
0.1317064500698648
0.1313209725517688
0.1307512033057228
0.1306405386073147
0.1305794214697268
0.1304236475790845
0.1298330403986826
0.1295089800892547
0.1294359032700149
0.1291705768634507
0.1290586863559157
0.1289918764221908
0.1289163019742146
0.1287685379384227
0.1287080718188734
0.1286674335223633
0.1286299670297429
0.1285797674249763
0.1285410426020102
0.1284868187679329
0.1284441152054936
0.1283086514176754
0.1276095447434711
0.126812749639334
0.125706802780997
0.1252364932117034
0.1249728860643354
0.1246236510730174
0.124434533397853
0.1242856295907461
0.1241920748197858
0.124085101345953
0.1239797131585316
0.1238510101748784
0.1238049964763086
0.1238016066240906
0.1236851386472717
0.1236547201855081
0.1236216434206574
0.1234968734708433
0.1233009058400858
0.1230245450434596
0.122737694087429
0.1226621634061549
0.1226177269756524
0.1225541781386549
0.1225086133561516
0.1224475636874824
0.1223829899378845
0.1223281363828109
0.1222700014662862
0.1219938338363364
0.1217996463368651
0.1204707226243727
0.1197223426658902
0.1187565489539151
0.1178504762966361
0.1173050639460241
0.1171236431179565
0.1163857127194677
0.1161897271389362
0.1161324354591641
0.1160107487913298
0.1159355253710662
0.1158290054108369
0.1157245157297923
0.1156255867641407
0.1155483601053879
0.1154500562005489
0.115365686198885
0.1151785783325755
0.1150466912901676
0.1148972291499949
0.1147544467846309
0.1146745677503133
0.1145683581730776
0.1144741290310435
0.1142496879225803
0.1141161392330984
0.1138667614941004
0.1130410673358579
0.1120360243805911
0.1119703157056268
0.1119297897728449
0.1118875761448992
0.1118087418913283
0.1117487241519435
0.1116784336442721
0.1116158209192928
0.1115742949100756
0.1114969168498374
0.1113534924750823
0.1112584281276868
0.1112021200991179
0.1111699908861439
0.111063459776857
0.111025327422177
0.1110019872882648
0.1108248603766656
0.1105236210908749
0.110266911154971
0.1100343849390768
0.1098470907402045
0.1096855409188188
0.1094868766208665
0.1092111531133207
0.1088991411308103
0.1087138025326638
0.1086386897858592
0.1085472405406412
0.108505754589264
0.1084829059801857
0.108433416707635
0.1082518194781601
0.1080860170963366
0.1077614379828781
0.106842441787677
0.1056304834110935
0.1047350495394731
0.1041584486964331
0.1033367040916651
0.1030337573565361
0.1028756950427611
0.1028184501925159
0.1025837588348104
0.1023823251051906
0.102318909756479
0.1021308323963109
0.1018926414276373
0.1017055871382141
0.1016378332787033
0.1015623084052009
0.1014647319501951
0.1014383471171325
0.1013484528179885
0.1012671379668628
0.101178920947843
0.1010823279334433
0.1010060093604934
0.1008447402591929
0.1006301895438271
0.100428684023446
0.1003571096030016
0.1002947295489979
0.100234228109174
0.1001403753618695
0.1000879913753806
0.1000569607578546
0.10001723462
