2.328927465660271
2.293402583865828
2.188868547745569
2.047301660531414
1.850874225648814
1.747078910879511
1.603431593852427
1.516085802730664
1.417855207112976
1.328894698376399
1.232227672784524
1.124296899290761
1.068017162693622
1.035872649170238
0.9702622439942079
0.9349659867367042
0.9146761190614067
0.8448157752403235
0.8214617771889632
0.8105180638822417
0.7941694576223135
0.7872106555525392
0.7810087610681701
0.7418404025687251
0.7036698623072984
0.6557228939035531
0.6244774121331536
0.6129885074457767
0.5818573284767861
0.5637800296273698
0.5432174255260123
0.5235022874185513
0.5106040705961896
0.5010258220928422
0.4782579519917336
0.4681989805429252
0.4630387507909739
0.4555805561021136
0.4521670017539248
0.4494229881292715
0.4420021112216314
0.4315442888083875
0.4281220717209214
0.4260982784830236
0.4240083049571125
0.4169113485560529
0.4112306398792208
0.4071667881663973
0.3989086053551895
0.3909142602401102
0.3826625474973708
0.3775922099341245
0.3736472932828019
0.3691163823810306
0.3673462033591171
0.3661497116321758
0.3645591465614421
0.3630603031939769
0.3613807461320084
0.359953182484913
0.3476647920283273
0.3389196066148966
0.3325755946067352
0.3251098579158441
0.3157090486935306
0.3052515522623563
0.2946001988933403
0.2836892078813801
0.2803837085913381
0.2758902213098386
0.2739032756893639
0.2713643601948927
0.2699948862402147
0.26940086596727
0.2671644715968473
0.2667735119382695
0.2658267295437521
0.2636674180417165
0.2621677005686162
0.2607312764697944
0.2586320592433984
0.2575327576738789
0.2564750565534364
0.2556936383381629
0.2553656212622807
0.2545917735715845
0.2537707186920595
0.2532325307734371
0.2527622830339195
0.2512618664466047
0.2493923160866704
0.2489305436944127
0.2483625044409188
0.2480420899943315
0.24784050056957
0.2471029874520305
0.2468661667105238
0.2463873487333253
0.2457450686254472
0.2452681759905354
0.2446534769696615
0.2435312938626552
0.2425110540328062
0.2414610731567416
0.2388670927809585
0.2363009863815706
0.2297671331098687
0.225464200577903
0.2229193160960099
0.2168332908892347
0.2133712014862502
0.2127363231506181
0.2101491191971935
0.2092517753588549
0.2087131096470826
0.2076198680119733
0.2062170864805964
0.2056677932667548
0.2054161053914593
0.2051405076129726
0.204503081673694
0.2039576340211995
0.2033054285792255
0.2014372239278454
0.200440733253807
0.1999580536401102
0.1985737800726136
0.1977596811530194
0.1975923295049505
0.1969086623091689
0.1966591866547587
0.1963642618708734
0.1958365081041923
0.1951212861654162
0.1948061949033083
0.1946518474527288
0.19452550024807
0.194103642241919
0.1935772969081447
0.1930921005393035
0.1926808684876991
0.1923081695547184
0.191793092090806
0.191259589514294
0.1907784690894685
0.1904378082608314
0.1902557973179491
0.1895444574995391
0.1875599167515224
0.1859210807681415
0.1850445171584958
0.1838574157381255
0.181203771244048
0.1797889376177481
0.1796650752538211
0.1786955054881799
0.1777514335320942
0.1775388038272455
0.1774139966557361
0.1772613009380784
0.1768787647403296
0.1759939673461559
0.1756981815534717
0.1755071945208541
0.1752317042119983
0.1749814037378168
0.1747749388344229
0.1744973117536048
0.1743367518598648
0.1742181149293652
0.1740857887964105
0.1738155502037402
0.1736669758546129
0.1736137172182653
0.1735055003306074
0.1734442741561926
0.1733515963142918
0.1728862560387453
0.1728037135331337
0.1726989733548127
0.1724973964418205
0.1718560002329503
0.1681700712825251
0.164331125407866
0.1612097828972017
0.1576975188446618
0.1545541295191465
0.152527601252031
0.1499106151242115
0.1484201582211748
0.1472302250750719
0.1443309688364736
0.1434785258463399
0.1429454050260443
0.1421654119908497
0.1418777856106115
0.1415603253997256
0.1409500221364165
0.1401715793212655
0.1397439399269202
0.1396719825146081
0.1393909385880673
0.1393113671538157
0.1392400292752707
0.1388900792987427
0.1387309230369906
0.1386709458424213
0.138419438215759
0.1383665523249964
0.1383064283145992
0.1380925029442056
0.137892173134961
0.137328653558678
0.1360801350894562
0.1355628274161839
0.1348097514644249
0.1343404427516565
0.1338241765836412
0.1334875240715671
0.1334205263399154
0.1332116157541995
0.1329846090268982
0.1328448509717758
0.132767006397209
0.1326587047480734
0.1325484075997901
0.1324516671530747
0.1323574865425222
0.1322489496973222
0.1320671607935755
0.1318346854220993
0.1313589280028986
0.1311043720667079
0.1309318311082392
0.1303625787952577
0.1302832936182621
0.1302084250020188
0.1300877990836956
0.1299919519054479
0.1299207744937737
0.1298242744725093
0.1296151420694018
0.12940329761989
0.1292838061621524
0.1292038798562955
0.1289880389232491
0.1289149892269121
0.1288778205719429
0.128853362650714
0.1287674340711433
0.1287199453601447
0.1286919557067092
0.1286701968709442
0.1285968352972862
0.1285145553262075
0.12848064840965
0.1284104320366098
0.1282066799204029
0.1274175582619287
0.126498323757061
0.1263901348212964
0.1263231930750789
0.1262535470621034
0.1261731962547193
0.1260145874985217
0.1258723817143469
0.1257368113718847
0.1255374456480196
0.1253659715447571
0.1252622069816506
0.1251153684970149
0.1250042462844511
0.1249113492402542
0.1247865570359188
0.1246554762731459
0.1245936712415411
0.1245241095919964
0.1244754421550478
0.1243982857083492
0.1243177170752787
0.1242784203669229
0.1242599932056562
0.1241805622867354
0.1240430967835261
0.1238516892887964
0.1236549548137241
0.1235688242815444
0.1235463114017233
0.1234729228769359
0.1233775746269528
0.1233075008421413
0.1232267170165298
0.1230870156682917
0.1228966236163313
0.1225892506945134
0.1223608297573702
0.121939472478407
0.1215416851059443
0.1214134505825077
0.1213478531082942
0.1213125979061799
0.1212732422682799
0.1212220754836693
0.1211709953463449
0.1211312172235722
0.1210373655786725
0.1208924288878322
0.1207720176091698
0.1206522946140758
0.120606993716531
0.1205848046083632
0.1205617365150813
0.1204744421910486
0.1204021674886294
0.1203587506446312
0.1203394914006852
0.1202605767724902
0.120204058626147
0.1201455692505043
0.1201219292220515
0.1200633935801467
0.1200334822411791
0.1200039045904752
0.1197874484038743
0.1196852851859694
0.1195375436941138
0.1194661566306602
0.119449657050033
0.1193792410322404
0.119363904193854
0.1193538220876386
0.1192334614328163
0.11912331903629
0.1187390709963893
0.1183473451812633
0.1180109321544513
0.117001796443414
0.1158119670391175
0.1146519732329776
0.1142234879203283
0.1140763853154954
0.1139250519227381
0.1138440173583692
0.1137588603243615
0.1136787268932047
0.1135690775662419
0.1135165799731328
0.1134939345550137
0.1134219997143438
0.1134018633375097
0.1133585137109078
0.1133018390565296
0.1131864579877913
0.1130816031628884
0.1126605101005023
0.1121875778162483
0.1118994953471228
0.1117676901379658
0.1114512554678942
0.1112612187548601
0.1111810349587277
0.111096710635415
0.1110291402262586
0.1109206546888182
0.1108085333556484
0.1107896524604524
0.1107700019016727
0.1107169030475731
0.1106452453468061
0.1105177223611941
0.110452434710936
0.1102928976886149
0.1101365331357835
0.1099755166762402
0.1097799616227317
0.1096778860689009
0.1096499610274643
0.1095332606637644
0.1094938542504717
0.1094783387118722
0.1094349479537922
0.1093250686729946
0.1089167700042709
0.1087880491117718
0.1087048682542223
0.1086460957964156
0.1085589558825619
0.1084848807927764
0.1084604045920123
0.1084241601604651
0.1084110968636076
0.1083975884454287
0.1083405384323685
0.1083240154665572
0.108301446205593
0.1082403894978417
0.1079380983913773
0.1076374122323558
0.1075343431259818
0.1074385363262947
0.1070374947062852
