2.306546869208889
2.302169211409526
2.302157289905199
2.301841495287359
2.301202061492282
2.301081499434454
2.300218881247373
2.300118632753599
2.292630931002511
2.155039582601367
2.153509061149341
1.969830986431592
1.861612116534066
1.794623017563858
1.647233390782103
1.573080637655259
1.529586209105169
1.514801763041149
1.416176664811001
1.390256824342012
1.361833783891637
1.342806145249761
1.303119484691069
1.277960990125888
1.249210508849995
1.218333644445929
1.202762746333317
1.170375596079912
1.150732258653693
1.126468102876269
1.1089653395941
1.107047366215811
1.097100418382018
1.089601631620072
1.079484568570022
1.067174448291042
1.055963417491329
1.050090382745741
1.040104489054631
1.03495645014701
1.030100009111003
1.024745071375352
1.021234069740313
1.012594415270343
1.006060268773475
0.99933896923279
0.9894606716599451
0.9857265639514144
0.9853402652897894
0.9702680270728543
0.9591420642487773
0.9508201616190317
0.9365121939414719
0.9353787443456966
0.9349840628107512
0.9290454443297984
0.9233948266778307
0.9200569012104292
0.9193829961413115
0.9179524354897125
0.9159818513749772
0.9130667833734636
0.91123980349711
0.9091544023465422
0.9072643439384274
0.9054826143707703
0.9042127040402583
0.9030188776140478
0.8998788129732328
0.8982735183980107
0.895028084742637
0.8924469086361664
0.8902475205769083
0.8876923669310984
0.8866465150824436
0.8835012132603345
0.881173045419648
0.8795442575575885
0.87716882088267
0.8743700228807292
0.8714565541573922
0.8663990764102394
0.8628120639298021
0.8563130394324787
0.8449730095868861
0.8368838352680056
0.8310988125543411
0.8258829544668083
0.8211974339639946
0.8205141905329929
0.8199140705803259
0.8186266827011037
0.8152936955143781
0.8086425604740292
0.8018539178391946
0.7969362342449676
0.7904028333926245
0.7848901965106017
0.7826682234211128
0.7786086256865881
0.7756005294598832
0.7733217596845957
0.7714992688079748
0.7676909901540285
0.7624405930286424
0.758495816573633
0.7552153917378265
0.7519941757922316
0.7510671731383787
0.7489770950425995
0.7466370188949114
0.7446337306410117
0.7422023525073794
0.7400738931866903
0.7377355427245242
0.7358850523511404
0.7339504850411048
0.7324634795380892
0.7323478035573566
0.7301009187433289
0.7288331866962644
0.7261944263944078
0.7245532343140296
0.7225029583408871
0.7214920562251863
0.7190510904921339
0.718872911182299
0.7176644605354217
0.715118812622678
0.7117754227362866
0.7093560260885375
0.7089364939712191
0.7065162667495006
0.7043272612481885
0.7011293847921479
0.6990991525899262
0.6970249571452132
0.6965139012260481
0.6955162663470239
0.6944332034509459
0.6931215521479975
0.6917483378921434
0.6901344131026474
0.6883832822722261
0.6860118146699788
0.6856490591944218
0.684176135720635
0.6837299121051585
0.683104611721112
0.6823205092135507
0.6813570041928642
0.6805535777988111
0.6794735500713112
0.679117457236568
0.6787873586214219
0.6782178381096541
0.6778630663472516
0.6775578956481875
0.6772735248749013
0.6771204322501915
0.6766427067627898
0.6764633346129787
0.6762922064486206
0.6759767306681383
0.6755624383983185
0.6754867192080748
0.6751675149671055
0.6750092092664808
0.6748328478604221
0.6747079060344124
0.6743992480382339
0.6741578761863037
0.6739735245302715
0.6738352781374065
0.6735559449356984
0.6734311693428684
0.6733305933330697
0.6732195333048315
0.673159637757112
0.6730756674682244
0.6730066075505521
0.6729610944650615
0.6728936695958451
0.6726973894871546
0.6726401880099047
0.6725751682372728
0.6724664864832731
0.6722962347743739
0.6720963407609821
0.6720094166320247
0.6718989153515487
0.6717976524743422
0.6717000899381294
0.6716298525767472
0.6715363697700476
0.6714135831221031
0.671353926129735
0.6713350045757599
0.6713004315810003
0.6712686459242497
0.6711992806119033
0.6711378802985685
0.6710527596326148
0.6709771375842511
0.6709257542966874
0.670893071488238
0.6708594483152133
0.6708183219707033
0.670776104656964
0.6707088307646579
0.6706266536294498
0.6705817048588992
0.6705379062534349
0.6704568520101988
0.6704015606828359
0.6703434316374703
0.670292057347204
0.6701725513880176
0.6699872664814076
0.6698724588373708
0.6697991755192623
0.6697453880965356
0.669681264856558
0.6696226912312443
0.6695182308032298
0.6693766089495787
0.6692491178044708
0.6691737364132236
0.6690575166727041
0.6689152375510719
0.6688217092792612
0.6687294143916181
0.6686694604672968
0.668528880378376
0.6684441208642391
0.6683353243474203
0.6681588081708103
0.6680404113470942
0.6680004021654926
0.667898530512271
0.6677771958424252
0.6677487099828214
0.6677064568857399
0.6676706304806052
0.6676260073640602
0.6675454081654471
0.6674596327007767
0.6673631418818412
0.6672800422603348
0.6671780974197311
0.6670715088546565
0.6670315678650514
0.6670171633268873
0.6669724264242818
0.66693565501972
0.6668910121994353
0.6668083561968094
0.6667194573516888
0.6666235478453948
0.6665449061602354
0.6664260106018771
0.6663265770211094
0.666226223732973
0.6661287829251724
0.6660014949176731
0.6659645046181778
0.6659035329544483
0.6658704633364207
0.6658492240371889
0.6657846083440834
0.6657619876161995
0.6657539439420795
0.6657203063794005
0.665704664161755
0.6656875638829042
0.6656493573397361
0.6656082088398061
0.6653949828199175
0.6650014055011017
0.6645990039129597
0.6641416988407232
0.6640899711550229
0.6640439176859934
0.6639754631261882
0.6639457680674289
0.6639142039495171
0.6638423612705299
0.6637662714690388
0.6636719856731919
0.6636001014103783
0.663493686525385
0.6634518881016046
0.6634070166807523
0.6633593968575811
0.6633075115559264
0.6632683665878298
0.6632102045182428
0.663165964455623
0.6631412891923768
0.6631260055988057
0.6630583173649215
0.6630325767052826
0.6630113043600379
0.6629788431816904
0.6629640087417353
0.6629421423631805
0.6629344388425962
0.6629043395046558
0.6628144356536534
0.6625938736099236
0.6622756935445688
0.6620199703359356
0.6619056468965647
0.6617451708737759
0.6616259116956977
0.6615209740537927
0.6612845390706018
0.6610771932277302
0.6607822475798071
0.6606074476324971
0.6604880958300381
0.6602208729469435
0.6599724586192575
0.6597347061734249
0.6595086708584068
0.6593821525096223
0.6592375995855309
0.6590999725289951
0.6590616958931463
0.6589869443434359
0.6589120490073348
0.6588464229292815
0.6587048153307519
0.6585768609841867
0.6584913456606435
0.658446757551394
0.6582656342655496
0.6581715872197275
0.6581595039888276
0.658110291279644
0.6580698847963311
0.6580452537367207
0.657999781278835
0.6579427609736802
0.6579052924854037
0.657881305997523
0.657833228547122
0.6577021681713677
0.6575398181021994
0.6574091000281386
0.6572066524488349
0.6571111370140045
0.6570876934446693
0.657021928532916
0.6569906191585303
0.6569839191165776
0.656915008744443
0.6568738665448881
0.656791634183953
0.6566982770259874
0.6566416675074812
0.6566252262766719
0.6565960373128942
0.6565604632788139
0.6565270976337698
0.6564966157164777
0.6564673117282995
0.6563972274401501
0.656317745357386
0.6562917329504241
0.6562679451409651
0.6562049249208826
0.6561318577046054
0.6560598897457014
0.6559839838506094
0.6559123530754488
0.6558738497871793
0.6558094278201199
0.6556825798655275
0.6556581100332767
0.6556408225709055
0.6555817258722764
0.6555137715085657
0.655472178949819
0.6554401337036724
0.6553972539231731
0.6553614113798195
0.6553430878750367
0.6553246864874803
0.6553046076056112
0.6552449536980736
0.6551838063226565
0.6550321659265517
0.6548351304943368
0.6546702182058589
0.6542599798581463
0.6538942277488872
0.6534995972319344
0.6530015358069383
0.6528037124438807
0.6526790489411965
