2.314190185457352
2.303594729462568
2.302811310749838
2.302604991035856
2.302563240338044
2.301064179910683
2.296777836114134
2.285385036764835
2.252437981289281
2.250289483777211
2.103885526461045
2.033548706844387
1.993603631448147
1.843776879869308
1.728285059227894
1.68221116075074
1.615893465972918
1.566608396769727
1.508362239125887
1.458240413482601
1.400176104011251
1.367406211127619
1.311565708864653
1.272879622680391
1.256405267928543
1.2330110778029
1.218717184414284
1.202630027913349
1.179583429127937
1.164461380780281
1.144173993251251
1.101460083944197
1.052198303724507
0.9929282734843975
0.9715597764890332
0.9711455730975165
0.9406523568755768
0.9221916973960322
0.9178410212577814
0.9077532631698358
0.8959990105326971
0.8861700356689374
0.8780556949168314
0.8698633487106326
0.862161264388784
0.8513189180714692
0.8388395813507102
0.8300395889639124
0.8091805224045847
0.790842657118637
0.7609886510487723
0.7396097679566709
0.728622956838899
0.7119821847937544
0.7009437747202734
0.6830037431847934
0.6679502738730713
0.6630683427683011
0.662474379711684
0.6583359083618434
0.6555968856795901
0.6523621988377201
0.6405729915273368
0.6400937941089726
0.6379479643637996
0.635008913680661
0.6324485812215961
0.6311213605120564
0.6294868496883341
0.6269133613165704
0.6248280469880366
0.6230545918266425
0.6212732756126913
0.6194542419402232
0.6188269518635588
0.6177975054179847
0.6168289841149907
0.615668763909487
0.6149829640706876
0.6138690436858181
0.6127218319258235
0.6114278234403346
0.6102091827247802
0.6092787363596559
0.6090624932726333
0.6085616478985942
0.6072719768175412
0.6066695104250308
0.6059294312718342
0.6056994163679761
0.6054911251473684
0.604729328260561
0.6046782200761387
0.6045508584665185
0.6040947525910912
0.6036168738563672
0.6032707990568096
0.6028124207020111
0.6025565879959777
0.6021062596938208
0.601890950613611
0.6018107226614832
0.6015662942110426
0.6012462394053686
0.6010582347170561
0.6008583257361998
0.6006228258760328
0.6005142727288346
0.6003545486734057
0.6001807015841728
0.6000553232631899
0.5999044333920085
0.5997736402444337
0.5997027287114549
0.5996363298103091
0.5994951412014174
0.5994376633087185
0.5993569526332413
0.5993258046769617
0.5992910272173564
0.5991910610663157
0.5990875691581059
0.5989634904752777
0.5988998044970276
0.5988666748843129
0.5987230830395608
0.5987129204477957
0.5986935004687075
0.5986312171774648
0.5985430646182367
0.5984595973115531
0.598398024081081
0.5983310006060883
0.5980337790050925
0.5979114076211198
0.5978133496243448
0.5976884442179027
0.5973338617279806
0.5970776546356539
0.5968131716644139
0.5962669596524577
0.5958340993918654
0.5955966977265243
0.5953842488650234
0.5951287220506742
0.5948959644264709
0.594829858864567
0.5946416353324603
0.5945337400390347
0.5944670562721573
0.594220059410302
0.5941008975205049
0.594037278936859
0.5939619116243435
0.5938587755381199
0.593813041633441
0.5937512726256203
0.5936603751209676
0.5935527654051072
0.5934610238729485
0.5934296363328055
0.5933620056441061
0.5933205062531318
0.5932695450276454
0.5930542491106482
0.5929967021630262
0.5929180671077499
0.5928884249006098
0.5928155693445599
0.5927872187553063
0.5926667799200858
0.5926302623677583
0.5925768577726949
0.5925634105888149
0.5925076268795434
0.5924508680228486
0.5923409792742953
0.5922471091369612
0.5920744447096276
0.5919445009546047
0.5918045298745156
0.5917060824330386
0.5916591058062953
0.5916061615856459
0.5914517441607402
0.5913177102665279
0.5911874440669996
0.591025259082504
0.5908879272342838
0.5908433233848069
0.5907968272138994
0.5907546109186639
0.5907077702548162
0.5905271930104171
0.5904539897557441
0.5903512438650903
0.5902566513950454
0.5902164838419024
0.5901960207334841
0.5901259029808229
0.590095957068139
0.5900695872392667
0.5900348376293629
0.5899240919216979
0.5897978144805037
0.5897005972024378
0.5895926726974808
0.5895394660851323
0.5894618042471892
0.5894515521182079
0.5893252266303087
0.5892757419091817
0.5891510525294387
0.5889799647511087
0.5888906944376824
0.5888302031274679
0.5887679573888638
0.5887319448050354
0.5886871802195287
0.5886690977508706
0.5885920457570555
0.5885789438598431
0.5884996341999119
0.5884536958478102
0.5882511131469847
0.5881851342471895
0.5880944523662426
0.5880384117112817
0.5879655673851171
0.5879381786881455
0.5878981872859843
0.5878856935918331
0.5877825138367521
0.5876808857630327
0.5874154230213582
0.5873308847139945
0.5870899473281624
0.5870414515683792
0.5869659855009762
0.586934348420833
0.5868510389100393
0.5867782557681031
0.586675748816311
0.5866463703300338
0.586621483310428
0.5866018334293146
0.5865093901511979
0.5864216117839874
0.5863164161986871
0.5862632715133611
0.586218827262225
0.5861649179126988
0.5860479800956598
0.5860285927508748
0.5859618387803188
0.5859028366747918
0.5858291006310795
0.5858019106035375
0.5857771905054324
0.5857405190310699
0.5857057807949676
0.5856416480607795
0.5855949844362135
0.585505102411115
0.5853021648964903
0.5852217276933229
0.5851535000956513
0.5851167034954609
0.5850526755263336
0.5849303817665226
0.5848215353483207
0.5846909661882062
0.5844968837092249
0.5844567741716247
0.5844036323250099
0.5843882587070618
0.5843360892586916
0.5842858031924436
0.5842188091483878
0.584202962121444
0.5841801412814444
0.5841590315643759
0.5841385979284208
0.5840284752736038
0.5838873953866514
0.5838197132145211
0.5836966094211079
0.583599236458813
0.5834997466430544
0.5834372342352552
0.583376734543774
0.583331478684513
0.5832884230279796
0.5831988045597244
0.583152943479795
0.5831248984998699
0.5830565201076191
0.5830294350670436
0.5829357418894996
0.582910518868153
0.5828070678246698
0.5827071485019697
0.5826722154126827
0.5826237857223051
0.5825867287422857
0.5825368817170526
0.5825274910958117
0.5824526436035596
0.5823463190859225
0.582324963015631
0.5822545553362474
0.5822026070367708
0.5821214631455205
0.5820445315900841
0.5819825844176753
0.5819619782046674
0.5818824353527227
0.581864245473756
0.5818001709767724
0.5817258915592516
0.5816748020036593
0.5816449795640792
0.5816171411112061
0.5815948016083959
0.5815769603065626
0.5815274739516431
0.5815043212475335
0.5814737710918235
0.5812662803038758
0.5812355609757724
0.5812143644809238
0.5811761998903708
0.5811581712803295
0.5811479719125998
0.5811109755401666
0.5810985128648399
0.5810547916533706
0.581005362742292
0.5809727511278479
0.5809461432851353
0.5809017154869508
0.580788160762278
0.5807387937778562
0.5802657549665354
0.5800831946010098
0.5799151456743108
0.5784789826800193
0.5774161085595212
0.5710648238161641
0.5670790264209795
0.5669315357304284
0.5668286499723634
0.5646722220664607
0.5640355204980371
0.5623740384456364
0.5612001013131407
0.5607925957381364
0.5602091525621344
0.559341674835193
0.5588116635563741
0.5587292859764609
0.5580692330645101
0.5574189058702695
0.5571184805298115
0.5570490590513355
0.5565249038932781
0.5560574471302077
0.5557651345756096
0.5554438038086779
0.5549472229125219
0.5547755222209317
0.5545826718141887
0.5544904305559152
0.5543713620239816
0.5542970323205741
0.554176812449386
0.5540603359611583
0.5540033181473795
0.553984985983867
0.5538780686489424
0.5538248331353409
0.5537768471754927
0.5536704146280069
0.5536351072380943
0.5535928650298778
0.5535434206890426
0.5535024365102419
0.5532135224536415
0.5530475946098938
0.5529099648130682
0.5528266222030964
0.5527121605151021
0.5526068128197414
0.5525033885648984
0.552437449551517
0.5523866845396319
0.5523151903064083
0.5522066737027156
0.552172163017557
0.5520765470075409
0.5520428389907567
