2.31035953531487
2.305715579284843
2.305459746663276
2.291035017274404
2.275669948094883
2.169839851043213
2.153486933241472
1.937887776606919
1.759346195821607
1.718570058314559
1.660164476016043
1.557788547101843
1.441143397356968
1.317321390138934
1.265414194394436
1.187407552024862
1.121691955202171
1.070618654970229
0.9760021991291689
0.9335845407968694
0.8761705340625839
0.8255012866451917
0.7650996479750718
0.7177540956681709
0.7096874391553145
0.695481475942935
0.6718300972129299
0.6476688986754305
0.622633161355197
0.6098262081581328
0.5890734207117393
0.5828470050085418
0.5704216537653348
0.5592970718177099
0.5489670849779613
0.5272161058506153
0.5002314897315832
0.4854293171051404
0.4780920661393133
0.4758442183150776
0.4738707626416681
0.4639572578394204
0.4540567814500015
0.4454164101000527
0.4347886917236551
0.4267055456378408
0.4161397221354924
0.4110610157812917
0.4073754932295064
0.4028448910199555
0.3967537792207939
0.3913763332376919
0.3880205546212191
0.3870663718065205
0.3863465557760664
0.3833216785556463
0.3795658607196085
0.374606366530056
0.3700310193016505
0.3668172610150144
0.3653592798922925
0.3644632787137325
0.362900535111199
0.3606960781234168
0.3588858612631433
0.3577703489465826
0.3569438617010534
0.3556388041089693
0.3544751802076392
0.352866394725848
0.3513359868334906
0.3494940486812844
0.3481349677409893
0.3462584339072768
0.3451654868853679
0.3438074139225734
0.3414548789914997
0.3398775801138929
0.3391779094400509
0.3386951077693777
0.3369743763909005
0.3359375115987554
0.3349430884054106
0.334456158736778
0.3334737133378862
0.3332246107918198
0.3318656302071213
0.330806757671407
0.3297295139341041
0.3285515563006363
0.3279993109459344
0.3277158103733058
0.3267166910115522
0.3256535268065456
0.325201528448322
0.3244672809300336
0.3238224535878701
0.3228333876879987
0.321705780878708
0.3213913674732711
0.3209539016814876
0.320618159883432
0.3200718272765765
0.3190737194656509
0.3181257917541498
0.3173309677942599
0.3166224862310557
0.3161673316124055
0.3156268865548083
0.3149678914373341
0.3141786174831812
0.3137429714922449
0.3134703820060044
0.3131099966784775
0.312696379509888
0.3123741803126817
0.3120207401660218
0.3118798877979562
0.3115985194025965
0.3112229100721051
0.3109302014627695
0.3105855523274815
0.3103721102619141
0.3101461539253529
0.3099852748416305
0.3097720205367535
0.3096278658023096
0.3095081782038447
0.3093757443544688
0.3091799118243171
0.3090761262827485
0.3090440687123487
0.3087607258291705
0.308582503439332
0.3084647393780507
0.3083920543311973
0.3083317965478544
0.3081577017489002
0.3080227201367483
0.3079510259810493
0.3078438176495252
0.3077736664067519
0.3077109600388805
0.3076280986708689
0.3075181266021874
0.3074055061782379
0.3073167381224732
0.3070611943496233
0.3068451398954815
0.3065107043215262
0.306315458167066
0.3061164589429081
0.3059489230009014
0.3058246525554382
0.3056502582102429
0.3054892057424131
0.3053717155972621
0.3052170549275482
0.3051346073531274
0.3050817047102967
0.305024167906886
0.3049852194514526
0.3049052827911601
0.3047185947076153
0.3046489938410423
0.304486463506536
0.30434191195942
0.3042170192474084
0.3041614400054517
0.3040848998106302
0.3040426294935062
0.3040268019782225
0.3039591195049777
0.3039368347480172
0.3039112564964814
0.3037113973054426
0.30357263801385
0.3031818547956957
0.3029915714748702
0.3028677141425159
0.3027178848087536
0.3025926753841769
0.3025408820211808
0.30243521695756
0.3023432863822923
0.3022677095621876
0.3022104000094947
0.3021228285285507
0.3020632950455896
0.3019840328913545
0.3019108975431982
0.3018395903449595
0.3017515384498534
0.3016779777582271
0.3016036229471084
0.3014790934163354
0.3014321039512243
0.3012718338043883
0.3012009351256955
0.301159206346358
0.3010891447508343
0.3010348627256762
0.3009838029219787
0.300925210771081
0.3008909475737621
0.3008485702891693
0.3008082825247888
0.3007688807936789
0.3006574161842984
0.3004581899453188
0.3002878660492404
0.3000773693883022
0.2999419026440338
0.2997950265828523
0.2995892465199316
0.2994971526033057
0.2994686580543255
0.2993700618298432
0.2992904865782933
0.2992502905680982
0.2991936076524086
0.2991731370264463
0.2991202575506731
0.2990596814722482
0.2989786986104157
0.2989258884966376
0.2988924666689207
0.2988585716584036
0.2987614948010348
0.2987240927506075
0.2986821382958504
0.2986422857143666
0.2985737550675817
0.2984508347182872
0.2983230771229176
0.2982262781528965
0.2981274465740223
0.2980103604471785
0.2978700072550206
0.2978293069824512
0.2978238400194807
0.2977516883733116
0.2977163208814353
0.2976509063864765
0.2976035754313791
0.2975513801212175
0.2975133911710093
0.2974803860735917
0.2974099877703403
0.2972999314436879
0.2972019737018848
0.2971019060977456
0.2969857186667879
0.2969145717459184
0.2968080358697737
0.2966030470533257
0.2964632196072576
0.296251817110007
0.2961313333854081
0.2960356008514846
0.2959550940808254
0.2959188841266616
0.2958752348627687
0.2958247846731799
0.2957459774240078
0.2956855639592878
0.2956365167426599
0.2955662216912918
0.2954954027393281
0.2954734513850895
0.2954116666614499
0.2953643613764554
0.2953025110602008
0.2952356012750425
0.2951815493086929
0.2951207659603545
0.2949929048382687
0.2948934290133318
0.2948235591014644
0.2947261315398486
0.2947008848533064
0.2946857042375972
0.2946628899491203
0.2946323750381225
0.2946007523733444
0.2945643687124971
0.2945432725284312
0.2945130446448764
0.2944767729117543
0.2944455954502855
0.2943783336897956
0.2943014513269301
0.2941155714729846
0.293976624455399
0.2938064791037953
0.2936733149458074
0.2934810377135902
0.2934077718009085
0.2934010482873726
0.2932854918387554
0.2932390852039549
0.2932072695594499
0.2931584098235138
0.2931363515766928
0.293127123934063
0.2931039773029464
0.2930834505812817
0.2930591453062538
0.2930097689871651
0.2929677740246774
0.2929354926770443
0.2928323445100003
0.292815156775957
0.2927692751955523
0.2927577355201287
0.2927096571618632
0.2926921193799366
0.2926742907689656
0.2926496687693606
0.2926068130387142
0.2925886835384618
0.2925138642508399
0.2924656394771503
0.2924489886154973
0.292427332450844
0.2923865466217574
0.2923515341398061
0.2922746591468427
0.2921922982456662
0.2921449270958693
0.2921397660578476
0.2920526701056354
0.2920293520997328
0.2920129555189586
0.2919600175136773
0.2919218161265901
0.2918859770400073
0.2918442551338579
0.2918211553922372
0.2917874888362604
0.2917568646786696
0.2917066657017387
0.2916788794795894
0.2916359540984834
0.2915971576030009
0.2915665978375199
0.2915263821607832
0.2914849806907302
0.2914512044578492
0.2914334846010002
0.2914098548448226
0.2913885825018255
0.2913511052976598
0.2913316586907492
0.2912764809382216
0.2912537846265947
0.2912475479533135
0.2912115707861974
0.291191706303811
0.2911559199125781
0.2911265952583021
0.2910374535958716
0.2909110324115744
0.2908365753753218
0.2908190060725116
0.2907722213079422
0.2907356167126204
0.2907201032096944
0.2906761124559898
0.2906382379265472
0.2905865291892389
0.290518843811192
0.2904770633184236
0.2904373995652023
0.290323417318489
0.290239232852775
0.2901760718110412
0.2900957184788776
0.2900604687023132
0.2900279850294847
0.289988698927733
0.2899370583381651
0.2899205965582048
0.2899018757328608
0.289881636352379
0.2898613171514155
0.2898020629374403
0.2897468211470371
0.2896888887050579
0.2896419955874043
0.2895813612526728
0.2895299125474711
0.2894830345636834
0.2894214877044849
0.2893575350556123
0.2893409985644059
0.2893218763544613
0.2892993371247579
0.2892780411662723
0.2892432338535653
0.2892118542166797
