2.324677683394648
2.30510335660487
2.304940933761517
2.304454088240035
2.30391142625254
2.294521001187655
2.257940071466831
2.089006831584212
2.066813056137467
1.980541019549922
1.898134179014318
1.818688483430623
1.756386483089138
1.597081875739087
1.503664033539288
1.440239315292095
1.378977584020169
1.240254271874535
1.152529176179999
1.094488377865171
1.032825571710011
0.9919753207305577
0.9672764634173199
0.9590789166715672
0.9321802647603153
0.9112648516713581
0.890388490459486
0.8711187781002491
0.8497478425148381
0.8349510344348101
0.8219954445422663
0.809740217369348
0.7930684967486435
0.7717686538631292
0.7496528555262681
0.7341579109190187
0.6920699919688553
0.6661409743881502
0.639138113226972
0.6248950037034964
0.6025145287918334
0.5938280409619756
0.5798857913749506
0.5616344377333935
0.5459028322586683
0.5286692692556687
0.5249795248833337
0.5177972406411575
0.5090412440185481
0.5039698922626683
0.5029591206569254
0.4989680945186749
0.4965412856333182
0.4946755211341526
0.4901455110960163
0.4871981216793446
0.4838916561180735
0.4821256127625019
0.4803745108863685
0.4779105399593612
0.4757787341486339
0.4731223198033964
0.4703209139744852
0.4684028266488364
0.4667931791927238
0.4661106939699678
0.4628958299002887
0.4581933024014894
0.4568479211051641
0.4550594049650478
0.4530077925930528
0.4514632652516032
0.448490017194642
0.4435440109031729
0.4421436737685932
0.4416360899156725
0.4401447002721123
0.4382724270421757
0.43660032192165
0.4350084343749436
0.4341994148887541
0.4327471109958484
0.4308695716563566
0.4302383135316715
0.4288584567678509
0.4280602647313508
0.4272117384399134
0.4261335998721278
0.4256691707555141
0.4253456960356066
0.4248073750946845
0.4242795526687215
0.4234611634384423
0.4232614392290472
0.4229997486993906
0.4222695396621856
0.4219681946339033
0.4218934324802078
0.4216353191959304
0.421469703505909
0.4213665610080366
0.4212187521644695
0.4210832201179829
0.4209856853524725
0.4208239522732806
0.420736288978647
0.4206603391416818
0.4205794330806727
0.4204469333019552
0.4203170339709729
0.4202549297328493
0.4201735038154258
0.4200992475602389
0.4200099723753534
0.419931048274275
0.4197974003307572
0.4196271354232564
0.4194769467476577
0.4193619960622994
0.4192261988585221
0.4190902199605896
0.4189202407435846
0.4188491795151327
0.4187249917005296
0.4186658333212336
0.4184629636129652
0.4182546590163261
0.4180666403075586
0.4179306537524576
0.4178773022823984
0.4177978323944422
0.4177310705949789
0.417704755352682
0.4175282036433354
0.4174151742886817
0.4173347314332247
0.4171696835528034
0.4170584581581953
0.4168215297862004
0.4167570053492508
0.4165503607950914
0.4164325912386698
0.416377129275999
0.4161808798086938
0.4161197522527949
0.4160361400744843
0.4160014344379291
0.415877597431844
0.4157952679400044
0.4157332135203504
0.4155150107325606
0.4153235960383213
0.415144362960727
0.4149999062377384
0.4146885581446735
0.4145561609490617
0.4144743270511654
0.4144094755351101
0.4143789118764453
0.4143128876495542
0.4142169271530006
0.4141540984613952
0.4140808925065662
0.4139035521816259
0.4138569946417368
0.4137774848064716
0.4135948518576829
0.4135325596655566
0.413497167602206
0.4133384764790987
0.4132883827309412
0.4132353180103255
0.413085960277241
0.4129422564656174
0.4128392857350696
0.4126494382577322
0.4125444257524369
0.4124353644312125
0.4123111506271707
0.4122152003195383
0.4121717072477388
0.4120373294571638
0.4119764569788417
0.4119067080061024
0.4118328428528456
0.4118004528984365
0.4117355102890552
0.411653889763837
0.4115942628416566
0.4115513552538846
0.4114488364454219
0.4113156635637694
0.4112485849876322
0.4112102697146064
0.4111641478250326
0.4110156390492979
0.4109514211855659
0.410800285504027
0.4103190101518877
0.4098373200841011
0.409335088991475
0.408764216511149
0.4084043017347112
0.408177230849246
0.4076580945875269
0.4073942621094127
0.407183081534545
0.4070684711495607
0.4069149517354649
0.4066910197756465
0.40648003381633
0.4062917706242133
0.4059602309947603
0.4058202499688383
0.4057809196184531
0.4056024801635726
0.4055329394672457
0.4054737304003247
0.4053965699691069
0.4053311492472805
0.4052545941528033
0.4051391897914084
0.4050655937793939
0.4049137458567807
0.4048063153345968
0.4047523642343552
0.4046902915246257
0.4045802663406586
0.4045174720500177
0.4044296679567937
0.4043913400393367
0.4043668146991176
0.4043318972273531
0.4043020568595491
0.4042307431750541
0.4041421040790351
0.4040722300183351
0.4040339253382458
0.4040245301009774
0.4039887249730862
0.403955710539273
0.4038900342359952
0.4037937365662458
0.4036397814714037
0.4035228343670491
0.4033658506685905
0.403316165470207
0.4032838128479635
0.4032632954484296
0.403220524627365
0.4031899122524915
0.4031655568136236
0.403137590017637
0.4031111880102519
0.4030946848593702
0.4030726480814979
0.4030015759001939
0.4029496117399601
0.4029264655841189
0.4028883779888572
0.4027814329283639
0.4026383968406183
0.4026071647186441
0.40257540707289
0.4025322644717617
0.4025096933407707
0.4024436705812571
0.4023597730907484
0.4022713387592072
0.4022445236835702
0.4022273771893413
0.4021715401304728
0.4021336329221449
0.4020947653156685
0.4019923086152744
0.4018542563710163
0.4017285970104816
0.4016904448474247
0.4016589093062587
0.4016194087123875
0.4015838954528925
0.4015612573930544
0.4014710620903698
0.4013976979602217
0.4013310231441355
0.401231265470481
0.4011779914032075
0.4011552830930445
0.4011036410597018
0.4010684961587208
0.4009929138055378
0.4009378774546201
0.4008657863498729
0.4008115347969683
0.400764455186112
0.4006907442818545
0.4006201607964024
0.400594516554037
0.4005654627368295
0.4005365907804719
0.4004744042957791
0.4004065866777465
0.4001591414092738
0.3999273196866609
0.3998681841260925
0.3998002612965895
0.3997618597577736
0.3997293525184989
0.3996583105874118
0.3995346803179715
0.3995031732396047
0.3994623838139121
0.3994456163953324
0.3994095611468446
0.3993568308149411
0.3993329976677667
0.3993141267608195
0.3992899958034596
0.3992737953346044
0.399261045383239
0.3992136992808121
0.3991527270676956
0.3991265163646623
0.3991179190352778
0.3991043861583203
0.3990904101227057
0.3990780343858973
0.3990075117128751
0.3989283292207584
0.3987299374227957
0.3984637629982934
0.3983855320280927
0.3983496085677717
0.3983075137365595
0.3982824635270713
0.3982570280398881
0.3981635192397174
0.398110560389941
0.3979952700310071
0.3978937138073836
0.3977625318970786
0.3976939944469207
0.3976825049997978
0.3975958145271993
0.3975725755688849
0.3975558960774285
0.397539967638596
0.3974839533901439
0.397456638009239
0.397431206164552
0.3973183629241027
0.3972187708512441
0.3971697791903044
0.3970995152362047
0.3969490595557495
0.3966451430310878
0.3963985249838778
0.3959855974061532
0.3956487427423863
0.395513094861648
0.3954388269873805
0.3953331295099652
0.3952853944688512
0.3952643951622721
0.3951924636352764
0.3951575363069249
0.395125293369629
0.3950343882900199
0.3949159170064712
0.3948204715285568
0.3947173162393492
0.3946048189371633
0.3944947203821331
0.3944335153861698
0.3943651934062971
0.3942901257295423
0.3942096448353133
0.3941537440075074
0.3940856393580474
0.3940334509726813
0.3939011426684177
0.3936871637528216
0.3935644628900247
0.3934139333310757
0.3932979902904896
0.393160443855164
0.3930004682496542
0.3929165596430664
0.3928642431775259
0.3928124841457756
0.3927534989520756
0.3927097501863353
0.3926885872802207
0.3926087403720131
0.392536700183057
0.3924726256351743
0.3923120359062768
0.392171261300915
0.3919754759186007
0.3918486549005195
0.3917363170661219
