2.346560370881865
2.306590850163576
2.306431324932433
2.305176510318062
2.304922181450483
2.297916847512578
2.294731468322755
2.121575527137141
2.111716096435554
1.875085585010336
1.786415009835868
1.775419399175194
1.651969895114726
1.623512576139132
1.53440781977728
1.41057631993536
1.389415698075077
1.365243577609531
1.328341815281503
1.302325378404865
1.266782479179914
1.205407615264493
1.15595592513552
1.076677102074192
1.016894625855248
0.9810866211974744
0.9385886220705463
0.9025721769768762
0.8601970616046616
0.8308530665766201
0.8042843074274916
0.7835982702312688
0.7604918478741304
0.7456581224195434
0.7420015979957898
0.7132457832149052
0.6906039367667131
0.6829366284101905
0.6634656082030238
0.627525199484978
0.6190070022355332
0.6151035078894661
0.6029988109675239
0.5946591044062569
0.5860655307545936
0.5823057873597167
0.5805427968625752
0.5747114717002746
0.5705677305720032
0.5654692914314552
0.5599086232240397
0.5557379667479611
0.5514594065884117
0.5477027288692947
0.5448600042308898
0.5432904428214822
0.5363113597193425
0.5306909476482218
0.5266958457806726
0.5241694493757656
0.5228126421624973
0.5214592457782117
0.5187275679328095
0.5155870699805938
0.5136501836785325
0.5117686892839173
0.5111376283093015
0.5102982227539107
0.5084017853425565
0.5070309234599597
0.506365082471177
0.5040170030332011
0.5012045342181415
0.4999545338534906
0.4989746595797772
0.4976677777254525
0.4946703636648652
0.4926314526280068
0.491781722593575
0.4912519091348906
0.4904313635051418
0.4880388242412722
0.4872718700739233
0.4863142988339509
0.4843439527670012
0.4831696427501478
0.4823233267915086
0.4808688128509721
0.4796174270315212
0.4789966329669406
0.4782577612043261
0.4773031612622636
0.4768572636355551
0.4761260753229033
0.47547839915096
0.4744996812078838
0.4738317649262843
0.4737239840365961
0.473004415218526
0.4721148425511788
0.4717509448812235
0.471511734661074
0.4710095234663814
0.4703175187656818
0.4696184234914901
0.4691646025754089
0.4684707817088678
0.4683689533246873
0.4677084281644875
0.4672863471900515
0.466849973394188
0.4663311612934266
0.4659835941635964
0.4656795713256624
0.465226782055976
0.4650051603979619
0.4647416209949684
0.4645893299511874
0.4644543981471919
0.4642304453766205
0.4640692710917338
0.4639067431700168
0.4638102203510217
0.4636971657736281
0.4636203197092684
0.4635468458880095
0.4634975819187511
0.4634424110403789
0.463385561039522
0.4632811756305976
0.4632175012881637
0.4630706922354426
0.4628660765916879
0.4627076604047695
0.4625527971531617
0.4623613575385362
0.4622860759597478
0.4621849186921576
0.4621323890328621
0.4621171686814999
0.4620379027910238
0.4620061779518403
0.4619929315576807
0.4619045336181921
0.4618203426171431
0.461531687459603
0.461361129253322
0.4611231982965829
0.4607442136342064
0.4605343241215556
0.4603134474043666
0.4599384687973768
0.4597433408357566
0.4596686068788357
0.4595694988308577
0.4595198045905142
0.4594659965271914
0.4594065286946455
0.459344227299148
0.4592553761006657
0.4590695097346013
0.4589563459019482
0.4588322789665034
0.458738385322535
0.4586512440843334
0.4585540976672478
0.4583971747490729
0.4583432215607648
0.4582454165204222
0.4581940883929431
0.4581643860476063
0.4580746183755113
0.4580485821621316
0.4580080239134111
0.4579839964470571
0.4579507619672164
0.457914565766714
0.4578852927070374
0.4578476989492561
0.4577511386517081
0.4576970798271022
0.4576734879765086
0.4575854896861296
0.4575559197157459
0.4575439890156335
0.4574947986536194
0.4574432451129957
0.457403313007968
0.4573150219347152
0.457188019531525
0.457084390544247
0.4570325386065701
0.4570046100610439
0.4568649149076697
0.456795947839791
0.4567392474883414
0.4567011117898767
0.4566095833598822
0.4565378514971018
0.4564725681316965
0.4564050250692262
0.4563342066761303
0.4562277063191296
0.4561955865373017
0.4561667194484276
0.4561203189983246
0.456083251814802
0.4560523567452618
0.4559562159603957
0.4558313628073707
0.4557350861840947
0.4556928886394171
0.4556459262665215
0.4555831307411555
0.4555358845204049
0.455485868642921
0.4554500202402763
0.4553105771534586
0.4551744483728104
0.4550134293030018
0.4549471195885652
0.4548544909857786
0.4548069348977113
0.4547773089109595
0.4547012257490429
0.454662501490204
0.454612967160211
0.4545745618222819
0.4544883450043118
0.4543935485381695
0.4541375885310733
0.4538913422059931
0.4536096161772078
0.4534827038802914
0.4534653700712299
0.4531693514705967
0.4530061594770598
0.4527636566851777
0.4526917424628382
0.4526542673017943
0.4526188925420809
0.4525703963030684
0.4525306753736055
0.4524866885074055
0.4523895696985926
0.4523509186984556
0.4522627748041256
0.4521587168669602
0.4521029031287034
0.4520420098518626
0.4519614917907114
0.4519250409806543
0.451893774447142
0.4518065591317943
0.4517270725080095
0.4516641955219267
0.4515923453538555
0.4515543828866723
0.4515470537639401
0.4514911242667425
0.4514610966274711
0.4514250527877795
0.4513871271020971
0.4513269547448253
0.4512524952312738
0.4511261319076744
0.450968037160053
0.4508234854127922
0.4507310871494222
0.4507182074254391
0.4506210127482976
0.4505753891550367
0.4505417755568321
0.4504261459737491
0.4503134483793749
0.4501885508695954
0.4500686722426406
0.4498510146845727
0.4496242213902983
0.4493951447168282
0.4491657243753152
0.4483262848192751
0.4475890411853936
0.4467091117742772
0.446237132660728
0.4459844047017426
0.44548795558685
0.4451792821903098
0.445027231980239
0.4449289982729785
0.4446758384083405
0.4445597929303491
0.4444556947594356
0.4443550676684895
0.4442370684828125
0.4440259481337301
0.4439388783678037
0.4437845952070625
0.4436460541853657
0.4436049102476988
0.4434640402469119
0.4434246457146536
0.4433327127522394
0.4432231721573057
0.4431339349157928
0.4430178972280193
0.4429584149169858
0.4428806656785651
0.4428102528574337
0.4427370537792047
0.4426774152351574
0.4426008913710027
0.4425402252218397
0.4425028300789537
0.442419349721369
0.4423165774198716
0.4422020501842549
0.4421482293280146
0.4421025187554885
0.4420253621637584
0.4419773292534434
0.4419409839214389
0.4419063516668364
0.4418636378535581
0.4418304883709729
0.4417636878059894
0.4416898537743466
0.4416220870888797
0.4415934972606664
0.4415563354449127
0.4415236871722424
0.4414922673637825
0.4414234860448588
0.4413370113853782
0.4410868142043014
0.4409352774334928
0.4407832988987284
0.4406418157766984
0.4405495388226907
0.4404990062994504
0.440465401317564
0.4404348470473561
0.4404050009662674
0.4403434647691694
0.4403035920038378
0.440283521972874
0.4401941708966914
0.4401294640327502
0.4400437705989153
0.4400167722240943
0.4399150623268264
0.4398477077471624
0.439745117397797
0.4396702985697361
0.439612290881194
0.4395566893110417
0.4394762415220509
0.4393823701765818
0.4393622186696382
0.4393164959379978
0.4392933004808746
0.439232140637948
0.4391667798522712
0.4391225727068158
0.4390954657328962
0.4390653725645158
0.4390404513009619
0.4390107821110801
0.4389753980516947
0.438939684732356
0.4389130660926449
0.4389014465815752
0.4388710151192189
0.438846507918165
0.4388207940062019
0.4387971971433495
0.4382690886204129
0.437939575827182
0.4376339823338043
0.4370568297197673
0.4366196524466334
0.4363969236193602
0.4357682852948739
0.4351707415780242
0.4348034090748054
0.4342297605503102
0.4338732668476473
0.4336822794721942
0.4331610676790193
0.4328251281372054
0.4324909162906241
0.4320205146215666
0.4317669660034918
0.4314383117567661
0.431242809079058
0.4309941256298566
0.4305594434559131
0.4303885603537747
0.4303396041720076
0.4302514618885379
0.4301164623219605
