2.318329624505793
2.303773252252649
2.303700269698759
2.303494843688228
2.301478210502464
2.294667986356565
2.289903063127051
2.282067551901729
2.185421301343967
2.16375399463862
2.02947009943441
1.96197731826776
1.903916525576258
1.828407048499791
1.752581543210702
1.689361971209643
1.561287674761132
1.434639962992569
1.326043050260438
1.237038909042674
1.187346821301973
1.124328109961079
1.072640616892077
1.052974843867857
0.9824338424297397
0.9559753121874507
0.9444991127166493
0.8883441976637145
0.8766837841795433
0.8676476314901279
0.8478371266863499
0.8319670747541626
0.8120983591214924
0.790487457544003
0.7700387612914191
0.750781750867509
0.7337123836588592
0.7168540216692427
0.7034103929737054
0.6837060237774393
0.6702343522190803
0.6616193695374303
0.6449759640696332
0.6235938427421311
0.6058817584327983
0.5970393210521259
0.5890538113128579
0.579980828480396
0.5769897823502155
0.5717864641976125
0.5638317580915092
0.555031136340608
0.5489244059450433
0.5430427705052608
0.5358725398033439
0.5326177781604121
0.5305009527435284
0.5296556176728757
0.5252983077893968
0.5216773920793553
0.5182853925362407
0.5152820233958204
0.5127118122886929
0.5108738104481785
0.5087178283801252
0.5072373291979082
0.5054088390278787
0.5020688501491565
0.4997050166044547
0.4973686101568309
0.4945234435368741
0.489669056272956
0.4871209386135735
0.4857702918605483
0.4841545050207574
0.482024631620892
0.4800110780113391
0.4785759935620721
0.4756351347481472
0.4716512238453763
0.4681520281335913
0.4644822422436056
0.4626201193786212
0.4601287945815718
0.4574994097902002
0.4564090783901307
0.4547364421016756
0.4535492587758097
0.4527544227658743
0.4518536399128392
0.4489982167035432
0.446717874842087
0.4434087880265283
0.4406499171449744
0.4397815881846795
0.4396655231465764
0.4394714495898971
0.4385053297507991
0.436379309488943
0.43432639186379
0.4320877537760101
0.4300577088387117
0.4277214384711978
0.4264824283030471
0.4249740353174229
0.4243736065090479
0.4232153295801206
0.4226607837915849
0.4214544058097567
0.4203681397419561
0.4196704339060836
0.4186721705147337
0.4173993359691033
0.4168564110794108
0.415823865527576
0.4152772371610411
0.4147506289378907
0.4134749975343792
0.4121896087699642
0.4117788747775387
0.4115688194578829
0.4107030531168775
0.4102291043943294
0.4099019976859861
0.4097936496853312
0.4091917335519597
0.408782806880272
0.4084878709514406
0.4082235766129431
0.4079600298014551
0.4076906847550038
0.4075586795668278
0.4074158580043356
0.4073029491717701
0.4071743993800481
0.4068997035167604
0.4066881752048698
0.4065764274111134
0.4064215121414071
0.4063087447222496
0.4062267117723497
0.4061731821683866
0.4060456632149141
0.4059253708610109
0.405840106236202
0.4058286049063543
0.4057503228093183
0.4057064606964839
0.4056463041654562
0.4055910737590412
0.4055236985404049
0.4054695506882214
0.4052760370087228
0.4051740206949626
0.4051639869096698
0.4050126160182401
0.4049520223556097
0.4049090285208525
0.4048628645962959
0.4048437557394747
0.4048243500938861
0.4047814897999538
0.4047529332977234
0.4046783088783874
0.4045398882551662
0.4043177730117108
0.4041905936363407
0.4038799790625648
0.4037425536845237
0.4035663065500825
0.4033977179884183
0.4032415420897401
0.4031113005599368
0.4029735141751583
0.4027730530781135
0.4026697927759089
0.4026060338720078
0.4025630862706883
0.4025397453362359
0.4025274400556584
0.4024812026147416
0.4024469471859377
0.4024244091818572
0.4023850929119803
0.4023402437300204
0.4023096179870905
0.4022923189711059
0.4022562953655585
0.4021194270553892
0.4019778393201792
0.4018580655227494
0.4017247813864788
0.4016172017722226
0.4014851948638163
0.4011869698324948
0.4010300818943983
0.4008661028007766
0.400736126979102
0.4005470062531566
0.400412521473453
0.4002473401444123
0.4000761797267501
0.3999477177338451
0.399856656318247
0.3997335393161007
0.3996844678029065
0.3996365883484629
0.3995769730724815
0.3995107201450557
0.3994661190814884
0.3994194591715275
0.3993538237090612
0.3992938429542139
0.3992687078595971
0.3992383244898753
0.3991975057972394
0.3991660986892546
0.3991511458281905
0.3991068136405028
0.3990583645125943
0.3990078695480188
0.3989733376543984
0.3989330395142687
0.3988902210119321
0.3988460339414189
0.3987600707378486
0.3986904007891502
0.3986821942258997
0.3983708582156806
0.3980999012034539
0.3979515219870176
0.3978522570692103
0.3977303028870919
0.3976158783392183
0.3975832552855275
0.3975287318583078
0.3974825665174815
0.3974513523168435
0.3974012497223045
0.3973589105980572
0.3973406797433869
0.3973336574707546
0.3972751630284436
0.3972459710985459
0.3972393917112657
0.3971798717904204
0.3971531761840348
0.39711547118906
0.3970760494750503
0.3970463621670327
0.3970087591495235
0.3969709078240537
0.3969389031673258
0.3968756062408663
0.3968557425360516
0.3966626165427882
0.3965791165523158
0.3965187995268914
0.3964759584671403
0.3964167761765159
0.3963850375875229
0.3963693827316702
0.3963334962865031
0.3963109376681474
0.3962381341487833
0.396164854536857
0.3960402634227738
0.3959015103617592
0.3957722854953382
0.3956431809476832
0.3955092013459088
0.3953638427055227
0.3953000689957959
0.3952432745387849
0.3951085123955714
0.3949621236563488
0.394812854216365
0.3947237104499111
0.3946761230560949
0.3946187446748369
0.3945680374287835
0.394513595794548
0.394450826637628
0.3943791838986236
0.3943490749573052
0.394314527064392
0.3942706276316079
0.394240365907459
0.3942234684445118
0.3942011540829524
0.3941765230629884
0.3941514165882282
0.3941405698102597
0.3941179322961508
0.3940491855034339
0.3939892095996402
0.393901934143325
0.3938284423553315
0.393770592874053
0.3937466579742641
0.3937114286026915
0.3936976110684382
0.3936930544863234
0.3936756518973625
0.3936604600849533
0.3936446201770247
0.3935946677620556
0.3934714925892322
0.3933899519353978
0.3933690603745836
0.3932239058892567
0.3931984194424805
0.3931031489933094
0.3930189558095872
0.3929231773260389
0.3928777912733837
0.3927502168745425
0.3926972162935698
0.3926402425393145
0.392462757975868
0.3923896131021799
0.3923456816923895
0.392310712056093
0.3922693563872965
0.3922042936890763
0.3921815580891787
0.3921714647462876
0.3921568008791859
0.392130414804962
0.392102335605641
0.3920367823835819
0.3919967750291961
0.3918956657448953
0.391767092848046
0.3916812445730088
0.3915388677378423
0.3913926625602416
0.3913428515745287
0.3912195299024676
0.3911362678116136
0.3910552231153682
0.3909939514732051
0.3909547025227431
0.3909135815493086
0.3908858981275858
0.3908694545176157
0.390844198083074
0.3908226041269514
0.3907980204879888
0.3907369622116224
0.3907057437509247
0.3906642996098709
0.3906195849987489
0.3906012989208596
0.3905806162886918
0.3905408568147123
0.3905171854885952
0.3904873352780002
0.3904525361940495
0.3904262815290017
0.3903695165192741
0.3903033539342864
0.3902605869805626
0.3902440774509943
0.3902197039612081
0.3902120993867911
0.3901835641957911
0.3901637956909563
0.3901418108057975
0.3901094790888477
0.3900926310687592
0.3900833965407561
0.3900730413166846
0.390051593643378
0.3900325663392732
0.3899530821310754
0.3899047516887084
0.3898441067851269
0.3897660931331337
0.38974156381074
0.3897392644504061
0.389684292592359
0.3896662232124996
0.389628312741772
0.3895869712841551
0.389530553862224
0.3894736229223472
0.3894202611282357
0.3893460593915286
0.3893014453430229
0.3892798577955995
0.3892278395210829
0.3891647772395518
0.389106462728879
0.3889612139911691
0.3888445747715842
0.3886339825066119
0.3884870309540476
0.3883933599595913
0.3883218014918486
0.3882802006371327
