2.349189490763063
2.312731641370332
2.305794753333529
2.305625133998703
2.30537865748631
2.305130016002474
2.303521938757372
2.290170569291608
2.268400626270661
2.206140005268774
2.142755751121989
2.025712780532846
1.889441787286744
1.762986008938848
1.619740514391323
1.480381851249047
1.424315287154299
1.353811557127109
1.270781217902763
1.251993356575554
1.232253737464152
1.190830737453207
1.121149309231694
1.059700461839009
0.995334276848815
0.980911395370399
0.9563639589547993
0.9399971396517831
0.9210624206205752
0.8956866851956887
0.879512881694224
0.8271096508601701
0.7764365021772327
0.7549505810555083
0.7490315131819197
0.7157953858648171
0.7022787764994587
0.6971609556219929
0.6857383659742674
0.6754551065977926
0.6670754174834154
0.6586298460505292
0.6486120109155422
0.6397285309770863
0.6325756656901915
0.6245281477711925
0.6143174763404912
0.6049410861280421
0.5958875753288707
0.5896771324540382
0.5812823882290886
0.5730485155627285
0.5674375892803402
0.5628742636016159
0.5585658152807811
0.5539300043776664
0.5472664654969309
0.537771693557717
0.5298179233339274
0.5216259003659839
0.5170325185671806
0.5087453906297883
0.5018791266580175
0.4998967004928644
0.4973187521242691
0.4926986480367037
0.4876416586010524
0.4844821947939284
0.481527156665381
0.4791038691476482
0.4770762594433583
0.4742217110280554
0.4705478425528631
0.4678422992618897
0.4659405099136646
0.4656733117684834
0.4643329463238257
0.4606293738408077
0.4569738291327917
0.4561169478084695
0.4550276100411805
0.452808385986577
0.4508914480417069
0.4501539326255025
0.4489111987807037
0.4475027740180244
0.4458749506913858
0.4454143870789745
0.4452281499536314
0.4440042656683205
0.4427240146139635
0.4414141491745942
0.4394788060857371
0.4382645859144049
0.4373103355747009
0.4360196088962352
0.4350967658724143
0.4345894257988998
0.433934002015115
0.4337176323557366
0.4318731080552973
0.4311277143013714
0.4303351728806813
0.4286639335852097
0.426950607612093
0.4265214212525405
0.4254301084933981
0.4230077801385754
0.4226666962329654
0.4225362873743989
0.4214459127354745
0.4198382572263548
0.4186625938479516
0.4184201432449842
0.418279582579468
0.4179519218619418
0.417597755043198
0.4173404553793495
0.417056375937958
0.4168912049593649
0.4166731734097097
0.4165807450018518
0.4163553976949332
0.4162880838201471
0.4162091876333232
0.4161739646848037
0.4160957570395765
0.4159399475146159
0.4157623423705197
0.415546143629743
0.4153509699257624
0.4148966930826816
0.4147966862076283
0.4146744180885657
0.4144438934242118
0.4143440688658243
0.4143243926077179
0.4142382555182249
0.4141941108581016
0.4138317876436844
0.4136799982749348
0.4135057826863229
0.4134552498378405
0.413287905140361
0.4132344240322643
0.4131045452584801
0.4130341804791401
0.4128394646101072
0.4127147202318514
0.4125345935018248
0.4125084769798155
0.4124480500783032
0.4123976913481487
0.4123114755148808
0.4122407655704511
0.4121811444241043
0.4121277489163989
0.4119846252090688
0.4117235570422651
0.4115652340484602
0.4113134918482628
0.4111206749884214
0.4105688173983821
0.4101453067430145
0.4100214613304285
0.4097238557475002
0.4095242595992447
0.4093581956573332
0.4092949241032735
0.4091043238731418
0.4090333982598586
0.4089594459943861
0.408816905550927
0.4087337166285684
0.4084084496457129
0.4083303393084367
0.4082356089221799
0.4082024278967472
0.4081623462294777
0.4080556921793361
0.40796765774355
0.4077867207098619
0.4076892796871037
0.407306838254925
0.4069768577691075
0.4067789002034461
0.4066931198452016
0.4064696308007539
0.4062317863570921
0.4060462689069779
0.4059451633941762
0.4057096190661936
0.4054678014972604
0.4052688012130886
0.4051590287998884
0.4050034379843663
0.4049460331716165
0.4049007836973653
0.4048224299607151
0.4047600705926744
0.4046860090669242
0.4046444800420948
0.4046176941802733
0.4045384102910831
0.4044819355995107
0.4044312493821103
0.4043963412867466
0.4043663774272767
0.4043024611842022
0.4042116239809705
0.4041902018585071
0.4041587942394677
0.4041278029401366
0.4040316396946822
0.4039344673977515
0.4036624955239555
0.40342310954134
0.403140223150163
0.4029828537708847
0.4028378985176778
0.402630864096439
0.4024125704294926
0.4023795524026978
0.4022648922403629
0.4021246897280173
0.4020603111812129
0.4020221111607631
0.4018757130547019
0.4017943719082064
0.4017837077782785
0.4016722748908115
0.4015737691284235
0.401496282334797
0.4013657276932433
0.4012449023837909
0.4011961207781495
0.4011549066690033
0.4011177059494963
0.4010705207894799
0.4010021829104386
0.4009795353215397
0.4009514990075357
0.4008964876499397
0.4008580105727952
0.4008204189389443
0.4007858906944702
0.4006658122150543
0.4006095929253402
0.4005543817009115
0.4004203255960555
0.4003251393824072
0.4001112460482913
0.39994920874682
0.3991613472150149
0.3985036254431213
0.3975665104196573
0.3968415994536869
0.3958981094720569
0.3956715759124673
0.3953385672978366
0.3952165561696325
0.3951537310866531
0.3949115079688277
0.3948584766740086
0.3947298698340437
0.3944640297818626
0.3943223802471501
0.3943000556035841
0.3941671734213987
0.394103751916172
0.394032877134901
0.3939674898921416
0.393830112537854
0.3937632155535402
0.3936760717488454
0.3936076620535742
0.3935128240841039
0.3934758002800922
0.3934712112308434
0.3934326664052071
0.3934063231608711
0.3933511954855394
0.3932615132384718
0.3932213880487524
0.3931610924729536
0.3931411048985026
0.3931201561535788
0.3930747842562345
0.3929504244212429
0.3925134129827185
0.3923486020329171
0.3920966003676949
0.3919754032587989
0.3918122028895044
0.3916587559673534
0.3915422879499724
0.3914899212161378
0.3914343458237287
0.3913565920147009
0.3913343225355073
0.3911964850553234
0.3910767449673272
0.3909923862104915
0.3909344062275427
0.3907026807061313
0.3906586736340963
0.3905979608043235
0.390488042775307
0.390365231736021
0.3902720100762427
0.3902245815082568
0.390127874358328
0.3900700196708921
0.3900002719630274
0.3899555210163301
0.3899293288843215
0.3898494537113081
0.3898222410420217
0.389751264524852
0.3897220123612152
0.3896297578060222
0.3895709682187053
0.3895412289322274
0.3894197576310061
0.3894011560037115
0.3893964221045763
0.3893498603602454
0.389315281604969
0.3892650834236925
0.3892463869170289
0.3892245135815716
0.3891602834866295
0.3891225303372293
0.3890890140458342
0.3890339845015706
0.3889838901920576
0.3889590174375317
0.3889525171415063
0.388921365805275
0.3888960699455454
0.388849425871571
0.3888099297839074
0.3887729681348834
0.3887298708971741
0.3886907062482117
0.3886506861716305
0.3885253577343104
0.3881675465737117
0.3877658863316925
0.3873786987230184
0.387002927606426
0.3867409221008057
0.3866332085225767
0.3863035417882797
0.3861315523552648
0.3859376095066177
0.3858586832761786
0.3857656607192567
0.3856890520541945
0.3856166591587644
0.3855252022366689
0.3854747722283265
0.3854670053829468
0.3854153711891316
0.3853595948043066
0.3853225466522415
0.3852295612008136
0.3851333989794729
0.3849842092804021
0.384944604825378
0.3849139609483113
0.3848912648323797
0.38480598349743
0.384765953787568
0.3847573291332281
0.384710532153113
0.3846928999637448
0.3846687643733869
0.3846507592485436
0.3846109443870413
0.3844522210524519
0.3843770796802984
0.3843714557252086
0.3842181516275983
0.3841535267755847
0.3840735980952729
0.3839961009633142
0.3839649350825137
0.3839000383288869
0.3838121857196916
0.383729935102842
0.3836998813465714
0.383669305336963
0.3836275692746048
0.3835861785904184
0.3835627841081471
0.3835486140669684
0.3834910496551197
0.3834561666154635
0.3834489121664041
0.3834233719921865
