2.32108944120806
2.305274316811505
2.304155208367625
2.303958869232333
2.289709048884898
2.276299125808909
2.009777173126439
2.002500238838907
1.885503961021192
1.710125712723571
1.621659451662132
1.551955115724578
1.470889073445079
1.392917225772434
1.34704672652134
1.291498293060585
1.226522407500181
1.176572357291981
1.122458701967348
1.070768784255097
1.032011333030519
1.005192671426134
0.9569524009259265
0.9144028596594638
0.8816714378800141
0.8434779707767142
0.8133144851233879
0.8000864493471931
0.778184884402102
0.7606473846669586
0.7513540506440551
0.7405782273130386
0.7223623669350804
0.7093658401236049
0.6999005233591055
0.6870475790329046
0.6706267028555649
0.6578798728076217
0.644119605432888
0.6364881398879334
0.6270545489675472
0.6106379856041075
0.5978272426144676
0.5880316058800427
0.5788414211200307
0.5684181952706417
0.5657315941676104
0.5579647510980041
0.5382988902521261
0.5232990630822483
0.5134008554010434
0.503555442623311
0.4918206768900589
0.4894992475220575
0.4881417012803888
0.4810503695698991
0.4739658603117611
0.4666622902357886
0.4617130316609803
0.4585870719433797
0.4548161726531071
0.4522952772239222
0.4515043956831637
0.4497365658721855
0.446594594714898
0.4430811208326418
0.440511800684243
0.4382256783945851
0.4359790793111154
0.4333937898907442
0.4319908952269512
0.4291489656925443
0.4263766282871491
0.4239792333013361
0.4238442763748532
0.4224306330608145
0.4200036975096397
0.4178444071584188
0.415444957480796
0.414745442664082
0.4138777930816543
0.413320594832143
0.4109658534740689
0.409645526774678
0.4072431528228792
0.4054130548977923
0.4043311810334127
0.4039454008771503
0.4025937992322258
0.4013785040709014
0.4002734158239817
0.4000470371848666
0.3996537100937606
0.3991770523125187
0.3987092927568838
0.3982904039290841
0.39747706700716
0.3970129998405477
0.3965207951242699
0.3960691097683344
0.3954896846522095
0.394974127124831
0.3943069991040322
0.394007933398095
0.3936835875112061
0.3933109114563789
0.3931676055772184
0.3929592404146277
0.3927863783937883
0.3926269816445671
0.3923906230668204
0.3922095007155108
0.392065681095851
0.3919017196629394
0.3915066447062676
0.3911058212834297
0.3907193109140069
0.3902402911622119
0.3898476229556669
0.3894188975351163
0.3888218156423965
0.3885351099744479
0.3882987838406121
0.3880108997089997
0.387879303754366
0.3878168946350559
0.3876684177797546
0.387581833632982
0.3875175398447479
0.3873533083607202
0.3872117370193615
0.3871476261635794
0.3871399871544013
0.3870441596165941
0.3869564309063
0.3868793043322862
0.3865795134462905
0.3864634401805868
0.38630733852209
0.3862308186939891
0.3861767535190012
0.3859745464292584
0.3859217672249887
0.3858565735253386
0.3856878183940203
0.3855188942717214
0.3852842145576612
0.3851946131821994
0.3851424505078735
0.3850122326972576
0.3849343729648155
0.3848561015792291
0.384740869301425
0.3846396487180319
0.3845519900137913
0.3843737205888018
0.3842964556940285
0.3841398377848378
0.3839677800978543
0.3838850577901373
0.3838553270753379
0.3835909224814893
0.3834751223518727
0.3833030408104919
0.3832090800750051
0.3831493951619395
0.3829357771892775
0.3828724662126325
0.382781261446156
0.3826503904872534
0.3824904293421992
0.3824093309844667
0.3823343971982918
0.3820677477689403
0.3819715261751547
0.3819228211684713
0.3818607621282874
0.3816965194603514
0.3815737283052472
0.3814957364870974
0.3812544451418997
0.3811561843625805
0.381095351738546
0.3810201350996592
0.3809442328089934
0.3808662487483183
0.3807410314192786
0.38059570765232
0.3803623010953689
0.3802700926236693
0.379907948581047
0.379772631935587
0.3797341126321069
0.3796413256399861
0.3795291130051593
0.3794266483926594
0.37935048059758
0.379300521590632
0.3791856542002072
0.3790350934662998
0.3789606412768767
0.378859889752229
0.3787591108265372
0.3787240115530197
0.3786763978293328
0.3786328249023016
0.3785861712613329
0.3783940203410167
0.3781505410962212
0.3774473176449713
0.3769575838793086
0.3765841098912571
0.37587120530187
0.3751813669017867
0.3748586526665504
0.3744915538269947
0.374379714749123
0.3741972770355241
0.3741076373416132
0.3739820997979095
0.3738688108902051
0.3738078027840293
0.3737845574238922
0.373633818723229
0.3734874398388031
0.3733366652693413
0.3731960823146301
0.3730843393645074
0.372939109355332
0.3728494112428761
0.3727939166105524
0.3726488742500689
0.3725075403009335
0.3723661651120805
0.372091130582954
0.3719413979402904
0.3717142174919846
0.3715817274861451
0.3714873905515175
0.3713638942727669
0.3712520096352034
0.3711634661760748
0.3711037136345229
0.3710718454986009
0.371033027501796
0.3709967703986349
0.370920165128414
0.3707074268849558
0.3705011960138876
0.3703953910797051
0.3702725036393293
0.3701383546697031
0.3700543995030906
0.3699736270067536
0.3698198751269791
0.3696951526749822
0.3696420287610078
0.3695849351935451
0.3694485096894045
0.3693859721424388
0.3693421240168503
0.3692934240714612
0.3692422995668717
0.3692170843088651
0.3691185020734183
0.3690425181599309
0.3689495796721626
0.3688714604411947
0.3687172766005528
0.3684880642602207
0.3682617635465789
0.3681799016207412
0.3681445180714649
0.3680962672886613
0.3680565900385438
0.3679513356121312
0.3678245477244159
0.3677376691783774
0.3676786755262583
0.3675067170746821
0.3673177568430915
0.3671772819716644
0.3670773621716968
0.3668391366690842
0.3665868863060974
0.3663454581582703
0.366117572182571
0.3658062000125478
0.3655722755160609
0.3655097322801999
0.3654202737095069
0.3653888188123595
0.3653735647355422
0.3652922156899708
0.3652442989628527
0.3651494642064608
0.3650397798763823
0.3649211496180815
0.3648673172927839
0.3648021223089853
0.3647353169829843
0.3646813650791635
0.3646149098598644
0.3645435674542999
0.3645129709531108
0.3644670331143148
0.3643975087434682
0.3643473406041421
0.3642529098045497
0.3641414307897886
0.3639033900774536
0.3638364558273474
0.3637408288184584
0.3636973233012577
0.3636470206410385
0.3635965080025281
0.36346228390224
0.3633523909569683
0.3632095869591221
0.3630459372013251
0.3629108334535507
0.3628447077240902
0.3627813043127019
0.3626916625594593
0.3626478939309791
0.3626322149698765
0.3625841958678425
0.3625550667745822
0.3625273000079637
0.3624556653585629
0.3623320681635535
0.3622193717055274
0.3621797461246498
0.3621568776303848
0.3621317176701365
0.3620622477453093
0.3619932327526051
0.3619376191165003
0.3618713661982449
0.3617793799628196
0.3617386522405477
0.3617300020852116
0.3616984810896952
0.3616743158666584
0.3615853427306783
0.3614885647851753
0.3614308225874187
0.3613811343346181
0.3613131612166948
0.3611763690406559
0.3610942861382374
0.3610031842075506
0.360828424024931
0.3606582585022631
0.360550663168933
0.3604046346726751
0.3602819393250607
0.3602488765739431
0.3601837210003333
0.3601209135078675
0.3600471982490318
0.3599951876315742
0.3599612207150645
0.3598260490313681
0.3597999049137685
0.3597820134327172
0.3597231218188656
0.3596621007023186
0.3595997876309563
0.3595244139463338
0.359447742335161
0.3593017705597756
0.359207626619059
0.3590041614272929
0.3589042039371362
0.3587755897391445
0.3587298165057967
0.3586597206787127
0.3586027205515609
0.3585381982999987
0.3584976579121026
0.3584457048048247
0.3583889843987373
0.3583439109850837
0.3583093115240847
0.3582621563358253
0.3582144694481498
0.3581928938800863
0.3581657666049379
0.3580958478298218
0.3579196956206371
0.3577359659069286
0.3575055103544517
0.3573847097716434
0.357317861632629
0.3572274850006867
0.3571841258155925
0.3571306300199449
0.3570673848941682
0.3570452978189895
0.3570143304028627
