2.325479716210802
2.303954924832769
2.303448567680816
2.303179037716907
2.300608901559142
2.288427000629124
2.267460148391139
2.231800193003052
2.198275559570446
2.078412001744972
1.852213645164298
1.724697266305274
1.694892768887171
1.601546619446634
1.436806476194606
1.360023912148848
1.262188863954362
1.214718224011629
1.191144460174314
1.10878413140718
1.077100027250053
1.061545109687602
0.9770203701906854
0.9566822841622646
0.9463323300053824
0.9161865004143198
0.8841986157114811
0.8638882091742494
0.8518320113748056
0.8345248337320547
0.8137483133470238
0.8037276843194362
0.7926965824395634
0.7808903945971148
0.7625932019901869
0.7460856147628607
0.7343030334692835
0.7185388609036696
0.7003826908953399
0.685778516085624
0.6717480478861906
0.6530028382425975
0.6418295511103635
0.6249310308430345
0.6146879782453137
0.6047099887917818
0.5914642118660346
0.5814426249214224
0.5700232524922517
0.5664029227110274
0.5601885385596336
0.5540384945657193
0.5504957404563127
0.542675779308045
0.5356992822248227
0.53103029100127
0.5263566440661971
0.5249124530624472
0.5207378065776972
0.5203072902320149
0.5190897741958646
0.5159326968389725
0.5115719404288422
0.5058809255928809
0.5040403603390023
0.5009719971509878
0.499980791896449
0.4990041227118707
0.4980357934056885
0.4934969690709786
0.491834463585356
0.4890633753755818
0.4846016551591332
0.4829741279374175
0.4825145217306704
0.4819502031657611
0.4808748278858996
0.4798282729301878
0.4786481812947906
0.4777052852827037
0.4770048160147303
0.4759625638479397
0.4754413606471616
0.4749554545801692
0.4741886479638852
0.4735466276627109
0.4727094471492913
0.4724129296138328
0.4721450030075748
0.4711582904406697
0.4705331106372676
0.4702527658854371
0.4700224996727755
0.4694781835703376
0.4692182030084596
0.4683741978503394
0.4679180897950982
0.4674153826169413
0.4671904321196746
0.4666505493210466
0.4661275936408332
0.4658610132060625
0.4652458553213846
0.4647779063611444
0.4643634532152083
0.4640829051372319
0.463880602974957
0.463407377556765
0.4631888252858477
0.4629430047260988
0.4626696414093336
0.4624417271316215
0.4623243599418067
0.4621704586266696
0.4620839599964569
0.4619488135219217
0.4618393826417272
0.4616660894110688
0.4615017495269268
0.4613957459334732
0.4612532619424037
0.4611700459653049
0.4610628442223536
0.4609678884380964
0.4609094767451951
0.4608456464470789
0.4607783489227433
0.4607605390652135
0.4607339229277679
0.4607083659955699
0.4606360212952387
0.4604288732409895
0.4599997679626376
0.459765070088854
0.4594935286249119
0.4591765124427573
0.4589295318105045
0.4585640411295753
0.45841700187602
0.4583180148300337
0.4580419426887317
0.457934960121794
0.457868570451625
0.4577816461476273
0.4576921664072054
0.4576448104374378
0.4575574430613386
0.4574691718285256
0.4573210070608709
0.457233602661193
0.4571225638552281
0.4570598096728548
0.4569702801440232
0.4568623427008949
0.4568291383867307
0.4567891591179076
0.4567560101092859
0.4567074749899185
0.4566781515580675
0.456599909804386
0.4565692022933069
0.4564920005927127
0.4564679144517735
0.4564509680790788
0.4564254960611692
0.4563513760061687
0.4562936291495949
0.4561741967662868
0.4560762369766671
0.4559384273782957
0.4558545749370104
0.4557579607912665
0.4555432991742177
0.4554024855625135
0.455338097811484
0.4552394773718768
0.4550902017765931
0.4548700183253657
0.4548110049227042
0.4547707307138605
0.4546865886675482
0.4546251709626034
0.4545540961332216
0.4544991444372937
0.4544716310062842
0.4544385107353325
0.4544026521806705
0.4543142690153456
0.4542808158937769
0.4541532163871916
0.4540654511755748
0.4539816474618639
0.4539398053633
0.45388047578389
0.4537906673005596
0.4537040670715939
0.453667235858452
0.4536584331052351
0.4535803329652421
0.4535391289750348
0.4534930429778946
0.4534487085179949
0.4534070491060699
0.4533033810501433
0.4531675681694451
0.4530463299288854
0.4528982999514863
0.4528008925250105
0.4526858788229772
0.4526175724402648
0.4525955132697578
0.452503478811392
0.4524672670694051
0.4524282608762024
0.4523861260180326
0.4523470194718371
0.4522971077223389
0.4522517870923177
0.4522082353692712
0.4521662495480411
0.4520366526409711
0.4519131280172812
0.4517519165575766
0.4516086216298116
0.4515091152316986
0.4514144388764519
0.4513516367674398
0.4512919052361171
0.4511055909058431
0.4509668920220905
0.4509153332768409
0.4507558670432989
0.4506818066614126
0.4506362035448737
0.4505844167292899
0.4505487743121167
0.450503055726534
0.45048079629576
0.450460054586677
0.4503782466111097
0.4503472878426795
0.4503101552032416
0.4502914890334032
0.45028338370652
0.4502450303974159
0.450228672070641
0.4502066701099898
0.4501639491385976
0.4501027207305823
0.449994989896794
0.4497915653783915
0.4495295148928959
0.4493326207643578
0.4492121797949717
0.4491196968473109
0.4490205335423509
0.4488886892065385
0.4488373595624757
0.4487722039547573
0.4487245136503232
0.4486548377686719
0.4486185110532369
0.4485948719850825
0.4485579517113296
0.4485426724221392
0.4484938689797715
0.4484532366875455
0.4484071032543112
0.4483167483713641
0.4482696528980011
0.4481181671362983
0.4479952865701103
0.4479420691961817
0.4478762826388034
0.447824878419125
0.4477926389127178
0.4477755115086638
0.4477149798198026
0.4476803997617751
0.4476603177520313
0.4476092078550514
0.4475161778460202
0.447514153001234
0.4473519485824097
0.4472468858511859
0.4471957122552128
0.4471274080646441
0.4471151913320155
0.4470181589319022
0.446964167871608
0.4469375066625987
0.4468869440611398
0.4468360980355061
0.4467838776605197
0.4467513043245031
0.4467468051457469
0.4467005333199947
0.4466554301739168
0.4466108741395362
0.4465710832295131
0.44651695950395
0.4464118922669846
0.4461601515410639
0.4460716555552164
0.4459060588146148
0.4457344668410844
0.4455919618783949
0.4455269838979123
0.4454876253930101
0.4454633422057386
0.4454392548292067
0.4453613601871793
0.445334469747819
0.4453042393160141
0.4452496874761693
0.4452042222015303
0.4451504445198958
0.4450928732323313
0.445053007760653
0.4450176838894221
0.4449729666699342
0.4449207770756215
0.4448793821108173
0.4448409707563564
0.4447866605001203
0.4447299312922119
0.4446951147249149
0.4446456200921171
0.44460240230988
0.4445435668416575
0.4445061709681229
0.4444542926900226
0.4444110408080323
0.4443151486906641
0.4442427356973504
0.4441758790930335
0.4440744798282895
0.4439945070913356
0.4439611944031209
0.4439357394134366
0.4438961137742877
0.4438571183573323
0.4438020042997073
0.4437737704206556
0.4437357870724166
0.4436828482649559
0.4436428178112706
0.4435977939420049
0.4435583939728214
0.4435131701337311
0.4434868955440402
0.443456001120326
0.4434248731581086
0.4433905782270346
0.443342073991274
0.4432996593608853
0.4432299626710901
0.4431569436859916
0.4431355347193811
0.4431120526947203
0.443077955160429
0.4430532483664149
0.4430316984807304
0.443003671359287
0.4429119180170725
0.442883916185795
0.4427995743058257
0.4427462746736213
0.4427245071141374
0.4427015370943189
0.4426790989517698
0.4426667065647211
0.4426528310414768
0.4425955269584832
0.4425278983708424
0.4425031042959209
0.4424879501962452
0.4424692680066237
0.4424342984352729
0.4424094338665322
0.4423658775674094
0.4423420635385994
0.442325552270836
0.442308702832285
0.4422864736198965
0.4422641716859185
0.4422473330310564
0.4422006390992264
0.4421807756963365
0.4420220914734923
0.4419448469226056
0.441872129871683
0.4418356668246517
0.4417817652748483
0.4417293961315375
0.4416898791034234
0.4416589740963562
0.4415776845326758
0.441505129570503
0.4414066492987617
0.4413866827345032
