2.315466713401924
2.302038817420337
2.301973328816417
2.301741348308009
2.283390364565328
2.283023139273848
2.170018914621637
2.106091656606697
2.081968294361861
2.006446840127242
1.873789860055598
1.818668222379377
1.695100777440324
1.671671450461322
1.600313583050505
1.551705514486394
1.53724560187567
1.51474915506862
1.485433512115866
1.465677925113983
1.449965408011777
1.395439804341713
1.369139656965989
1.340000879625964
1.297647895806815
1.27835509287975
1.264984280119066
1.255365639229535
1.239892637598352
1.225278951664619
1.214733880023815
1.208444074971549
1.205927767157809
1.19945488641906
1.178310179393484
1.158353579309642
1.136171244273042
1.11647860015994
1.10216190532897
1.08686776242737
1.074626648332922
1.065662783767986
1.06323736669005
1.052942851283317
1.042051977420464
1.032709808438927
1.02336572472913
1.013403759121512
1.006972133224107
1.002554545115816
0.999106438729238
0.9971368384606303
0.9897857105137746
0.9886769279842426
0.9840919660193165
0.9813058239272643
0.980764232090622
0.9793450101155102
0.976934525179472
0.9751448672585454
0.9738175908791538
0.9736101869315761
0.9717509962755805
0.9696359506679851
0.9682327632333254
0.9670279442027137
0.966095520001508
0.9658943227824226
0.9653811486526753
0.9642825985607705
0.9629532261634446
0.9616670075756055
0.9613923106984988
0.9610429343676928
0.960574986334456
0.9601730639050409
0.9600171452317898
0.9595796943625701
0.9588099670623562
0.9581347161217499
0.9575719984473114
0.9567883936549479
0.9559596212325613
0.9554850482282472
0.954773795823663
0.9542570594251837
0.9535306661298856
0.9529056939618882
0.952132614438488
0.9516851997007306
0.9506192743119564
0.9502557708294346
0.9488372843196505
0.9474219693037484
0.9464907869547395
0.9447465211309535
0.9382126524383897
0.931632512826478
0.9197315868182363
0.9110141054302906
0.9027198599361593
0.8935627997488624
0.8872028174361029
0.8802703781671725
0.8706068141628176
0.8657413703852063
0.8569138383812664
0.8489043553288902
0.8405055019116927
0.8368549013628108
0.8274475126857342
0.8143093588970186
0.8059924442896209
0.7987910050331536
0.7922602684847073
0.7830248492892292
0.7753026044772714
0.7704078548964658
0.7680456698288816
0.7662916313327869
0.7640948540050615
0.7612741383897047
0.760538002612053
0.757789412984879
0.7539405780918778
0.7523346894006326
0.7519444277101422
0.750607671083105
0.7494131980033262
0.748252763773959
0.7462575122855259
0.7448480749808875
0.7360976620287872
0.7354801782324306
0.7334426872174925
0.7315266380577714
0.7285608372114115
0.7274004403453445
0.7267543292241924
0.7248955369317899
0.7248480603331843
0.7238440905562552
0.7228123444415684
0.7212548903430102
0.7195805993567551
0.7183595533581987
0.7170100956309922
0.7158463517915623
0.7146063373278199
0.7134405527084755
0.7129828547171682
0.7100297916580964
0.7084651169615233
0.7081544361910578
0.7072906423839591
0.7060805565118813
0.7047827243930219
0.7035671518045821
0.7024535524770341
0.7016428322328043
0.7011574722961819
0.7001059833945098
0.6994631699126147
0.6987270849551248
0.697896917004097
0.6965823281007283
0.6964333948365088
0.6960935282302435
0.6955138848773107
0.6943694915941871
0.6933671262392131
0.6919370371686593
0.6915353538901629
0.6913430875700309
0.6910854288966778
0.6908258372648007
0.6905079036394443
0.6902611161180413
0.6901040628166083
0.6898557371989906
0.6896855251013033
0.6894919608059052
0.6892375185769907
0.6890673735867
0.6890397664191021
0.6888197059769811
0.688715359786492
0.6885470069765203
0.6883852871878655
0.6882172017076312
0.688123212233636
0.6879438274963497
0.6877926617431311
0.6876610173489862
0.6874848345835481
0.6873331455511152
0.6872746431537574
0.6871868695856573
0.6871043952629311
0.6869835295717677
0.6869639869638312
0.6868731961503421
0.6868324189399955
0.6868012209229104
0.6867522463056506
0.6867174774525078
0.6866755047678093
0.6866405154047661
0.68648801138226
0.6863363303812428
0.6862116235344203
0.6860974486305205
0.6858945888607078
0.6856269653001816
0.6853877377251388
0.6853168609989475
0.6852661651943162
0.6851965196058887
0.6851495692194897
0.6850771307565416
0.6850123190817756
0.6849577279234521
0.6848812214310004
0.68482685321096
0.6847783844925249
0.6846838464755859
0.6845808168700123
0.6844940710608853
0.6843942513335854
0.6843922487963253
0.6843803249235918
0.6842753665839719
0.6842340033260915
0.6841957889257361
0.6841667594426852
0.6841327535628114
0.6840745753075196
0.6840245956158173
0.6839507881180515
0.6839193373527345
0.6838816600499344
0.6838694001928738
0.683837330758661
0.6837792624564785
0.6837262351743041
0.683655698206916
0.6836258310065939
0.6836107357280652
0.6835965735183914
0.6835680529352274
0.6834703747448492
0.6834126233007226
0.6833449330567021
0.6833250941622085
0.6833012167296257
0.6832503297112339
0.6832102204509406
0.6831182282768953
0.6830155404903949
0.6829154273121537
0.6827752820365928
0.6827028383091837
0.682667026592697
0.6825828786324641
0.6824849700797404
0.6823601605827918
0.682315445545122
0.6822584377178672
0.6821978723292036
0.682146205259422
0.6820706711984754
0.6820201845385514
0.6819771458078387
0.6819114654770753
0.6818730243349382
0.6818613359110982
0.6818388641191849
0.6818046591261341
0.6817876111072664
0.6817625504531927
0.6817209869677283
0.6817099073976862
0.6816529280137915
0.6815183213562805
0.6813671191874304
0.6812734368942919
0.6812024315215929
0.6811475392664479
0.6810274838734356
0.6808677201680007
0.6807658135835744
0.6807246423074199
0.6805760041403269
0.6805721216290532
0.6804267728417859
0.6799928265138541
0.6798495524883481
0.6797854568406085
0.6797148636476399
0.6796355427941991
0.6796090194370451
0.6795850546384995
0.6795259157830489
0.6794951486954597
0.679398206614424
0.6793222303803276
0.6792017423452703
0.6790817303226686
0.6789628145089825
0.6788610782125228
0.6788187498195096
0.6787568801607606
0.6784935702684827
0.6783366159607002
0.678293780237392
0.6782360923364352
0.6780231751208338
0.677749824103046
0.6775187370292206
0.6774599153566671
0.6774251594698757
0.6773494168460976
0.677303738513185
0.6772327632934126
0.6771458086702578
0.6770567144654969
0.6769926784236828
0.6769024303019113
0.6768725796747123
0.6767010733907766
0.6764460629080762
0.6763864743485052
0.6763028272285846
0.6759004986728544
0.6757906752190883
0.6757296956539841
0.6756855202167799
0.6755834733129099
0.675517229076562
0.6754652511725368
0.6753757019343778
0.6753336365934818
0.6752317920267424
0.6751522856202108
0.6750764851507945
0.6750611884657892
0.67500668575389
0.6749406906015415
0.6748989358385487
0.6748289459788896
0.6747821787884666
0.6747703318375745
0.6747404447979921
0.6747047602857327
0.6746780672959996
0.6746559820857885
0.6745969329538369
0.6744853777285874
0.6744128146785092
0.6742993165393224
0.6742005491287508
0.674137648074533
0.6739397613497022
0.6736600942911406
0.6734816340560157
0.6734151448141124
0.673339438190796
0.6733095909778088
0.673279328008064
0.6732114698109702
0.6731707204721762
0.6731249636106021
0.6730663842155726
0.6730113564585044
0.6729759794048453
0.6729634953437662
0.6729420591481958
0.6729193336126668
0.6729013182501643
0.6728405871549434
0.6727959445414323
0.6726027170564164
0.6724889680694466
0.6723155029245255
0.6721327281812641
0.6719896114540589
0.6718731490957782
0.6716777064230928
0.6716033529740637
0.6715689135705366
0.6715398461019226
0.6714430310356401
0.6713736848791257
0.6713410533155723
0.6712604405747208
0.6711981685607072
0.6711228559471444
0.6710712385698078
0.6710304640119976
0.6709662747901424
0.6709053226683868
