2.32793563677459
2.305253858845148
2.303439322826879
2.303028544146191
2.302962337320625
2.300739666712411
2.299828153957813
2.292464021043567
2.286890395183979
2.280013465797585
2.173932733256652
2.065226042716593
1.972489945351507
1.863853901370853
1.753946256831347
1.575272898002278
1.450640970960636
1.35865647793787
1.260898243330428
1.185414971043834
1.129657743431609
1.084517189509153
1.051141171196855
1.031022590970477
0.9922450594414561
0.9534838961701887
0.9283911874621843
0.9015654705886502
0.8742975666680429
0.8465463619098852
0.831413702090526
0.8209137384428237
0.8123723528957225
0.7911693109896061
0.7810542670260178
0.7722914111091037
0.7636417370986732
0.7512898700940666
0.7355869460293546
0.7226849443224681
0.7162176976543088
0.6992197657533213
0.6863027176211874
0.673668858923444
0.6676719633555971
0.6565406168927459
0.6429177357774335
0.6348105796740964
0.628496523070519
0.6191347077014503
0.6051717880167823
0.596442557907451
0.5889391613162237
0.5858814943750736
0.5804236449315356
0.579932287096911
0.5747576660144564
0.5690395324679138
0.5657983784066526
0.5582987107782298
0.5539657977624941
0.5525874781375049
0.5465806726706253
0.5434592110344455
0.5366423601148695
0.5309672736459131
0.5255315157161923
0.5231657095531984
0.5228860802140738
0.5218449066074743
0.5208945914242745
0.518783524879419
0.5172898126155739
0.5161352131009106
0.5151867416705438
0.5143150100979806
0.5125244956088398
0.5106508356092928
0.5091513655877512
0.5082344308693941
0.5071299771433848
0.5056860170865133
0.5049311732256733
0.5040328249401903
0.5025402892482347
0.5013908709227405
0.5003353994013151
0.4979203354882621
0.497725936011433
0.4974367326694993
0.4960255300547682
0.4947373929061646
0.4944692000202545
0.4938428933535717
0.492690786838021
0.4919142738699007
0.4912565690481733
0.4904777388735173
0.4894248286807053
0.489000144236114
0.4888002544735421
0.4884710332285193
0.4877970763833636
0.4873219404582789
0.486872294645089
0.4864436014395945
0.4857707490864651
0.4855830922014193
0.4854509669020152
0.4849088993979587
0.4846283925347572
0.4844404089718123
0.4843518160966485
0.4840079366193157
0.483814303328063
0.4836733834567569
0.4834575728195959
0.4833492312737783
0.4832767857405263
0.483138415681069
0.4829976353988674
0.482923649702635
0.4828345878643718
0.4827275754939983
0.482614981641026
0.482534978485897
0.4825042454425353
0.4823613858338386
0.4823350739289859
0.4822649761240959
0.4821751581971152
0.4821090575571254
0.4820239694830297
0.4819453911840789
0.4818846824492845
0.4817196550830194
0.4814384083802087
0.4812238158176888
0.4810670715315475
0.4809555581307152
0.4807876245631805
0.4805663676093314
0.4804824449905143
0.4803933750555496
0.4802817487114704
0.4802333289986401
0.4801802336492702
0.4801203858135123
0.4800631947012359
0.4800009236030354
0.4799303321828354
0.4798611922461696
0.4797295987463638
0.4793890813971362
0.47927705322013
0.4790831775249471
0.4788992805855906
0.47868354944157
0.4785950614800065
0.4784557636418701
0.4782916011293957
0.4782272216450321
0.4781526134986298
0.4780950504717459
0.4780300184957597
0.477903171126757
0.4777916393325254
0.4776472174728674
0.4774779775283139
0.4774188187414475
0.4773260936642156
0.4772483100916664
0.4771729652937348
0.4770804588824802
0.4770076395946412
0.4769611199357725
0.4768244461970232
0.476696468142394
0.4766287572688688
0.4765934048007141
0.4764477330959201
0.4763958787477559
0.4763529256162328
0.4763096112064257
0.4762572138133996
0.476227068521317
0.4762012179782626
0.4761621965963881
0.4760404604747552
0.4759853954688592
0.4759488927665637
0.4758815043138834
0.4758647230356932
0.4758175959330109
0.4757870322263674
0.4757312280753176
0.4756920980146975
0.4756697671490572
0.4756467205395025
0.4756165394878656
0.4756025545961106
0.4755758680890999
0.4755265280664876
0.4754898096993894
0.4754272499506768
0.4753605949241244
0.4753352120055649
0.4753179190401116
0.475301149866421
0.4752563442609186
0.4752036096694022
0.475155956419465
0.4751107490292218
0.47505247726932
0.4750080974854889
0.4749105674898946
0.474788568034368
0.4746674030269353
0.4746120310071859
0.4745513325947483
0.4745191802408664
0.474476232639351
0.4744364459797308
0.4743980999563138
0.4743072852869344
0.4742005379073542
0.473975372382277
0.473671058017257
0.4734908109998462
0.4734115110155065
0.4732080330873695
0.4731179384971198
0.4730582534238885
0.4729864394607954
0.4729369574403127
0.4728774902088816
0.4727331710269656
0.4725620746334455
0.4724080259587
0.4721279787985438
0.4719490822989822
0.4717180743679795
0.4714289558526205
0.4713045561306665
0.4712362931619082
0.4710566486096811
0.4709914399524281
0.4709380308745924
0.4707816603039983
0.4707172336403342
0.4706563102762814
0.4705437123711028
0.4704094407792285
0.4703285521112056
0.4702869021381562
0.4701784331530883
0.4701039619614589
0.470030719414428
0.4699291435350276
0.4698792864130889
0.469837734203656
0.4698159018164942
0.4697683019424074
0.4697117025664906
0.469651244403859
0.4695864026136602
0.4694637980237513
0.4694073984703184
0.4691900220549612
0.4691376473570227
0.4690961546268176
0.4690527829017739
0.4690180287644324
0.4689614014332235
0.4689123342557743
0.4688611836080147
0.4688155549883777
0.4687771796694632
0.4686933689348438
0.468608094601621
0.4684868046112737
0.468376054589322
0.4682642950515709
0.4681480181333708
0.4680311052917551
0.4679851787619814
0.4679552133698466
0.4678608966964294
0.4678024063118586
0.4677587555822976
0.4676937510177906
0.4676606043202076
0.4676495485643629
0.4676005054013938
0.4675734235093107
0.4675437672192628
0.4675052367045262
0.4674678979092678
0.4673758688735754
0.4672083192470898
0.4670156312630203
0.4668432418984816
0.4666981547188301
0.4665809163517275
0.4664326102730856
0.4663027302273531
0.4661164988488188
0.4660284606186532
0.4659865879263944
0.4659331607198681
0.465901759791738
0.4658221623403832
0.465693778814074
0.465586878829517
0.4654902645340989
0.4653931101730551
0.4653015746187503
0.4652244561670082
0.4651492465426479
0.4650567641743801
0.4650267894731245
0.4649952588036342
0.4649648511440155
0.4648893538245957
0.4648411211488673
0.4647737775249881
0.4646772201972722
0.4645805451177453
0.4644904227903969
0.4644041653644445
0.4643358748805663
0.464303534680556
0.4642563334561672
0.4642409215325997
0.4642197960824328
0.4641553622551655
0.4641294818134357
0.4640924575036848
0.464078198551954
0.4640739048824216
0.4640304932779017
0.4640139163160227
0.463957388595153
0.4639000209902897
0.4637828507670653
0.4636828325543767
0.4635465916205952
0.4634159621681593
0.4633305042934708
0.4633103005990579
0.463247640395836
0.4632224830474773
0.4631494248144072
0.4631248556004077
0.4631040335093494
0.4630746085620503
0.4630412697052502
0.4630132566258713
0.4629807775654141
0.4629395401535019
0.4629031665735557
0.4628729155694993
0.4628388533590955
0.4628196028914001
0.4627790169004116
0.4627605321836409
0.4627591749170201
0.4627438274774921
0.4627311574333362
0.4626931218618149
0.4626436606298537
0.4626002062119666
0.462553612544444
0.462513727457027
0.4624676681467935
0.4623852816340595
0.4623348484353447
0.4621805475702415
0.4621360495598031
0.4621235029748176
0.4620862387408668
0.462069890738847
0.4620282861396181
0.4620059868246703
0.4619839344347663
0.4619290994966303
0.4618728831661928
0.4618630466451868
0.4618300765088875
0.4617361261907371
0.4616980609579052
0.461659567180883
0.4616119963666692
0.4615578263566791
0.4615156561395541
0.4614612812230043
0.46140553056738
0.4613672068603992
0.4613596972530408
0.4613241587800178
0.4612970504012082
