2.321458033615161
2.304569324217151
2.303463270601993
2.303167885229643
2.303116044407826
2.302460280814844
2.301273142228283
2.300022043440988
2.296721583267536
2.182444323438953
2.180901006021184
2.133510313989314
2.042239347668832
2.008370151533816
1.867356669229135
1.800428966215306
1.709293421832393
1.681523929095522
1.642061459861876
1.599336088080073
1.560894426260372
1.522020472660368
1.472159413283664
1.440211520636111
1.404774910949735
1.357760061738683
1.348096762329776
1.34088881954221
1.317640931538534
1.301553997141507
1.291479630183255
1.272028514228276
1.250273053586178
1.222949497747818
1.200884512603566
1.190313455366587
1.167627026864761
1.147024455211268
1.121210692876942
1.098975068341077
1.0739629927579
1.062424019628061
1.048211492985833
0.9932822147074941
0.9761463583951975
0.9692511813330313
0.9499192628602036
0.9245699273385373
0.9026424020332343
0.8773567161467851
0.8623065621933571
0.8439932407767312
0.8351519794725653
0.8285174442617532
0.8180962041202571
0.8035125183440763
0.7921098693027039
0.7649470216814903
0.7575681218836908
0.7519252158354903
0.7475351569459306
0.7407081366071562
0.7360806060345679
0.7309984589861296
0.7278073265638754
0.7270643140918578
0.7246042575570953
0.7189702877062416
0.7126886987674236
0.7086165890595342
0.703483208775542
0.7006691106209414
0.6982670553710298
0.6946468243088614
0.6903564892173725
0.6876587694239656
0.6844653415188136
0.683667185813608
0.6748124034601301
0.6685807606930867
0.6632012326951859
0.658156195891248
0.6546486740439159
0.6520741840226562
0.6480140273913851
0.6424549895114251
0.6362312591919124
0.6282496362637691
0.6257011481862983
0.6250507151351549
0.6218046977410477
0.6187089833683008
0.6166349643029095
0.6125176389799024
0.6100332357251608
0.6084892071519084
0.6052933538437274
0.6016936586379917
0.5997734658936867
0.5977386772219585
0.5975438854932706
0.5963951037752756
0.5935105444159005
0.5908786502297303
0.5896399017362007
0.5875292237831136
0.5847287491132352
0.5815846943314633
0.5793526599883547
0.5781339018551381
0.5749752236103305
0.5710740162732479
0.5701741012470704
0.5669964794297381
0.5634764031621442
0.5626268263325578
0.5619862226584695
0.5615915909225646
0.5601180517384882
0.5582588375251932
0.5573089026424809
0.5568536311876774
0.5558870799216009
0.5528987374916476
0.551210410706981
0.5510881802161663
0.5508394398394765
0.5499142299244081
0.5492841828502375
0.5484134166363309
0.5476215972451167
0.5474506382519146
0.5469524321736458
0.5464693624096493
0.5459014916756734
0.5456408334923285
0.5450649668206823
0.5448490078441964
0.5445396861038672
0.5444423143450938
0.544339110467608
0.5440746976635342
0.5438891435172767
0.5436565683793301
0.5434703805198697
0.5431542061223896
0.5430449605118545
0.5429107545269355
0.542806631687264
0.5427407664450533
0.5425789946798276
0.5424505220208836
0.542377738307511
0.542300904477645
0.5422117993992647
0.5420021864092636
0.5419346795097192
0.5418177666789062
0.5417031770745268
0.5415925171686112
0.5415311662308093
0.5414567548397242
0.5413364075608029
0.5412781184936395
0.5412288512471791
0.541170666672821
0.5410952342091822
0.5410268806275214
0.5409009501886084
0.5408547559824198
0.5406725542976683
0.5405477056469936
0.5404695215351047
0.5403616692668437
0.5403027146399748
0.5402334248944639
0.5401282425442057
0.5400629486875368
0.5400144815546996
0.5398712900376665
0.5397582475868942
0.5395579550873237
0.5390108101738521
0.538517480129335
0.5380109671689304
0.5377733279332688
0.5375851211286051
0.5371697813245386
0.5368522184110084
0.5365387959682544
0.5363147750904089
0.5362602879507257
0.5360868568087528
0.5359583293039989
0.5358599904046594
0.5357310932299938
0.535517196697932
0.5353739722502867
0.5352758422228816
0.5351492215921106
0.5351047215917898
0.5350719775649684
0.5349472779000203
0.5349070588983594
0.5348592407408945
0.5347434346967065
0.5347010724494007
0.5346259963484521
0.5343693728695681
0.534272091873558
0.5342495815689449
0.5340675715462941
0.5339189366560557
0.5338491433913849
0.5338013052757224
0.5337200700609872
0.5336781396208405
0.5336512348437182
0.5335770261451559
0.5335284603438053
0.533326308637409
0.5331347037268328
0.5330510519950269
0.5329297488663486
0.5328382395346635
0.5327502805874009
0.5326564189118964
0.5325173901119553
0.5324040649269272
0.5323254022577051
0.5322374246189249
0.5321463865968444
0.5319418745846055
0.531753800781711
0.5316820721044822
0.5310875605869398
0.5310247452307673
0.5309023034520824
0.5306057740218587
0.5303975479778222
0.5300552463746485
0.5298996958858833
0.5297761669966986
0.5296644427764972
0.5295880127595488
0.5294670554333193
0.5292582787173037
0.5291360471858297
0.5290071731651903
0.5288470537982228
0.5286428931838745
0.5284661832187373
0.5283551117019981
0.5282761424193743
0.5281918914106121
0.5281392444660837
0.5280959910309299
0.5280582276884256
0.5279822089429231
0.527941255014771
0.5278874907733637
0.5278113930032203
0.5277597071947228
0.5277385813762615
0.5276947186679279
0.527629360379211
0.5275241040919987
0.5274610240126463
0.5273846673803478
0.5273635954185527
0.5273407034892376
0.5273255959814005
0.5273075462388165
0.5272420510002624
0.527139204326516
0.5269981344053174
0.5268786950503661
0.5268435753702476
0.5268022990297369
0.5267002035649341
0.5265432324144207
0.526497498356239
0.5263984130648421
0.5263473798160726
0.5262367188257141
0.5260958897185073
0.5260590476567952
0.5260327783776748
0.5260099969590812
0.5259640472413474
0.5259092812878918
0.5258619945434198
0.5258045916504898
0.5257394731057031
0.5256840576040303
0.5256256708128818
0.5254863456732597
0.5252974589812485
0.5251556726233775
0.525002456729418
0.52490757632326
0.5248022564319659
0.5245176012329008
0.5243736394821974
0.5243076668675306
0.5242688626081916
0.5242130616829002
0.5241715635482945
0.5240948395890392
0.5239676363909961
0.5239031959345863
0.5238605885337977
0.5237456346417354
0.5237094614558641
0.5236735906114471
0.523581855048459
0.5234915114244763
0.5233956974242693
0.5233126928793398
0.5232059015879578
0.5231129905156282
0.5230180921240201
0.5229135622438426
0.5228380755547748
0.5226789510780047
0.522490879914403
0.522265916222602
0.5221909123855198
0.5221558351043697
0.5220964313600033
0.5220594367831195
0.522012561271919
0.5219727705782345
0.5219197514857886
0.5218681665839912
0.5218433189039758
0.5218293574414169
0.5217978175328162
0.5217500899561167
0.5217185802154165
0.521675230596917
0.5216337584002892
0.5215863977106922
0.5215202010194901
0.5214320616940602
0.5213509555122131
0.5212927083534258
0.5212147706660969
0.5211246464933219
0.5210896585844008
0.5210442090556784
0.521001241899323
0.5209504383170301
0.5209246627902412
0.5209065471596461
0.5208687298915522
0.5208166413049661
0.5207873825209407
0.5207623171029956
0.5207264310603787
0.5206981769599738
0.5206708195884
0.5206374440572955
0.5206064872716915
0.5205469912343746
0.5204556495338148
0.5201548057630101
0.520012298322463
0.5198855772787123
0.5197058104522588
0.5195838916614048
0.51953902321302
0.519500924720514
0.5193690064872803
0.51934143060064
0.5192321901824059
0.5191585907393421
0.5190472736802368
0.5189842155155846
0.518917611262508
0.5188499036259523
0.5188207514373239
0.5187756058984166
0.5187437163223553
0.5186753428089641
0.518583348379466
0.5185625564201359
0.5185517664129061
0.5185094328123916
0.5184899270129464
0.5184485787977332
0.518405936692482
0.5183569530524633
0.5183263715481884
0.5182796158299028
0.5181148189560522
0.518079559200448
0.5180424248017885
0.5180086139791615
0.5179453184336176
0.5178687203183369
