2.400974901089107
2.311644747562361
2.309955541972634
2.305927956744263
2.30570861980262
2.29690980505546
2.292016494369116
2.28967050678694
2.259274557064831
2.031048262842818
2.020049336114164
1.812908526445141
1.704302663643743
1.666007389758224
1.522799305988511
1.477722388120601
1.421835311201655
1.397633995149307
1.371478497885394
1.306391871896315
1.265650711905728
1.255724741016666
1.242391895140543
1.227797139463465
1.211524571638798
1.173258998947704
1.11732573515385
1.09973215744994
1.08456534169367
1.036053875406206
0.9983388751313522
0.9445704894601084
0.89546307850714
0.8736700526341713
0.8449666542206432
0.8170376185386945
0.7959996914570155
0.7668378329860321
0.7616690179317481
0.7601095179104661
0.7272476819696291
0.7164313929557098
0.6997200806916798
0.6709293171576851
0.6605992925569132
0.6577518462733645
0.6423401621927879
0.6319416340376068
0.6256885735933386
0.6204617213398571
0.6137014361179485
0.6064361830312195
0.5993476589868383
0.5954099227526674
0.5927065166139943
0.5855629803114699
0.5768099986896579
0.569420186770085
0.5631674528783338
0.5584969734992089
0.5492958015704955
0.5389500302241284
0.5306083304965711
0.524079987925086
0.5204014338886146
0.5132976401436922
0.5038300481586718
0.4986162964267274
0.4937698775844157
0.4850101034319328
0.4783356372143904
0.4747683780090333
0.471338895310071
0.4675982523381265
0.4606850841228463
0.4542962266589615
0.4466151787632622
0.4421046213224751
0.4413319542898553
0.4406186512480764
0.4383977077952161
0.4358597522454213
0.4338685793792563
0.431325111043194
0.4295177352215884
0.4282543039447401
0.4277876271149384
0.4259810463673367
0.4248114645548577
0.4234977341422037
0.4219010608640901
0.4208101001336453
0.419755959460521
0.4188045685761851
0.4185036552572599
0.416662354530381
0.4153067002022873
0.4139307722887148
0.4122960720703763
0.4114896043941167
0.4106265265588507
0.4091724960694359
0.4082998522083805
0.4072620684617477
0.4063384880586581
0.4057908964828264
0.4052967646741127
0.4050912537939457
0.4038463969471714
0.4025606998683832
0.4015262991987851
0.401347195595582
0.4009474781341104
0.4001957381785446
0.3996268813489561
0.3989973608767352
0.3986324650521149
0.3984448534887629
0.3978813809758043
0.3974823508904293
0.3973728231574605
0.3971426525218523
0.3967653582744596
0.3966706778600115
0.3964894544932736
0.3963417820287898
0.3961722441136144
0.3960250023580454
0.3958221729025962
0.3957492370426217
0.3956886475173215
0.3955228990320849
0.3954414616468073
0.3953317678895215
0.3953037996932041
0.395211464603369
0.3950332659483916
0.3948798426952452
0.3946809791786821
0.3944851561197267
0.3943888398294452
0.394311262421875
0.394206656310635
0.3941569449163934
0.3941015080763743
0.3940443495943393
0.3939879843052577
0.3939203737046634
0.3937558416752576
0.3936046733427824
0.3934838277079711
0.3931425237845605
0.3928235779619887
0.3925110766294478
0.3920891003286449
0.3914564531569137
0.3909635026236221
0.3904161916318171
0.3899135923326217
0.38962868814823
0.3892692745204345
0.389034981268334
0.3888587574638335
0.3884629584396331
0.3883010875514069
0.3881052449712646
0.3879541113911384
0.3877522145524818
0.3876287231794277
0.3874712625199128
0.3872438831604348
0.3871159795770327
0.3870236204676775
0.3869224621034976
0.3868763027216818
0.3868153010714518
0.3867143577499946
0.386649853418186
0.3866046490832904
0.3865163661499768
0.3864260668372498
0.3863372826291445
0.3862552351734976
0.3861530694980952
0.3860791983814281
0.3859805140280568
0.3858913549343601
0.3857954249985808
0.3857119354403791
0.3856770144953092
0.3855865023848251
0.3855345156896587
0.3854511054476696
0.3852523372749458
0.3851728796374401
0.3850914643149597
0.3850053290615914
0.3849600485299355
0.3848847532054134
0.3847995262571328
0.3847222646711985
0.3846874805341489
0.3846053216371866
0.3844911238792218
0.3843687683984203
0.3842397033831885
0.3841291799619608
0.3840063123689168
0.3838445303954456
0.3837149334144361
0.3835858072203978
0.3834718983962531
0.3833141487975671
0.3831763382196859
0.3830710214738647
0.3829386924819205
0.3828338754272789
0.382824100233758
0.3826726871897368
0.3826431610774534
0.3826226096941481
0.3825797869766009
0.3825023074587818
0.3824359943505376
0.3823666607320652
0.3822694701384461
0.3822031901251021
0.3821364892084416
0.3820453618432013
0.3818696056339129
0.381794371037217
0.3817202801850613
0.3816827410984982
0.3816261310967963
0.3815900460493565
0.3815510404281676
0.3814990837323432
0.3814688136762489
0.3814475838411998
0.3814122387264847
0.3813836643669669
0.3811639548649011
0.3811098670059256
0.3810690108122715
0.3810154056121227
0.3809485004186124
0.3809107859873632
0.3808764917824021
0.3808205386191439
0.3807551001572272
0.3807061114865819
0.3806400400572481
0.3805775124821399
0.3804822044686604
0.3804329570801838
0.3804204125338269
0.3803758149815238
0.3803443623047912
0.3803212375225122
0.3802919634639109
0.3802202238762648
0.3801818587070637
0.3801037126928514
0.3799491225502207
0.3798777808410765
0.3797989648738195
0.3797785951999274
0.3797262910494535
0.3796683668039403
0.3795550063172424
0.3794692991500346
0.3792266163079531
0.3790522628551664
0.3789225824156001
0.3787594634241523
0.3787221356994646
0.3786942186311637
0.3786129396647899
0.3785444121198747
0.3784930684407229
0.3784228156705596
0.3783215098444915
0.3782312961304115
0.3781267288764504
0.3780477666274414
0.3779569156399251
0.3778646025017224
0.3777940545529339
0.3777539573327053
0.377707799574085
0.3776730689480307
0.3775965763025008
0.3774801675221613
0.3773724463153234
0.3773429043356401
0.3773133885965013
0.3772556330788512
0.3772083308670242
0.3771766002703951
0.3771622966016874
0.3770828449900807
0.3770231733722068
0.3768270731181005
0.3768060903518715
0.3767663232351411
0.376712638871106
0.3766834992599043
0.3766402453657285
0.3765147887480526
0.3764236845828609
0.3763965009677183
0.3762804041179024
0.3762581854515842
0.3762270019371621
0.3761957835771229
0.376125305485661
0.3760520421171929
0.3760061309464706
0.3759476640153936
0.3759042760162697
0.3758110100982486
0.3757794509822651
0.3757712339428997
0.3757161731704975
0.3756927346944493
0.3756631977493012
0.3756484349634682
0.3756302433369089
0.3755728148857964
0.3755232647676977
0.3754346708725032
0.3753928864442634
0.3753655078686666
0.3753045928769598
0.3752617880377135
0.3752322393414581
0.3751867845647766
0.3751726819448337
0.3751583239684022
0.3751194847988599
0.3750834142326971
0.3750637644254471
0.3749977846244004
0.3749327591114791
0.3748784313256293
0.3747482837583487
0.3746272384574582
0.3745734975426358
0.3745625732932614
0.3745409243743799
0.3745169668069711
0.3744888354927113
0.3744154844063083
0.3743530657211973
0.3743169967849342
0.3742539909073681
0.3740822559759928
0.3739974353784231
0.3739232067044896
0.3738693983779587
0.3738035600235828
0.373755548774525
0.3736824648057268
0.3736173477245603
0.3735700649462114
0.3735258066669963
0.3734688792305862
0.3734308528789901
0.3734106362599088
0.3733739309799896
0.3733284777970144
0.3732453297116205
0.3731954205922104
0.373164013872181
0.3731176610617177
0.3730964029514863
0.3730443449619373
0.3729935929719525
0.3728527673945386
0.3727333923271739
0.3725209200246937
0.3724179145212046
0.3723128593184862
0.3722173941905538
0.3721691975824135
0.3721217148610601
0.3720773351486091
0.3720349363614712
0.3719928704564712
0.3719426829806604
0.3718841984524167
0.3718259372059189
0.371783686455066
0.3717079882802307
0.371641367120511
0.371610430464118
0.3715798148820404
0.3715454779151991
0.3715049541862843
0.3714788405753824
0.3714490023444036
