2.3126714293055
2.302218870401372
2.302166779606923
2.302116271593778
2.301567878133474
2.30151946471381
2.28765419973464
2.28722595141378
2.251833429217964
2.230030231579108
2.098650194071015
2.042728944939737
2.024171933857146
1.969002845163065
1.9534163711392
1.889418552382896
1.84986802225769
1.812053569254294
1.762642735251793
1.718453312931417
1.687727492289032
1.661390222409739
1.629595051801442
1.584777554945612
1.541115421548781
1.5118068591707
1.495966143717522
1.479032376935594
1.432180290473778
1.389957312070428
1.357275290857533
1.331626995889045
1.324388632383911
1.31577334367363
1.304161431911044
1.297136090805925
1.287644948513845
1.273121758476663
1.259293046973404
1.251957564917169
1.241562123542069
1.213934128600614
1.201552843987853
1.18671756038325
1.159314957950764
1.11664764860161
1.058925102229609
1.046229456049417
1.03329518367944
1.020249086637618
1.006066648256811
0.9904977076784036
0.9888611635633001
0.9859959159331716
0.9818605540459516
0.9778438429059538
0.9755263114427228
0.9717063837300698
0.9701494205225089
0.9659781708712293
0.9611055886986654
0.9601405909431313
0.9577730477779246
0.9555754728242987
0.9527855382050233
0.950111141433704
0.9473387093709168
0.9447232707911485
0.9420841682659341
0.9407495409893734
0.9401779776491782
0.9389191725997634
0.9366377191488787
0.9317288937587291
0.9308646096212645
0.9306164321212903
0.9291007127440297
0.9269694147203967
0.9228049838125963
0.9216228560314018
0.9211496891680588
0.9173934914071289
0.9148726135223314
0.9115910188900187
0.9099932080541184
0.9092742806437841
0.9075783334525324
0.9067380940030567
0.9058347100066676
0.9026605039402392
0.899059340884559
0.8957165440401039
0.8949606746033077
0.8916507550136473
0.8888052329338847
0.8879076353450943
0.8859873868222383
0.8825829491467903
0.8797726031601215
0.8758129328717418
0.8722518997096265
0.8692576944556397
0.8679289788984649
0.8678607946536889
0.8658365071449369
0.8597451325017482
0.8584117881816017
0.8568263362843274
0.8563102966106041
0.8557581609982132
0.8545112250143038
0.8532408238287505
0.85108630490063
0.8491242555727565
0.8486989379047734
0.8478432558941463
0.8471723421390827
0.8466305445867958
0.8462446718821074
0.8451898912365141
0.8445107075689546
0.8440761940944965
0.8437743692371471
0.8433956461877408
0.8430917431610978
0.8427123935646852
0.8424234859223537
0.8417106502742192
0.8411642235681185
0.8407202383329475
0.8395779680843118
0.8392042429916808
0.8378023382542992
0.837078676839788
0.8359057639599341
0.8348360140974842
0.8338165799833422
0.8329412887303348
0.8326961002261236
0.8318030813174414
0.8311685575886737
0.8306458256891531
0.8301463638965072
0.8296832212050864
0.8291208759547273
0.8287804073700584
0.828329796025439
0.8279374356355576
0.8275698473390706
0.8271162652429391
0.8269207336491492
0.8268236925275344
0.8263984621317959
0.8263241254524153
0.8262265625161265
0.8260063945883901
0.8257526358905354
0.8255080578728946
0.8252346734485374
0.8247752081684837
0.8242192282098361
0.8236779583599861
0.8233593977114497
0.8229500609209837
0.8226399159229782
0.8224671307231681
0.822045959382889
0.8217822593259123
0.8216343708536648
0.821299617111653
0.8210210468329904
0.8205507387351459
0.8199529879485623
0.8195950787383447
0.8189802107163
0.8187066891072268
0.81858133638659
0.8184375215657194
0.8181487299140335
0.8180559967499351
0.8179221390861375
0.8178185807616323
0.8176846753104656
0.8175389410836577
0.8174042946228123
0.8169857015108231
0.8166411665926108
0.8162264915400474
0.8153903965938347
0.7914008382323834
0.7891243940454744
0.7886586067395733
0.7878901112246717
0.7869601197675259
0.7857158669122383
0.7829196683713814
0.7793449094840812
0.7766610430031472
0.77342050981642
0.7705203275131888
0.7691410094831549
0.7671757944637624
0.7639052259581224
0.7612004709458424
0.7589507738575387
0.7571944767517711
0.7569348450826456
0.75551600912309
0.7540794805992758
0.7518902108395332
0.7499648157896771
0.7465265105899768
0.7450802135271106
0.7439601857279333
0.7434616837149245
0.7417616892287616
0.7394303720288977
0.7361521503706632
0.7336012888206721
0.7313132584759972
0.7295814173869541
0.7284229714799288
0.726082800034766
0.7237724220284544
0.7224968336849574
0.7200541007825676
0.7183799109219285
0.7181039957508949
0.7172979344468652
0.7150289981422426
0.7120909518632496
0.7104272682896143
0.708254955907145
0.706276471001733
0.7042738468833971
0.7038009240479549
0.7021304966655256
0.7001126638014303
0.7000357265189234
0.6992888704941118
0.6979738593408085
0.6964615057368235
0.6950472557597445
0.6946294569722892
0.6938703026517995
0.6931404268044036
0.6923577461836137
0.6919916550319828
0.6914960399628293
0.6911605832340602
0.6909726605087674
0.6907148696593089
0.690288760479328
0.6900754537691945
0.6899204226708785
0.689712028250552
0.6896159704484943
0.6895190510289835
0.6892713961062523
0.6890848544439194
0.6889822856271182
0.6888825960264976
0.6883799372842082
0.6882541609205308
0.688028803413941
0.6879351592651595
0.6878869578697364
0.6876915988629239
0.687602320506369
0.687551726220941
0.6873892348215219
0.687185598570912
0.6869598653879527
0.6868526387211386
0.6868064822433159
0.686602716853465
0.6865112192181925
0.686439893238957
0.6862296766911974
0.6861421625682201
0.6860095630690386
0.6859605641523002
0.6858563384274864
0.6857480765669405
0.6856094672754622
0.6854609723240593
0.6853504052388668
0.6852634120650624
0.6851934807970904
0.6850782605019926
0.6849664560693811
0.6848712197790132
0.6847562432557824
0.6846459878913951
0.6845738786180942
0.6844446858717014
0.6843480152362604
0.6842394091679838
0.6841901485144956
0.6841182918537294
0.684059453089909
0.6840031723304457
0.6839397520098601
0.6837730059163036
0.6835714168656006
0.683414562050409
0.6830214898818154
0.6828124997352185
0.6827523726045993
0.6824049927557566
0.6821472668103848
0.6819913279148299
0.6816168531640525
0.6814915559954721
0.6813898907526638
0.6812692391718334
0.6811811195660469
0.6810610816815583
0.6810014289406289
0.6809248006446211
0.6808630264041169
0.6807834400345607
0.6807052362532925
0.6805909336721765
0.6805283632932924
0.6802963459361143
0.6801932641571663
0.6801465376197263
0.6800563189939711
0.6799767653376874
0.67994190534611
0.6798921604267225
0.6798604617237463
0.679759055665873
0.6796611720946742
0.6795843290362115
0.67937466624924
0.6793025139967499
0.6792243362973752
0.6791207174365519
0.679066837091384
0.6790285889782051
0.6788834999472565
0.6788562921197109
0.6788156836202212
0.6787863406741886
0.6787419533300472
0.6787032123243448
0.6786788265926766
0.6786427118769298
0.6785232234680394
0.6784953165239872
0.6784755224716456
0.6784349540612801
0.6784197983894035
0.6784137723513115
0.6783936616297152
0.678379656857385
0.6783466126631175
0.6782063765737044
0.678175486575239
0.6780792240991483
0.6780315575907242
0.6778979275859546
0.677834785181641
0.6777319042611408
0.6776959992085078
0.677652618123732
0.67760935175221
0.6775786110606405
0.6775337623883017
0.6774512914485625
0.677390053437201
0.6772921994350246
0.6772160061195411
0.6771385273708643
0.6770981020821005
0.6770473544946849
0.6770048737106561
0.6769648027245168
0.6769142476818173
0.6768869301753835
0.6768639689019259
0.676837079960936
0.6768246176546774
0.6768065104883121
0.6767921945809894
0.6767026098734983
0.6765996755449006
0.6763339505965372
0.6762793885676748
0.6761925760874731
0.6761081850676067
0.6760894054629715
0.6760427326429824
0.6760242253077308
0.676020512169127
0.6759694702997574
0.6759541399495475
0.675925730254088
0.6758927976560902
