2.318766490812876
2.305862035623217
2.305029367683832
2.304825616580682
2.298626091507451
2.297467378878003
2.292471070834685
2.206877376379313
2.199927243904487
2.023700781282344
1.932617333929661
1.821393341156655
1.718049548262412
1.594345444903708
1.500535381923271
1.318043289307447
1.20665281041214
1.14198639414197
1.08693903060386
1.032614095764317
0.9608006209081277
0.9079000512592491
0.8975412344893656
0.8791706759818487
0.8091123640047857
0.7875151258613945
0.7696849682267322
0.7488968869379968
0.7294605245762473
0.7088013872002517
0.6869881882590789
0.6786347338442037
0.6618469772613222
0.6493377025066411
0.6419050959273126
0.6277622371111016
0.617264994841882
0.6104922921220196
0.6099071128678122
0.5973899208787168
0.5838224734718086
0.577802631017675
0.5719142010357456
0.5648359603604558
0.556026189080203
0.5537037438400374
0.5526344281064232
0.5450245518010095
0.5374197774781598
0.5281154176487297
0.5236010608907915
0.5231554429405743
0.5205597025043388
0.5173744342156776
0.5149337605004951
0.5123127124578553
0.5097842316327372
0.5085987190421219
0.5068312823124662
0.5050777595729775
0.5041079502123262
0.5011652402065122
0.4995457991555006
0.4980837114913321
0.4952787571462488
0.4930882227778814
0.4916010971638871
0.4904938226038096
0.4896455673269856
0.4888071646832141
0.487410882059196
0.4860730947298694
0.4842387954606021
0.4830063639438912
0.4822347004398393
0.4816706015400503
0.4808589239954705
0.4800720543674195
0.4795681107032052
0.4787806628182792
0.4777292992651151
0.477587640663493
0.4772817101345522
0.4767863265512667
0.4764099916220805
0.4762796221533689
0.4761333659303326
0.4755902501366883
0.4753740130981309
0.4751316082345887
0.4748966719579307
0.4746845172050975
0.4744417692646995
0.4741884036756934
0.4740455776368737
0.4739649858390798
0.4736881784741851
0.4735468285901775
0.4734179361089183
0.4732090084705596
0.4730641163749046
0.4729436081325643
0.4727790903351652
0.472272784515184
0.4719930860948312
0.4715567166206933
0.4709464448873727
0.4705500956003103
0.4703322118384494
0.4700757249254345
0.4697882127084817
0.46966714726267
0.4695197676114845
0.469391580538515
0.4692946444766112
0.4692187022335459
0.4690857218410238
0.4689398439497057
0.4688537642158404
0.46882490181868
0.4687201948886365
0.4686494711019438
0.4685707132459612
0.4683371728526518
0.4677247732953529
0.467100110428866
0.4665463986512288
0.4658961214543057
0.4651351927957137
0.4646991691826392
0.4645450142287133
0.4639593124290875
0.4633876695178406
0.4630711493573608
0.4629104851549375
0.462706846106571
0.4624507561570699
0.4622186505839978
0.4621090487525651
0.4618526564062145
0.4617312258011476
0.4616342432443232
0.4614099275481822
0.4613159620688127
0.4611979849846991
0.4610912534053248
0.4609770283215361
0.4608560196513461
0.4607266519193677
0.460491490985366
0.4604470112467659
0.4599897713707689
0.4593161553167139
0.4590463781560711
0.4589540182866974
0.4585245141916615
0.4582243506572201
0.4581095523637196
0.4579911291811626
0.4579076872023576
0.4577683726805576
0.4577381221502773
0.457637428225276
0.457410144222038
0.457190529019358
0.4569541806930713
0.4566117218463613
0.4564071435308165
0.4563160728659478
0.4558757147448301
0.45573007988556
0.455543094126427
0.455369066732413
0.4552214857929073
0.4550350125042494
0.4548492141664379
0.4547440587090377
0.4546066010492305
0.4545251854739503
0.4544554723992575
0.4542540321011775
0.4541104431453106
0.4539764732645254
0.4536981829039597
0.4535722642850249
0.4535309190775687
0.4534761271256676
0.4534205900883703
0.4533294025437752
0.4532386734738077
0.4530700386732565
0.4529382139908649
0.4528737884385891
0.4528001531592247
0.4526979318467824
0.4526137803478881
0.4525611248335747
0.4523840975999528
0.4523129524882934
0.4522239214239154
0.4521376967350675
0.4520457705509402
0.4518466250701921
0.4515891391153292
0.4513908992555289
0.45117917192885
0.4510888923958974
0.4508151950766355
0.4506379668145819
0.450390882192248
0.4502333595023251
0.4501118318271972
0.4499056425268284
0.449795264980998
0.4497144638253837
0.4496122219855784
0.4495716758461788
0.4494901573332094
0.449320847482985
0.4491783166848881
0.4489928513640445
0.4488995403000118
0.4486238496228149
0.4484575773910826
0.448248075212452
0.4480140432786655
0.4479191771397047
0.4478619225646256
0.4476365908351017
0.4475915703428602
0.4475390069662906
0.4474817271387778
0.4474000242807452
0.4473508321117189
0.447124623773262
0.4470761584941005
0.4470356016065642
0.4468902766509606
0.4468042702619754
0.4467076716331658
0.4465922616454716
0.4464881807931393
0.4464004429995295
0.4463314628302235
0.4462530210984244
0.4461668252247445
0.4460774832921771
0.4459657094446774
0.4458570895673544
0.4455889289966207
0.4454117149603828
0.4452064705616025
0.4450000176534833
0.4448175003262784
0.4446429540051853
0.4443347929404808
0.4441432609097578
0.4439073669723395
0.4437620395842095
0.4435634222649053
0.443329060769835
0.443272886239077
0.4432398600164523
0.4431889143775413
0.443147272399635
0.4430160133814965
0.4429144578588096
0.4427637529014112
0.4426754161039612
0.4425650836872571
0.4424839905089068
0.4424071614430336
0.4423437105011688
0.4422448974281216
0.4421910455093241
0.4421595385219753
0.4421014210909787
0.4420730715399975
0.4420060989913606
0.4419178575318516
0.4416920694972548
0.4414380634461857
0.4413491700712826
0.4413308680984844
0.4412276142911586
0.4411622493343327
0.4410894080871831
0.4410116975480301
0.4409314267557263
0.4407757765246919
0.4406302044310929
0.4403258639196694
0.4398553044169193
0.4395271180908537
0.4390951117890073
0.4387292549950661
0.4383071922744275
0.4377369268859727
0.4373566016494361
0.4368789086938962
0.4366371347237937
0.436557701720891
0.4362610445015408
0.4361477070727335
0.4360838612719617
0.435957629920888
0.4359135314117112
0.4358029215411058
0.4357189139513652
0.4356548039069225
0.4355846976564719
0.4355262789854715
0.4354368300495146
0.4353843995705848
0.4353521058412492
0.4352480174207403
0.4352246057116323
0.4351843750222989
0.4351132334813063
0.435024277823416
0.4348186525828145
0.4347110818432001
0.4344867812525272
0.4343816552370514
0.4342488807346788
0.4342088099485117
0.434168509393689
0.434060248293947
0.4340120914790001
0.4339389991529848
0.433889439496678
0.4337795855455452
0.4336637815974603
0.4335810827135717
0.433534766025758
0.4334418153994816
0.4333460594656934
0.4331933897924882
0.4331121318830664
0.4330818712095328
0.4330231996679138
0.4329780015292076
0.4329203308419194
0.4328615786947489
0.4328111674284375
0.4326532804286109
0.432470690826696
0.4323584070612944
0.4322499673914995
0.432185359339676
0.4321276628710806
0.4320264761264119
0.4319861417597975
0.4319712329890191
0.4319294474524935
0.4319098912962404
0.4318917537671592
0.4318473917653898
0.4318172653148573
0.4317745639604774
0.4317407617860787
0.4316994381869163
0.4316101903457307
0.4315024294919832
0.4312128221495118
0.4309869172798071
0.4307818392675967
0.4301519241417828
0.4298361043143781
0.4297223696567609
0.4295148781445251
0.4294202694932073
0.4293442560609025
0.4292765181512057
0.4291841481863303
0.4290917419487477
0.4290551024474297
0.4289814623065974
0.428934426670359
0.4288011791162939
0.428687730911622
0.4285915510778215
0.4284435005444146
0.42831453330293
0.4282217041494883
0.428143715570758
0.4280160139488928
0.4279649857165935
0.4279176268269783
0.4278783153914313
0.427825327959353
0.4277910288957703
0.4277407840090188
0.4277155756641524
0.4277044687491901
0.4276646923543126
0.4276486721266434
0.4276133768808248
0.4275182533517041
0.4274533470702384
0.4273637161949005
