2.31658369660396
2.307472067218967
2.30567573816476
2.304865692147071
2.299963178812604
2.280855693274872
2.264632423360198
2.10561404768728
2.088020941616011
2.016589496298231
1.916983643768282
1.819927150215809
1.666643680801894
1.609772511516888
1.527154294991478
1.463035658297271
1.413828828941094
1.330471525575999
1.250769300931486
1.221644110042613
1.186309557989283
1.121409038905212
1.073397233520982
0.9511016336472227
0.8986435509879902
0.8883618125697718
0.8429121814250534
0.8300887340380233
0.8168787948325316
0.794083896598605
0.779342381151672
0.767055476737858
0.7499912577792542
0.7304220483107764
0.7143516557029674
0.7021991145365957
0.6894711518894283
0.6725916645609434
0.6524598891547985
0.6340550792544405
0.6204420233735555
0.6092381505305133
0.6039267532971608
0.5899425511725458
0.5695558968932554
0.5519185645852666
0.5410708640964282
0.5331172777003436
0.5301452150463247
0.5272848685900794
0.5226548812362625
0.5075223380489738
0.4907051490938542
0.4776578002502743
0.472516187122288
0.4712075696643445
0.4665400926361837
0.4606057638956365
0.4548583667864453
0.4495601475258351
0.4455707324999042
0.443273310256269
0.4416353797084949
0.4397346913713315
0.4350978382724241
0.4289892019515926
0.4240849928416159
0.419584776360945
0.4141259610662744
0.4088289094636272
0.4045760974402715
0.3990487610000948
0.3940789210286009
0.391536154649153
0.3890803866251746
0.3856911409891887
0.3799709118496888
0.3766913933261664
0.3737429768138006
0.3693625939563704
0.3648013117921035
0.3627702777862885
0.3617257348996636
0.3577492973841843
0.3540846264036556
0.3509762174271816
0.3490217134028709
0.3469348643939844
0.3446698866291329
0.3440416833809014
0.3422137800527579
0.3405171286255633
0.3386698354561348
0.3374221371771152
0.3365781105082422
0.3350509511530632
0.3343910701801325
0.3334780991097923
0.3321961565891192
0.3304338819013933
0.3291658666844325
0.3288619092935486
0.3278434874656034
0.3261955359632427
0.3250834190321276
0.32389711480179
0.3227449472297876
0.3213377109268697
0.3202211301885524
0.3198859888816949
0.3183347743816776
0.317017345791257
0.3165254468890055
0.3144787160318164
0.3133941667298205
0.3117753117847525
0.3103751182043449
0.3092927147974109
0.307879026917161
0.3069531351690647
0.3062776242817697
0.3052166428964018
0.3044522156638899
0.3039815093779518
0.3034437259873432
0.3028204789610718
0.3025766697022138
0.3022352212888275
0.3019440764053199
0.3017110081753835
0.301340815242304
0.3010204572528238
0.3007680847442435
0.300362639170459
0.3001842690478163
0.3001164809067245
0.2998349977722732
0.2997196587001724
0.2995824759042536
0.2992863538743535
0.2990532343776003
0.2986457252452514
0.2985173307126454
0.2984767286853622
0.2982943440200286
0.2981900046238634
0.2980049928322209
0.2978877420044545
0.2977414087246446
0.2975432945860806
0.2974555400808605
0.2974158476272563
0.2973411937749816
0.2972618465924375
0.2970409300153024
0.2968794125589464
0.2967665247042165
0.2964856468153554
0.2962509492318678
0.2959839281170816
0.2958454670642086
0.295659394168602
0.295469196637707
0.2953233097256537
0.2952042467916279
0.2947604884913799
0.294223100115263
0.2940316678509383
0.2939067736330453
0.2937885718225467
0.2934754246349084
0.2933217626931088
0.2932627336368225
0.2932147624398224
0.2931436173927439
0.2930548281492731
0.2930026636068683
0.2929443252421174
0.2928565876353807
0.2927653512502582
0.2926809438250503
0.2925549996445528
0.2924482302650957
0.2922797148690809
0.2921267556583782
0.2920527783393631
0.2919526914434344
0.291877162017821
0.2918079500742344
0.2916124001849375
0.2914166192917415
0.2911256366759454
0.2910241144880085
0.2909575538401533
0.2908943902348519
0.2908179528815451
0.290778561675605
0.290743781293063
0.2906644294704682
0.29060172711291
0.2905306509857973
0.2904503434717792
0.2903740092853668
0.2902463808209922
0.2901746435120229
0.2899008772763348
0.2897294696225684
0.2896416607973853
0.2895670253985673
0.2895033891375117
0.2893867156636103
0.2893098435719298
0.2892516908470136
0.2892020687410146
0.2890664247655143
0.2889688841086106
0.2889036565090266
0.2887520533074559
0.2886509612652176
0.2886189574029834
0.2885240033003783
0.2884749041671201
0.2884393903982461
0.2883417235067784
0.2880907532523982
0.2875691518489082
0.2872297941003736
0.2868070750677044
0.2865187923486493
0.2861867782157286
0.2858747659552915
0.2856777617946145
0.2855096843851837
0.2853809545152127
0.2852575464116611
0.2850300939936425
0.2848362636809281
0.2847185277553755
0.2846724038132382
0.2845712979681439
0.2845217106289473
0.2844834606329746
0.2844224023260297
0.2843577453753898
0.2842877060186458
0.2841924411851545
0.2841310115363084
0.2840012558239167
0.2838625478087987
0.28369869624573
0.2835486866372646
0.2833761675674942
0.28321544512598
0.2830766012428074
0.2829799200972269
0.2829439898968208
0.282802738370579
0.2826750520517487
0.2826394871129134
0.2825452766870705
0.2825112507926764
0.2824691299612825
0.2823904268670244
0.282297864518982
0.282190569113229
0.2821388128558198
0.2821146197911625
0.2820483733040362
0.2820071968318715
0.2819609511963609
0.2819049362768279
0.2818771244614978
0.2818196784846375
0.2817339467632156
0.2816644796264293
0.2816062930550333
0.2815619197563148
0.281496299668433
0.281266651690253
0.2812237932513447
0.2811895778308717
0.2811415132493756
0.2810943809689499
0.281067172167287
0.2810441472610353
0.2809652777962657
0.2808745987673829
0.2808315118944797
0.2808154503445073
0.280755742667651
0.2807167824730306
0.2806984641401306
0.280650561783424
0.2805399197534104
0.2802392204258204
0.2799115009909677
0.2798401516824219
0.2797749586570317
0.2796244935706211
0.2794319765191176
0.2793155438050404
0.2792240986651232
0.2791162387892933
0.2790632636852353
0.278953244410685
0.2788475449549376
0.2787109758172483
0.2786577718365957
0.2786440747076017
0.2785979501839926
0.2785635986822818
0.2785385144212338
0.2784441178732767
0.2784023441041927
0.2783454371434291
0.278295494500288
0.2782465963176674
0.2781855588083768
0.2781297607516976
0.2780685874244548
0.2779159321923252
0.2777463647368434
0.2772748307696126
0.2771029486885427
0.2770653963832338
0.2763808597092373
0.2762845555809328
0.2761640917798716
0.2760896008076659
0.2760092067360952
0.2759567281848248
0.2759422444330972
0.2758961607913569
0.2758722638026947
0.2758171457834783
0.2757320634392801
0.2756972108158659
0.2756731556305991
0.2756537761958961
0.2756042550666084
0.2755663720425539
0.2755388708031223
0.2755227380921207
0.2754777460442548
0.2754310302887787
0.2753661546614905
0.2752568391300769
0.2751773041122246
0.2750736401666227
0.2749941057020907
0.2749650990028674
0.2749276622520584
0.2748973775926164
0.2748212783372623
0.2746110404065945
0.2743193015843592
0.2741067889127428
0.2739712166489531
0.2738141637684997
0.2736633471492584
0.2735462152561236
0.2734960000576943
0.273354045041065
0.2732889298034122
0.2732197413916347
0.2731407130782628
0.2730732169142326
0.2728915402242482
0.272776253060877
0.2727014481675818
0.2725907718509361
0.2724999788241399
0.2723985446663271
0.2723332077201051
0.2722451187889895
0.2721749284769112
0.2721131468062328
0.272046581906162
0.2719456971021856
0.2718987257548546
0.2718752140763144
0.2718448221709867
0.2718005750422677
0.2717625909403528
0.2716581379988225
0.2713302361941343
0.2711228815716517
0.2708768215509355
0.2706382066952053
0.2704867277207939
0.2704307047458232
0.2703045510817988
0.2702435225778984
0.2701781632638265
0.2701224013404062
0.2700543088496167
0.2699790309542867
0.2699465404617232
0.2699086004089735
0.2698584714053367
0.2698147115006854
