2.343156424048425
2.304440218298565
2.304006892126671
2.303793099579011
2.303318112662479
2.298755426222763
2.297999947791991
2.26626888323555
2.249507217068615
2.153952617728504
1.932227107241958
1.800658389830731
1.683243059340901
1.55752120490748
1.500047964881111
1.43300892325402
1.358930724499006
1.313840837613404
1.242190000421568
1.178813112453085
1.146732725994083
1.125107025395909
1.046582712390243
1.021232851128199
1.002917760524597
0.9630733500829953
0.9313896698865899
0.9172722013344519
0.8804071547411315
0.8542856772820578
0.8462793727108986
0.8155766961782716
0.7783992495085762
0.7651897827687265
0.7621361169591347
0.7491001180128396
0.7420261528566435
0.7324244318665997
0.723420619604612
0.7153097496611844
0.7081694262352485
0.7023794484181473
0.7006758048684204
0.6966966448641103
0.680330193704796
0.6661319162240757
0.6551629217874962
0.645405835237741
0.6349338108534881
0.6292876492287823
0.6246459791144482
0.6160977349369292
0.6053513065654098
0.5990662112357635
0.5881970742072052
0.5760651938971226
0.5695723296939572
0.5639982000995856
0.5632749353265003
0.5580639201751898
0.5512741167744494
0.5432837284009669
0.5406319911413878
0.532922405092415
0.5285361015929415
0.5225005470420756
0.5206105741904173
0.5184134876400628
0.5126212887472403
0.5051462244525736
0.497077385268648
0.4878613265689366
0.4818887594888202
0.4763942482468322
0.4684388136332646
0.4648390324371327
0.4627865856992337
0.4599071483608744
0.4570472023230028
0.4544466843998664
0.4535761930851655
0.4520566229270243
0.4514633838613619
0.4503240060430583
0.4478109074585424
0.4446832189102765
0.4430663152285168
0.4426920638523348
0.4397118803721478
0.4381990238822491
0.4367516189726224
0.4357859712278183
0.4338320869352301
0.4321102180508678
0.4307254847488959
0.4291607451977148
0.4279185487956322
0.4268132718935516
0.4251359425003665
0.4241098493768143
0.4239065860750581
0.4230569569231525
0.4221785019719357
0.4208632027405151
0.419690373298288
0.4189364162777704
0.4182684679965946
0.41724639853468
0.4168142275766155
0.415989314614874
0.4146620544951505
0.4137791726322378
0.4135005240080384
0.4129012711661321
0.4123467339605439
0.4119560814449575
0.4117170476531558
0.4114465552774993
0.4109662465835131
0.4103993588255158
0.4101722925196157
0.4100687753031243
0.410008450274372
0.4098809971458725
0.4097986046787285
0.4090303815211476
0.4086959041155748
0.4083892900113901
0.4080750743146135
0.407777010666578
0.4075376872557948
0.4072751333517858
0.4069839406645934
0.406895514423004
0.406720777954471
0.4064707364939064
0.4062301857661266
0.4060606252594556
0.4059904890688215
0.4058653947143021
0.4057834544000733
0.4056394606425737
0.405533059967879
0.4053701353920766
0.4052885064447266
0.4052410959505337
0.405166465190187
0.4050965467515896
0.4050564905868295
0.4050403809395565
0.4049530941165801
0.4048959022821485
0.4048681092712144
0.4047688684082864
0.4047275385784961
0.4046808519967712
0.404597390384497
0.4045064251700597
0.4043989739776347
0.4042512236168638
0.4040051502682929
0.4035368969036482
0.4032379523163757
0.4030099370478685
0.4026701451473054
0.4023718373234839
0.4022735179899821
0.4021789748600637
0.4019832343736435
0.401895097619519
0.4018384731866139
0.4017652731655078
0.4016781766212374
0.4016044226072927
0.4014162761139706
0.4012734625344959
0.4011888729093857
0.4010557457590007
0.4009173105786361
0.400794178585095
0.4006790895687973
0.4004290762477847
0.4003728586452829
0.4002579093675445
0.4001682079191669
0.4000885781096778
0.3999931818940697
0.3999460997680764
0.3999334108489327
0.3998327699979248
0.3998007645915252
0.3997617298288801
0.3996156945450473
0.3994663397976345
0.3993458712145374
0.3992843524959297
0.39926062225995
0.3991701679834312
0.3991364244210436
0.399111114951146
0.3990582227988212
0.3990050488412775
0.3989528043264013
0.3988562428779505
0.3987418338663126
0.398633755462328
0.3983230593275191
0.3982146978226775
0.3981501434277038
0.3980684210351067
0.3980270699995014
0.3979753248686831
0.3979333881135585
0.3978827537066437
0.3978274017903723
0.3977973832988427
0.3977595601793563
0.3977029385996306
0.3976521743580053
0.3976224984714843
0.3976077655398528
0.3975634973587079
0.397535494307699
0.3975062905330016
0.3974313737515602
0.3972290951844584
0.396977865396818
0.3968734716624995
0.396748809510239
0.3966157979482316
0.3965449741656676
0.3965212254198023
0.3964528411530612
0.3964049264403969
0.3963737906492644
0.3963307403787702
0.3962946044498804
0.3962619036825314
0.3961961999993939
0.3961257885221306
0.396037280125396
0.3960018237616618
0.3959720807367487
0.3959329049172239
0.3958667597252032
0.3958082478097976
0.3956875390431008
0.3956205051019033
0.3955680562677635
0.3955111578614592
0.3954875511652861
0.3954227425070116
0.3953751422225541
0.3953360809208045
0.395249416868909
0.3951883955025511
0.3950985799844179
0.3948669777296041
0.3945699235485557
0.3943913070847047
0.3940927545651403
0.3938577671156203
0.3937238166137608
0.3935413620772311
0.3934661261336939
0.3934011377744872
0.3933353775383139
0.3932969980861864
0.3932559173585652
0.3932029447394897
0.3931546804646308
0.3931055558867544
0.393061474053806
0.3930136665328968
0.3929653608453864
0.3929410839667902
0.3928921024525935
0.3928418825698672
0.3928032330318021
0.3927537862680453
0.3927052377829403
0.3926825572722661
0.3926770556560774
0.3926357759512393
0.3926197185634514
0.3925858044598399
0.3924881787228092
0.3923936476584162
0.3923096702079022
0.3920192217786043
0.3919082166477351
0.3918660217005782
0.3917285656894627
0.3916848953804228
0.3916314156722039
0.3915889776042853
0.3915114960569094
0.3914321823891391
0.3913592694538656
0.3912952583722004
0.3912101738256605
0.3911350699472685
0.3910999929931466
0.3910628457551097
0.3910366475235844
0.3910080488550242
0.3909384698327423
0.3908760001228796
0.3907816894033919
0.390716646557647
0.3906612304758916
0.3905831234084708
0.3905089130809604
0.3904677650905251
0.3904430777410164
0.3903954474993516
0.3903466479746064
0.3903113946963804
0.3902920022196235
0.3902333878537161
0.3902181117845508
0.3901814323263693
0.3901447806437596
0.3901091558401379
0.3899975057416517
0.3899430511175785
0.3898864833939953
0.3898181395961908
0.3897881152912342
0.3897575924158881
0.3897127206250031
0.3896964055528558
0.3896590783589938
0.3896079975386191
0.389578821360471
0.3895554518859954
0.3895271993346835
0.389513590219684
0.3894847129211942
0.389435883869831
0.3894031091385819
0.3893726275809387
0.3893544376026367
0.3893459679933248
0.3893192456636638
0.3892974819152491
0.3892730370182085
0.3892410697839541
0.3891694408736304
0.389084413290024
0.3890437737856605
0.3890428082858567
0.3889790863080744
0.3889630205080888
0.38894808429988
0.3889296727436063
0.3889149863517133
0.3888833272279197
0.3888478604324676
0.3888387813261109
0.3888261025303372
0.3888115244798329
0.3887833884851538
0.388747649858771
0.3886824314886271
0.3885729012808755
0.3884796115815741
0.3884360754050198
0.388410112551632
0.3883742250650954
0.3883397763866511
0.388299485383037
0.3882697038209676
0.3882326150422723
0.3882087448133858
0.3881840413096823
0.3881215092917712
0.3880454186174432
0.3879778919537418
0.3879276936658549
0.3878138177897116
0.3877010753876196
0.3876615234529811
0.3876190124541863
0.387578805888655
0.3875497704417636
0.38752444047315
0.3874593194394466
0.3874020253161057
0.3873333189486951
0.3872536027875753
0.3872176003630354
0.3872020029809924
0.3871844969965288
0.3871752263898293
0.3871604506986473
0.3871433987368478
0.3871279847965112
0.387112659495368
0.3870926968027018
0.3870751024795369
