2.351619634528415
2.311395941324006
2.305778670376946
2.305582408927685
2.304870916074096
2.302572010692328
2.296827677387319
2.28605507232256
2.255582964453269
2.159812421458873
2.021129997843464
1.896411675774833
1.758325550860845
1.667677674361589
1.595704976347676
1.452541339796605
1.403907580405862
1.368311669215278
1.342760318505688
1.273543925440713
1.206845256744847
1.151337126323175
1.062656035918274
1.023804337306435
1.018520081056222
0.983096393507303
0.9582645940997625
0.9364693045938942
0.9130189478971066
0.867319400025321
0.8505906686688742
0.8309591394900538
0.804868559795878
0.7860133258893038
0.7641305450288784
0.7416597669264176
0.7234556214555887
0.707363295681696
0.6796656685702865
0.6612204642665074
0.6395924456888338
0.6194066307250439
0.6072128514133566
0.5914342115547687
0.5764419523774699
0.5618909649700063
0.5494576231242269
0.534280868234106
0.5181984743324561
0.510031661580696
0.49819877687838
0.489563244453107
0.4847212943086063
0.4776280186174306
0.4701730413393829
0.4600115812526871
0.4550143034443175
0.4476077136599301
0.4450202870818096
0.441726123073854
0.4372450087502908
0.4335111864245848
0.4304071303727283
0.4265166221979546
0.4252295772395867
0.4240362551528125
0.4217111297530586
0.4193983209257413
0.4173905157831511
0.415647782164929
0.413831119521922
0.4132398099690147
0.4115434588537958
0.409671412296805
0.4086022030122247
0.407504079896188
0.4073200357244015
0.4052516505858307
0.403473795476594
0.4020809405503828
0.4008127185445597
0.3997087956238989
0.3986632139370979
0.396421134139834
0.3954512929749343
0.3947810998521206
0.3932399282039523
0.3920259195054068
0.3904876205641924
0.3903632344510508
0.3897795393297258
0.3887404717750169
0.3875833762235157
0.3865212382333204
0.3858329549916256
0.3854374267428208
0.3852094986358574
0.3845465062202917
0.3841291193429721
0.3837238884586298
0.3830255076916872
0.3825159008326959
0.3824077295134744
0.3820371882295594
0.381439143891363
0.3810098938686935
0.3807755239249515
0.3806897280234487
0.3803743361662553
0.3802435481981409
0.3800724397626396
0.3799810023082153
0.3799104197798181
0.3798348206401368
0.3797596909917793
0.3797257650606071
0.3796626457401154
0.37940845622423
0.3793223335130135
0.3792418354805073
0.3790564558973426
0.3789590156875754
0.37884625093236
0.378644381468366
0.3785289159804971
0.3783577988005061
0.3783000811574434
0.3782269959728286
0.3781427372972352
0.3780645634794133
0.3779826307631929
0.3778964712500153
0.3778760317101295
0.3778478053664989
0.3777688958292122
0.3776410621776548
0.3775907971667984
0.377411127383578
0.3773515904017089
0.3772179962647818
0.3771469154171842
0.3770842581822618
0.3769842547520361
0.376941941286722
0.376921169315901
0.3768452179841796
0.376816302638695
0.3767942818632601
0.3767017751592935
0.3765989849285771
0.3765720149205185
0.3765370858577031
0.3764240063679815
0.3763346688418147
0.3762320843213915
0.3761668631786888
0.3760895066220633
0.3759704349888934
0.3759256533567528
0.3758851376042258
0.3758539018777389
0.3758161446266915
0.3757901782755254
0.3757602113981582
0.3756605661951355
0.3755796754137924
0.3754959913678501
0.3753903731653108
0.3752859758507598
0.3752355181721634
0.3752334393341089
0.3751595933491979
0.3751328247041473
0.3750994284826347
0.3750587485773265
0.3750272007488191
0.3749202945777868
0.3748090006667489
0.3747111155175206
0.3746718717062046
0.3745915467223414
0.3744780627372112
0.3743778861775221
0.3743236556086951
0.3742691137678139
0.3742344437276579
0.3741632329132373
0.3740935866431236
0.3740020458914238
0.3737430848221936
0.3736155000745318
0.3734601583180163
0.3733067474128028
0.37325064681135
0.3731745790106329
0.3731494483070633
0.3730933102967467
0.3730397336595908
0.3729148229432713
0.3727753868869481
0.372707493938415
0.3726624512013337
0.3725867912449872
0.3725035804700658
0.3724519416697637
0.3724297803935772
0.3723792326070611
0.372346999286345
0.3723100436306872
0.3722240097075584
0.3721908971800956
0.3720835883382096
0.3720593645954757
0.3720096812427983
0.3719573516250465
0.3718867663421544
0.371837737565104
0.3718073292876686
0.3717718625819389
0.3716631681900024
0.3715723568415257
0.3714562400076937
0.371249136520763
0.3711751890284799
0.3709349951967518
0.3708789323818982
0.3708213838311577
0.3707664645683851
0.3707145048722092
0.3706714029916577
0.3706266440462337
0.3705558988055264
0.3704885480255858
0.3704307572489178
0.3703640552312162
0.3703191986130372
0.3701980874961596
0.3701188717192894
0.3700326930071718
0.3699293024113046
0.3698163501387532
0.3697476180368624
0.3697170997280976
0.369617353789046
0.3695914891539615
0.3695581349208985
0.3695180893311685
0.3694401621263292
0.3693632082044006
0.3692690721189368
0.3691716720542987
0.3690946171085355
0.368981060759618
0.3689045462202704
0.3688323910676853
0.3687542131947631
0.3686730501956413
0.368640090645025
0.3685955696335457
0.3685747542897653
0.3685590491818276
0.3685080043602408
0.3684815412015733
0.3684524034352782
0.3683659633486646
0.3682594186902647
0.368154817005579
0.3681040093866357
0.3681013688276545
0.3680224401229958
0.3679936577589297
0.3679775082764855
0.3679178660266311
0.3678505340660418
0.3677977566590573
0.3677296692377081
0.3675686030894643
0.3674887625003219
0.3673183426795078
0.3670978171928629
0.3669778186260532
0.3668966346170431
0.36682542085718
0.3667458982934517
0.3667197905696992
0.3666819132446139
0.3666590572356261
0.3666212677731062
0.3665826645195588
0.3665656359338291
0.3665431911174996
0.3665077679251065
0.3664339694608942
0.3662658513552489
0.3661447594415221
0.3660870432424946
0.365917673385137
0.3658093599693032
0.3657776627414592
0.3656473905921088
0.36559162704309
0.3655664018416415
0.3655133646451444
0.365471767227347
0.3654163825468995
0.3653400583338013
0.3652665482004273
0.3651962670785894
0.3651258157105703
0.3650532537233639
0.3649727446003287
0.3648910205142474
0.3648033092939288
0.3647484545828589
0.3646674160153634
0.3646492368189341
0.3646248600528127
0.3645950583839616
0.364566028208624
0.3645416483116404
0.3644966547735193
0.3644459773925866
0.3643063112408176
0.3641366991411842
0.3639879128277499
0.363711060265816
0.3634985268090631
0.3632019343626234
0.3630045490329363
0.3628105588706873
0.3625780352907074
0.3623251901987872
0.3622205497792433
0.3620962012563301
0.3620114273060714
0.3618961710610187
0.3617636205561646
0.3616486705012932
0.3616071980042496
0.3615506835431834
0.361485050965608
0.3614336157148372
0.3613764550463963
0.3613219418412505
0.3612932065776877
0.3612077978642788
0.3611401995545126
0.3610507346634931
0.3610079626070014
0.3609715199815179
0.3609325709746283
0.3609131400413887
0.3608718987336987
0.3607951066172787
0.3607164982348668
0.3606080473411151
0.3605434002056235
0.3604929620986899
0.3604571008489441
0.3604317896128178
0.3604023449008416
0.3603514447100312
0.3603270583849699
0.3603081853949712
0.3602707772067408
0.360248506284248
0.3602291621998521
0.3602014173756495
0.3601186100934876
0.3598463360945844
0.3596728881322306
0.3594343985837796
0.359168635650274
0.3589279378127147
0.3587924438039223
0.3587279058457027
0.3585091214094678
0.3584517006847677
0.3584150747305108
0.3582861463820905
0.3582070022431093
0.3581816539074786
0.3581106989900019
0.3580630763074575
0.3580248037151542
0.3579562808168882
0.3579079599684498
0.3578764862468585
0.3577957584669548
0.3577334565813071
0.3576896961067574
0.3576489496545617
0.3576256753300402
0.357618142602858
0.3575915097701615
0.3575698777629013
0.3575590073070722
0.3574798198102939
0.3574044977042535
0.35732000500433
0.3572619000355453
