2.318414408849974
2.304126781169233
2.303342468287434
2.30304209045075
2.302922309847191
2.30129006753141
2.301137249244637
2.299094820536582
2.250740192847632
2.248644116005587
2.100512982474377
1.967987680296276
1.863278149699868
1.783457279859646
1.701987897224077
1.616817188490722
1.563495260856627
1.519529927500441
1.42178505081132
1.360214098844783
1.331754701496727
1.292525915644176
1.259051655866184
1.225153025225371
1.165046280769894
1.119161113067606
1.100982073213379
1.072380049511211
1.048029934813956
0.9960956559167967
0.9841966371778711
0.9638911111888555
0.9336028558597361
0.907399316586973
0.8845435948978502
0.8567780510708416
0.8452291875866994
0.8391889931830835
0.8274521566436976
0.8194451221980266
0.8079697737557234
0.7990210037519816
0.7896177729138806
0.782505514850823
0.7749086236333173
0.7678356634411848
0.7589220793748095
0.7444509450459911
0.7305511585909279
0.723736465894442
0.7204310695217839
0.7195320966761379
0.7153587803896614
0.7107966170655209
0.7056031717500504
0.7021061988235843
0.6972032353143436
0.6927026108053226
0.6878251825250492
0.6850351507676944
0.6843696633017016
0.6788033817250938
0.6749570087782389
0.6725561477256888
0.6702124361290519
0.6657910536435212
0.6621567311210568
0.6602443236919392
0.6560637326945287
0.6522851532563195
0.6502248214594633
0.645962177512861
0.6420285497977838
0.6414453726948063
0.6393148415574497
0.6348771814189728
0.6315595685158025
0.6264753668590541
0.621105423992525
0.6203732496361467
0.6177945918349731
0.6148079459331436
0.6120640652593455
0.6099459108342645
0.604216628540695
0.5999310237653085
0.5991180656742509
0.5983857199030196
0.597860834654935
0.5958587144953915
0.5934433533572303
0.591435154045616
0.5910233014840773
0.5891950825450307
0.5879109970982521
0.586201233759119
0.585508733464791
0.5852946943920526
0.5842672716051452
0.582793927174038
0.5816369086300252
0.5806080947296174
0.5797655666538656
0.5786715188002182
0.5777133094235816
0.5763272467203485
0.5752053931858749
0.5740147215731036
0.5734183624984738
0.5722350820974854
0.5707282191373811
0.5702101585410169
0.5691887666498959
0.5678403619154995
0.5676920282496741
0.5671129295257494
0.5663026907152953
0.5657497310915421
0.5652714921265811
0.5646118107008423
0.5640868240696151
0.5638310986838305
0.5635848673195557
0.5631645056614356
0.5627879451548323
0.5625598012828886
0.5622903312409593
0.5621998357157451
0.5621610804389128
0.5617563030248995
0.5615830201306973
0.5613550218640314
0.5611350909676476
0.5609597577863954
0.5604129235798836
0.5599187673346496
0.5593036904175025
0.5588151953330136
0.5586067228827324
0.5582973590721909
0.5581563532984483
0.5580997852508002
0.557910126256419
0.5578051728910358
0.557711383240762
0.5575565199205185
0.5572932169659385
0.556999184518704
0.5563241790356145
0.5552767292335126
0.5544574941273206
0.5535427299230702
0.5528224336892547
0.551758772113349
0.550564996570977
0.5498239839106766
0.5487717972995155
0.5476512819760467
0.5468561862604725
0.5459130056577987
0.5448596962558611
0.5445552711879617
0.5444299010548296
0.5438256268985331
0.5433330831636232
0.5428910950457559
0.5427789027892393
0.542571936298316
0.5424634764707211
0.5423872764656877
0.5421506762026712
0.5419020483721283
0.5417114134239678
0.5416223267608156
0.5414838926581479
0.5414276423061118
0.5413041136254951
0.5411372993315841
0.5409535902885579
0.5407981616681286
0.5406045070154697
0.5404430031645503
0.5402599277370222
0.5399960227993782
0.5399575947525574
0.5396077421083648
0.539418743240083
0.5393231125630131
0.5390886345502012
0.5388068816960346
0.5384158388555182
0.5381565890814278
0.5378919784849937
0.5376714566550986
0.5373646120605644
0.5370646971271167
0.5368859247554871
0.5367964244763841
0.536553043854221
0.5364582407517868
0.5363696729374108
0.5362270895836222
0.536115831796206
0.5359921576321467
0.5358785723938417
0.535578850365178
0.5353356426386414
0.5349002134382904
0.5345098661433806
0.534329220878637
0.5342177436270216
0.5339930995350077
0.5339076307651651
0.5337295891067178
0.5335313092857643
0.5334033954497346
0.5331727990605613
0.5330307736145049
0.5328914523613695
0.5326974604264766
0.5325181258577865
0.532403169712012
0.5322882742359007
0.5320609953317702
0.5318303059984574
0.5316550936022462
0.5315819006531696
0.5313774458814006
0.5311776315537567
0.531043213428922
0.5308867373160597
0.5306738740455442
0.530525081669308
0.5304709630018588
0.5304026789480738
0.5303491136925874
0.5302803218083796
0.5300741590438584
0.5296352061942055
0.5285624733601231
0.5276009649640192
0.5264419073421763
0.525393565033849
0.5246482548323419
0.5234167345809116
0.5225536681321482
0.5215511804729732
0.5205908910644393
0.5196381656954815
0.5186226881417644
0.5174921818245909
0.5169712364734705
0.5168968211035323
0.5150068376506644
0.514571899017091
0.5144442285179694
0.5140638196294656
0.5139028516163203
0.513736790777972
0.5133951802683989
0.5132233359048668
0.5131075368388681
0.5130193133692491
0.5127457737798183
0.5125809111670827
0.5125381516300562
0.5123856926534214
0.5123229515628448
0.5122797916633883
0.5121896775371478
0.5121053463003026
0.5120110320816773
0.5118447730016149
0.5116898841616516
0.5114215493670513
0.5112808207291434
0.511184197610497
0.511073932865152
0.5110292650826868
0.5108659838536851
0.5106777625655061
0.5105319432778812
0.5104645233842454
0.5104055576874437
0.5102296067683602
0.5100756574022995
0.5096943165153753
0.509292964492215
0.5084463149850542
0.5079410621719616
0.506500853828543
0.5051338114439621
0.5040486914026782
0.5031977161816861
0.5017754583672185
0.5007974884413003
0.5001257485386978
0.4994562020094789
0.4989963685909793
0.4987425204244977
0.4984731679959559
0.4981350573449964
0.4977547335545152
0.4975740976927157
0.4974393448853793
0.4972999176900456
0.4971008660064288
0.4970071153549726
0.4969435146382338
0.4967439948413137
0.4966367281386447
0.4963892825480637
0.4962272716553617
0.496028676771525
0.4957746170755806
0.495628435763751
0.4954232848704016
0.4952571412111257
0.4950220236902335
0.4949076437899142
0.4947565165124211
0.4946887171183752
0.4945960506639916
0.4945025102721556
0.4944411773872685
0.4943554197731543
0.4941833558171534
0.4940422381434574
0.4939734653851758
0.4937701725516007
0.4937061466211497
0.4935329795923373
0.4934154501128423
0.4932887538961623
0.4928801574646688
0.4926650530490486
0.4924953264069312
0.4920454049827376
0.4916619654729477
0.4909786406965513
0.4904086470370957
0.4899577740846474
0.4893932195701397
0.4890343259678239
0.4888788623771866
0.4886256768233921
0.4884048348440245
0.4882815559930981
0.4880205733912858
0.4878475745298569
0.4876749390582354
0.4875115078069248
0.4873297867230356
0.4871421517870339
0.4869769611592328
0.4868772975678631
0.4865291379770577
0.486260428014656
0.4860516421773008
0.4857959566321133
0.4856654361033036
0.4855217323383328
0.4854029717913657
0.4853137425873261
0.4852573053783368
0.485176486258673
0.4851141082467865
0.4850507769150013
0.4849602590235412
0.4849047968058081
0.4848203263268455
0.4847332690019373
0.4846583681862041
0.4845817261453831
0.4844996034400258
0.4844306573204321
0.4843419161091986
0.4842536262776105
0.4842023635851301
0.4841694653692577
0.4840622364002217
0.4839764033589971
0.4839223165284454
0.4838020070961748
0.4834653787019026
0.4834259757580073
0.4833956651444633
0.4833738048659145
0.4833278039828027
0.4832724306687842
0.483218567106283
0.4831775644528787
0.483091437038432
0.4829612505238608
0.4827389617739861
0.4826174901468355
0.4824773115876243
0.482334736442346
0.4822277235204725
0.4820989216024411
0.4819559508331739
