2.313437262717894
2.304038207572209
2.303888228412542
2.303799963971842
2.303627165121248
2.302479152745145
2.297789973534274
2.287798869747375
2.186976683556975
2.182342654383682
2.046591614825811
1.903446869644607
1.76938534368398
1.668430598569029
1.556788346530664
1.466652179395556
1.395342779139669
1.352984256910808
1.31708590959581
1.26967049794395
1.221566584853269
1.194796567996329
1.157876139729316
1.088421368291494
1.066458439226036
1.064193238823421
1.025760352842165
1.004660504104856
0.9866922417191006
0.9533542455615681
0.9320993745211655
0.9244734901881421
0.9213732931649838
0.883100624812211
0.8650773427986423
0.8622375731272759
0.8573047537097174
0.8378363972334919
0.8275153178028505
0.8144377377555716
0.8010322961942534
0.7893098606678924
0.7748849139528423
0.7642652090787961
0.7463676559657172
0.7308139084332461
0.7242413207103796
0.7189793082025829
0.7064786114766544
0.7011355360734436
0.6935265324513414
0.6795399134757216
0.6645197651134668
0.6537441723964285
0.6464066374209494
0.6352205341613671
0.6260939383283297
0.6176843262679067
0.6086582509233165
0.6054423634517586
0.5989085039848143
0.5943714388920167
0.5835348345196478
0.5754412821035827
0.5682651521321528
0.5623910480679247
0.561074462112847
0.5574494006848359
0.5522970843492258
0.5491064194768684
0.5463495271531728
0.541659979010483
0.537890620149338
0.5339469872311323
0.5306671688670307
0.5282268891528877
0.5251249341989273
0.5211534722645857
0.5160685704191134
0.5142948947494789
0.512218696392668
0.5097503784331551
0.5035188339727275
0.5016298679482145
0.4985490134721423
0.4971829378542028
0.495917273773124
0.4952193212065402
0.494726567952309
0.4943257867415
0.4927046217588332
0.4911577257872044
0.4899624961153717
0.4886879055895721
0.4873141576505218
0.4857972656026427
0.4847349074615572
0.4826640353179632
0.4808751340575935
0.4806928449255277
0.4794691574753484
0.4782273017814435
0.4756529394349236
0.4730742211433545
0.4716996182021763
0.4704643560956161
0.4699820955362484
0.4693253404594318
0.4680810922466727
0.4669769130967112
0.4665113944269831
0.4652846555850009
0.4651467799646786
0.4648855461018682
0.4644899787948543
0.4640834974934098
0.463517824565423
0.4631868858064943
0.4628942241719301
0.4624385469558018
0.4620192273118154
0.4615620843454945
0.4612136442413955
0.4609067427345592
0.4605326301554848
0.4601742533811363
0.4596086161690927
0.4591339763550711
0.4587032498516448
0.4586226937219768
0.4584377409829371
0.4582258498406325
0.4582014012150339
0.4580323157751717
0.4579394644417785
0.4578227823607467
0.4576837177690651
0.4575410639428281
0.4574214134962509
0.4571592432585523
0.4570195587339972
0.4568775114815172
0.4568013877241608
0.4567329483213459
0.4565655348130954
0.4564910268121025
0.4563904106182544
0.4563436002512936
0.4562981679939094
0.4562305429431542
0.4561225886882871
0.4560505906680033
0.4558515043263182
0.4556559773753077
0.4554423208155962
0.4553735808504098
0.455333091717613
0.4551698940471731
0.4550358992107926
0.4549529174638346
0.4548509314848929
0.4547717763879056
0.4546950905910639
0.454593358195382
0.4543175948850534
0.4541884545739019
0.4540578836834917
0.4539221327569596
0.4537691534089382
0.4537343238133977
0.4536419560989517
0.4535238090936474
0.453477311879034
0.4534310171211417
0.4533753220201345
0.4532915269366843
0.4530808570820469
0.4529984413342194
0.4528473500181548
0.4526364848102537
0.4523954264539269
0.4521666164087128
0.4520250528196868
0.4518239193341584
0.4517159993734053
0.4516401999846852
0.4515221072027979
0.4514480318605428
0.451401010590711
0.4513335478207823
0.4512840415233634
0.4512405443931131
0.4511755459065264
0.4511206787848087
0.4511000553834187
0.4510403168426285
0.4509636801241563
0.4509359129107174
0.4508923447119859
0.4508470610500459
0.4507979079152296
0.4507478324238061
0.4507086256902209
0.4506758659322097
0.4505907550039227
0.4505045945913809
0.4504884589786077
0.4504672155454181
0.4504411816583557
0.4504127836257316
0.450350431248802
0.4502972710436598
0.4502256847277288
0.4501581070540469
0.4501411451099937
0.4501112308982568
0.4500881301484433
0.4499932883078589
0.4499013331818735
0.4497651499834244
0.4496969882404335
0.4496061431647792
0.4495360607790577
0.4494444595695825
0.4493255045200687
0.4492617113590406
0.4492334551623159
0.4492023173980559
0.4491825898673795
0.4491642197384017
0.4491040570946849
0.4490430650642837
0.4489974084764027
0.4489216388944492
0.4486790776109624
0.448554320388291
0.4484455333580921
0.4482943812774408
0.4480649038941189
0.4479446165383809
0.4478478972168377
0.4477240963238046
0.4476812859846752
0.447631838705329
0.4475333287038651
0.4475004806762273
0.4474079446772746
0.4473149363258149
0.447252241274622
0.4471299810477576
0.4470581965775146
0.4469464367889491
0.4468944016431208
0.4468467399698962
0.4467915968477379
0.4467331938067635
0.4466835807186541
0.4466364016270437
0.4465419160338321
0.4464782243290815
0.4464365823144205
0.4463741563772831
0.4463502419925961
0.4463407158081424
0.4463132769710006
0.4462855575608865
0.4462624199095327
0.446239167702919
0.4462113138160352
0.4461772640014601
0.4460951638357677
0.4459540245624823
0.4458887690451456
0.4456872596963279
0.4454986308256833
0.4454234755611999
0.4453079692892997
0.4452245431556043
0.4451436039313004
0.4450553728572096
0.4449787261933756
0.4448960066558355
0.4448289379714209
0.4447664270586683
0.4447202495462885
0.4446575132241479
0.4446444080674558
0.4446064631537306
0.4445638715109649
0.4444838632642376
0.444408870752438
0.4443522021959623
0.4442449605599373
0.4441653855699616
0.4440608460537623
0.4439288218849422
0.4439162551581382
0.4438927045469327
0.4438622339762821
0.4438453439990164
0.4438384093365693
0.4437715707842715
0.4436955647222324
0.4436420477749515
0.4435793103340993
0.443523019526478
0.4434679876353103
0.44338936042845
0.4433508019375597
0.4433286274064472
0.4432889154576757
0.4432689503033786
0.4432661881472463
0.4432541402679967
0.4432199397448477
0.4431921029708208
0.443138861491001
0.4429945948017349
0.4428026220420349
0.4426327114035442
0.4425614455573802
0.4425283599481266
0.4424350567861831
0.4424075868006634
0.4423797004206458
0.442347666198449
0.4423106576460693
0.4422784215804419
0.4422547235674903
0.4420908240121489
0.4419337563965061
0.4418242242214327
0.4416519157997184
0.4415286878269382
0.4414707992105282
0.4414050026751923
0.4413265360440771
0.4412664448516896
0.4412139455553886
0.4411489686641217
0.4410896525587708
0.4410191265946152
0.4409908007243286
0.4409460942735987
0.4408734015755318
0.440799301238063
0.4407614518595211
0.4407226574293148
0.4406792356533428
0.4406375916697532
0.4405903193921759
0.4405459572104506
0.4404410780104653
0.4403374869518988
0.4401799793638762
0.4400651388410011
0.4399520023523716
0.4398829959643228
0.4398308492487975
0.4397709957371443
0.4397089032922732
0.4396701474581527
0.4396359244043099
0.4395432746941981
0.4394664020267937
0.4394218246354254
0.4394100273362614
0.4393041482812027
0.4392662858523657
0.4392062843245719
0.4391519953254617
0.4391075117625538
0.4390762735998439
0.4390141911879636
0.4389704104904583
0.4389163095203158
0.4389004668945737
0.4388700164777115
0.4388316284549227
0.4388168285042867
0.4388102569958245
0.4387858252460568
0.4387746966057258
0.4387689897597969
0.4387506689774645
0.4387259022555197
0.4387069163663955
0.4386661746769335
0.4386586629600545
0.4385702832648704
0.4384562244926316
0.4384182540894577
0.4383835075049778
0.4383548097201391
0.4383098102219875
0.4382589262447673
0.4382189804224331
0.4381756596552339
0.4381399858833306
0.4381132831345402
0.4380828885119685
