2.317292173296692
2.305441661846309
2.302356129847602
2.302281717602649
2.302210730311392
2.301593533022034
2.301509428555533
2.291211611833494
2.290856766166263
2.234520218345684
2.224961238495726
2.040446362851002
1.867281332243994
1.796430659421789
1.747105279821035
1.566152268416763
1.508419316525094
1.476637110545626
1.442288711882455
1.401368655489581
1.352815880141331
1.335593185435823
1.314311498174955
1.293154881524261
1.271563709194195
1.246014843908787
1.222106630647017
1.167982399870827
1.107634562515492
1.084290403119488
1.053800295356942
1.040604953541367
1.040301585517277
1.021236933989553
1.012928413890629
1.01027670588961
1.007220379591007
1.000643198182642
0.9954791344433428
0.9907496863814216
0.9853116977226228
0.9809275037839865
0.9747221671938539
0.9705836505775834
0.9630793451835673
0.9537469345459042
0.9495171394750093
0.9232504248304682
0.9145272363669232
0.9046039961746127
0.8921762028372933
0.8863974063062074
0.8758509621180037
0.8712338196349773
0.8619266452967995
0.8536014566445358
0.849628720102519
0.8409836632968334
0.8318136696119474
0.8269560162834535
0.8227975058937202
0.8134440436122344
0.8084983386850719
0.7968379210664113
0.7907778191269272
0.7895298655775399
0.7814428205785705
0.7782686285828327
0.7762791130379916
0.7727712854756947
0.7680232278974343
0.7658622806778942
0.7634578307080432
0.7615223023378467
0.7591846378684241
0.7573667090392273
0.7548574463581431
0.7521408677808757
0.74970994109513
0.7478074853684317
0.7472604812340494
0.7458077064995117
0.7429138847261345
0.7399301038739646
0.7379839133067255
0.7349984215217763
0.7333882829576317
0.7322267884726905
0.7317742053854897
0.7239672714037618
0.7176427330034334
0.7108502169980871
0.70438248538356
0.6992313533406463
0.696817819426882
0.6902772685394618
0.6853305493284344
0.680242708166886
0.6736425485675056
0.6685273962269488
0.6617216297259473
0.6555740423571621
0.6545753119063737
0.6539470775518879
0.6460536282287882
0.6421721199770259
0.6419763029795965
0.6386050459839143
0.6359716115767774
0.6347674999177239
0.6340095700173649
0.633342804448214
0.6302677647293246
0.6281802078169202
0.626522305888414
0.6255509639633489
0.6232615045609808
0.6207727828964439
0.6191256735052263
0.6181501645926398
0.6158814134657769
0.6148016369190717
0.6124241559900854
0.6101181861904083
0.6087607336014761
0.6078798375298922
0.6066694928137275
0.60601218201934
0.6042598417171444
0.6022030903063944
0.6008094041287806
0.5991816159670034
0.5977748468033528
0.5970196836861057
0.5962453790430507
0.5953162118916421
0.5952718096568207
0.5949200397037313
0.5945869172996208
0.5941795777526625
0.593808692971596
0.5934137647461739
0.5932518065942962
0.59320372608211
0.5927328899589972
0.5926004589065151
0.5924455565202541
0.5923054008459357
0.5921765414433261
0.5919617830564676
0.5918889247098975
0.5918554953961134
0.5915989717561231
0.5915141310969567
0.5912225797065292
0.5909425280546398
0.5907525819129089
0.5903792874913887
0.5901150636446283
0.5899241924529609
0.5893349789651524
0.5889579729054858
0.5887280490134539
0.5883739398586927
0.5882001978615818
0.5880063058492567
0.5878675180906245
0.5877680776016685
0.5876262297759928
0.5874926408851718
0.5871937449616085
0.5871414414345495
0.5870055976314783
0.5868660051571323
0.5867413258686753
0.5866648770456239
0.5864414989234249
0.5863424237142608
0.5862782516781964
0.5860814591477231
0.5859549809259856
0.5857492095086365
0.5855838851972226
0.5854003962334805
0.5853063746137521
0.5851808521562933
0.5850950626304018
0.585048061862126
0.5849059990500594
0.5847688408726915
0.584720993793037
0.584687822830313
0.5846743452630818
0.5846062536394792
0.584586797327266
0.5845612205625416
0.5844895108933771
0.5844019462572593
0.5843217580629142
0.5841749857040502
0.5840731377728964
0.5837997884530444
0.5835152425501848
0.5831135294916239
0.5829601248709638
0.5828467521032122
0.5826391962977736
0.5824663528211921
0.5823639290893372
0.5823423760922283
0.5822573372459522
0.5821843768971383
0.5821122582189855
0.5820224530810699
0.5819513118688033
0.5817653632854395
0.5815639758598894
0.5813837821987766
0.5812158174967698
0.5809672002299163
0.5808473954736568
0.5808223626360821
0.5806526200312192
0.5805771307210673
0.5804558913697869
0.5804203097084147
0.5803833176377853
0.5802872742453602
0.5802056295802351
0.580140502505499
0.580030714849782
0.5799183847443108
0.5798849073364815
0.5798334153722549
0.5797133686398368
0.5796452649858574
0.5796034766291875
0.5793781522240334
0.5792325014677268
0.5791756237433547
0.5791126810473461
0.5790711516630953
0.5790127175018995
0.5789382271137421
0.5789110906040731
0.5788911568098616
0.5788573701877001
0.5788015666047942
0.5787281619166759
0.5786946081231661
0.5786754371765142
0.5785636942614553
0.5784878697949877
0.5784139575059594
0.5783495717749103
0.5782573870257174
0.5781579002864056
0.5781101613328817
0.5780514440364757
0.5779953930951965
0.5779364555549865
0.577875825392605
0.577813584768115
0.5777108674825951
0.5776240746866231
0.5773737267532516
0.5770235100574516
0.5767991990089155
0.5767200991372853
0.5765384373679328
0.5765215586365234
0.5762218489383966
0.5760681517588784
0.5758381373514829
0.5757912497173797
0.5756616054520571
0.5756258998287906
0.5755612594126587
0.5755258100691609
0.5754205010094446
0.5753747245787783
0.5753192826072314
0.5752880785957818
0.5752433435790437
0.5752143790422194
0.5751800188423966
0.5751118742860974
0.5750501448765898
0.5749639371458197
0.5748821007222286
0.5748414809560868
0.5748297615310048
0.5747222190843512
0.5746803670326567
0.574628823854813
0.5745141962296462
0.5744567348730671
0.5744321236932803
0.5744022205248894
0.574376519833116
0.5743509528891957
0.5742761209857816
0.5741780799607767
0.5741763039808712
0.5740040433489635
0.573961999976071
0.5739289767407179
0.5738824118303825
0.5738547216380542
0.5738350683415723
0.5737789576727389
0.5737491379796111
0.5736988932296142
0.5735588397374424
0.5734945438578936
0.5733543147997816
0.5731709138229544
0.5729952884878852
0.5729153047464424
0.5728244403339292
0.5727368360037034
0.572687213096306
0.5726448354705544
0.5724569784408258
0.5724075745981347
0.572381234228459
0.5723104897608
0.5722580632006504
0.5721973439076803
0.5721429049877825
0.5721034328766385
0.572001457517386
0.5719623421195352
0.5718627352795195
0.5718233881840359
0.571702374887363
0.5715610942465131
0.5714226626386616
0.5712748816340307
0.5711563719237635
0.5709940154908026
0.5709278168106139
0.5708841208711279
0.5708547150191405
0.5708220034996342
0.5707680856859431
0.5707193037369087
0.5706941656134699
0.5706760085848728
0.5706468372778921
0.5706203140177629
0.5705630659311729
0.5705358086104397
0.5704228523864204
0.5703495641186513
0.5702696776030987
0.5699763387127011
0.569772765490772
0.5694436506289849
0.5688744849666114
0.5685721289056258
0.5683170046222761
0.5679327980477085
0.567774418924623
0.5677528168332502
0.5675348264579401
0.5674109873725817
0.5673337477233293
0.5672893974419005
0.5671797718757444
0.5671367072863317
0.5670312686488199
0.5669240873011224
0.5668674771650677
0.5666918578440161
0.5665212736942776
0.5664281305803682
0.566333772952376
0.5661413657371202
0.5660016569158218
0.565886423472683
0.5658025434742472
0.5657171001499983
0.5656596769648415
0.5655914583568024
0.5655355339157546
0.565465244246764
0.5654097095904571
0.5653426675042024
0.565214559999095
0.5651175992367997
0.5649623281316251
0.5647933267497052
0.5647127482951981
0.564669596857974
0.5645238960013352
0.5644159201841472
0.5643475364098856
0.5643192226993707
0.5642887081644498
0.5642443065313212
