2.36239969054418
2.305870713612032
2.305132712355356
2.304172778414554
2.303914343779073
2.303618739994935
2.300447944138363
2.290488696904589
2.285890759408043
2.285563193370072
2.252917390568572
1.894910373573935
1.840368854016955
1.734375176279831
1.708873047721652
1.570028323538504
1.496674013644681
1.408081861351647
1.276247097580938
1.229807419217871
1.204077900762213
1.144310713460085
1.095625562918
1.037196537472066
1.021387822686698
1.001646460727359
0.9759742986491192
0.9579730248161352
0.9318973427427693
0.903561915109946
0.8953013676251376
0.8797807970870741
0.8576441383417279
0.8423089629055089
0.8285941875216503
0.810004924074159
0.7865825511488828
0.7769432798967018
0.7653522437648742
0.7469654715367537
0.7375124879139345
0.7319401428212786
0.7110433335258878
0.6937586624162845
0.6777741597449245
0.6621593902748716
0.6483693676833202
0.6363242092246058
0.6146495864258464
0.6014731688952543
0.5872706799076038
0.5740371413240963
0.5614414850755407
0.5484521396503338
0.5400365665701133
0.5325961755505012
0.5151403807005702
0.5049272706968848
0.4991871007168332
0.4885199002148036
0.4842940403721295
0.4708954214397263
0.4661772669175277
0.4627252603599356
0.4546407915445393
0.4486074663520091
0.4444153502099649
0.4433708894555041
0.4415579552257695
0.4378982498487088
0.4328700122756401
0.4268255028881525
0.4203026587822924
0.4157107804018261
0.4121751689712407
0.4112754344186948
0.410433181201617
0.4082561686225596
0.4061726220610873
0.4041341269433007
0.4023489047667511
0.4000538251851492
0.3983644136420068
0.3963677247874259
0.394696661351309
0.3938963972718221
0.3927421919700896
0.3910236411375911
0.3888948624746683
0.3878110515152837
0.3867344534626717
0.3845421529599834
0.3832079033227314
0.3822324841345857
0.3809702426805234
0.3807592626321361
0.3795195150399181
0.3782173039786668
0.3769383525766291
0.3754962539168977
0.3742446986180931
0.3731597958518525
0.3707326046931463
0.3699680910341313
0.3695314598004419
0.368521778947096
0.3674767413453543
0.3666468355043765
0.3659539214584207
0.365461687877026
0.3647271041794282
0.3644456261055785
0.3637448892568816
0.363158018559481
0.3624231991052222
0.362023304632977
0.361699450898181
0.360858627475817
0.3597776550303273
0.3592663836834981
0.3584950106109051
0.3582825654352552
0.3579604017040953
0.3567333527026906
0.3560490948237284
0.3556762350979239
0.3552361886300378
0.3546658149991496
0.354306985860253
0.3537855187296428
0.3534326930231834
0.3531483127790587
0.3527763416050705
0.3524210277708434
0.3521081036310419
0.3518131179134626
0.3515779674027882
0.3512746570680383
0.3509927855416918
0.3506424994903266
0.3503106499145343
0.3499241876086329
0.349429646142832
0.3491928225772948
0.3491756281848928
0.3486721168166359
0.3481985421867456
0.3480139637892761
0.3478546633830789
0.3476662817195619
0.347535195522153
0.3473985034036841
0.3472747929540155
0.3470689771090985
0.34685975759633
0.3467877756459361
0.346675544173461
0.3466350041604463
0.346585823360951
0.3464774643585651
0.3463827838011931
0.3461608884232943
0.3459559778946759
0.3458775124065334
0.3457249785534137
0.3455898291913662
0.3454022449242292
0.3452397391014847
0.3451649491270605
0.3449810425269783
0.3449344647542177
0.3447673920493521
0.3446687423444356
0.3446110846003284
0.3445368935787955
0.3445024849989036
0.3444217265293493
0.3443932688161646
0.3443618081586384
0.3442436638945025
0.3441475200439625
0.3440378105299227
0.3439471251307448
0.3438225876358591
0.3437280505259714
0.3436018319362545
0.3435423895205741
0.3435073204010748
0.3434531982408067
0.3434311789578484
0.3433534176936365
0.3432553634763015
0.3431827129524104
0.3430888683346943
0.3430053672851065
0.342944315431007
0.3428546229727797
0.3426940314761374
0.3426124827415198
0.3423446246328875
0.3420728998286878
0.3418748921408712
0.3418032189015891
0.3417561955999585
0.3416866970179309
0.3416428307834012
0.3415830588562734
0.341566167441294
0.3415101423210031
0.3414377467070171
0.3413789084053222
0.3412753762335768
0.3411158848201968
0.3408974888837456
0.3407543956378924
0.3406658658326887
0.3405555984901162
0.3405101479229459
0.34045177729872
0.3403958809009257
0.3402987198393848
0.3401664506720215
0.3400387756070735
0.3399557404320551
0.3398456984475364
0.3397233815743307
0.3396797859170442
0.3396559726222822
0.339617829521796
0.3395813136652107
0.33953892556451
0.3394742320938727
0.3393779210742316
0.3392515172361545
0.3391739405248873
0.3389336333087858
0.3386787622455946
0.3384610072022025
0.3382928080887605
0.3380586664652585
0.3377726654220432
0.3376198132958277
0.337560268345661
0.3375053859118016
0.337398452304659
0.3373457665215769
0.3372672868176894
0.3372161426250959
0.3371439557649392
0.337116319997346
0.3370599057777009
0.337006599334035
0.3369575185116265
0.3369035093857168
0.3367947077681431
0.3365551326074906
0.3362126731878201
0.3358295719602337
0.3356650951316869
0.335492888751165
0.3353930255763472
0.3352632334616051
0.3351403193136054
0.3349903386531842
0.3348631581411237
0.3346208022378281
0.334439170472369
0.3342358302014206
0.3340555044767408
0.3339400345100755
0.3337782907338159
0.3337173778982278
0.3337007882528381
0.3336401941710752
0.3336118801751834
0.3335871463717265
0.3335178572059023
0.3335016342475643
0.333442632031132
0.3333546480210877
0.3331712820648892
0.3330539909962192
0.3329668714262716
0.3327400985308672
0.3326210929578242
0.3325162150445612
0.3322848733835693
0.3321469774978571
0.332011009284479
0.3319416304652702
0.3317966084580164
0.3317090033922064
0.3315941081823635
0.3315225399083604
0.3314899141905627
0.3314341487466652
0.3313691138980027
0.3313286094067081
0.33130243337829
0.3312708236662176
0.3312519745445974
0.3312300598353403
0.3311702025655603
0.3311001109684803
0.3310655135137057
0.3310148496346814
0.3309981835022711
0.3309910278117581
0.3309440478057061
0.3309236818051744
0.3308969114549994
0.3308726027106194
0.3308469522614791
0.3307033035060278
0.3306289998634747
0.3303053900789142
0.3301985439318407
0.3301605829174457
0.3301107846199597
0.3300667339721504
0.3300082723862933
0.3299592138264394
0.329927739523548
0.3298988853687793
0.3298226591484942
0.3297535228026607
0.3296856083252527
0.3296250414471413
0.3295773838651073
0.3294938715082454
0.3294021936885588
0.3293714160969658
0.3293511089442843
0.3292633591681993
0.3292340761071358
0.3291886777249355
0.3291719599339542
0.3291519658928831
0.3290923247590084
0.3290656888643594
0.3290124945254561
0.3289544174417187
0.3288494187114918
0.3287222629290671
0.3285756459222267
0.3284869161209531
0.3284437919151483
0.3283758170765632
0.3283513101335936
0.3283268407212672
0.3282829873117665
0.328170262532911
0.3280885962901202
0.3280130439001642
0.3279386378606536
0.3277602397457989
0.3275876244664639
0.3274432700803118
0.3272633694809627
0.3270611926904139
0.3269075848012011
0.326847791254454
0.3267589089869656
0.3266650100639475
0.3265755683585466
0.3265301159900549
0.3264665883149925
0.3264423614896804
0.3264292202029005
0.326417153675042
0.3263703363826483
0.3263487108187095
0.3263387668016078
0.3263160451168461
0.3263040132277401
0.3262583896374817
0.3261674764607562
0.3260896140005168
0.3260566817754533
0.3260330350720625
0.325992569764607
0.3259520802776231
0.3259182245688019
0.3258885985081721
0.3258634497804733
0.3258191056698169
0.3257730987998884
0.3257570633412581
0.3257445175864037
0.3257304645143353
0.3257121408533269
0.3256624688707303
0.3255053970964394
0.3253669090247909
0.3252369971081403
0.3250819294112626
0.3249670494397496
0.3248182928013912
0.3247558094043935
0.3247176005822788
0.3246777106537749
