2.329229437783883
2.302229727093782
2.302066174720335
2.302055499812696
2.302021324234377
2.301874889897574
2.301740776417166
2.301672176395856
2.301658782805148
2.301305905457049
2.301171542166302
2.300373908425401
2.244209062387677
2.243856670350856
2.168721474835539
2.083340464735241
2.002903277955458
1.934281498948516
1.856036555374989
1.73104405243125
1.70248523711304
1.645324879212473
1.593448129149666
1.470529420340613
1.404706361509638
1.365400017343411
1.322621167408881
1.274102428804994
1.223890266267837
1.173289403093306
1.101515707465918
1.059650909148124
1.046422109666671
1.039467061812326
0.9818193834114225
0.9552775034674871
0.9246627756252649
0.9211959515730974
0.9201653099434477
0.9142202545475122
0.8962795956087269
0.8946879443919183
0.8935869840740919
0.8906387850100974
0.8847007978647242
0.8796921970080159
0.8750669355991275
0.8724983086597264
0.8708682076034965
0.8662206409899775
0.8626227693992133
0.8584687801676659
0.8521156123747488
0.8443946804746918
0.8424307319443833
0.8417179426921444
0.8404279764316464
0.8384290904383178
0.8372092973915598
0.8363671782638429
0.8350314364785011
0.83339856632155
0.83208363187464
0.8319046578432505
0.8310280882108309
0.8301671350440499
0.8283564333533773
0.8274561856471002
0.8262972813186454
0.8247829797602472
0.823669681068991
0.8228901043828635
0.8196128469070229
0.8176934246437988
0.8156053537747221
0.8129670019398084
0.8105245652544396
0.8084784203598434
0.8054039306499376
0.8025158047827123
0.799612054496096
0.7982372604082563
0.7959941912635381
0.793645261729328
0.7913264847459072
0.7896869875643665
0.7877229237860731
0.7866340289518927
0.7847155140237083
0.7830338329918188
0.7811279011596705
0.7793650925815395
0.7788525302072353
0.777516445014037
0.7758408880609403
0.7745674627530735
0.7740315023194559
0.7731976638607795
0.77285383969879
0.771427129426023
0.7700554456419323
0.7684610654712438
0.7668041814656195
0.7662440754370603
0.7648091987157059
0.7644212831706126
0.7627510439710105
0.7606235864190012
0.7583497335992542
0.7561775631776527
0.754245183016505
0.7535270639049121
0.750501213260986
0.7479296195445233
0.7470167609928048
0.7462118357345916
0.7445485750651174
0.7432263605509882
0.7417456337177124
0.7396830068935227
0.7371837435201717
0.7365458378309278
0.736305905975129
0.7354669357214432
0.7348080651015745
0.7329615665209925
0.731534447341747
0.7292076541388485
0.7285243420745549
0.7274963453598752
0.7265031858382397
0.7247332834446065
0.7239580656500767
0.7209930806293627
0.7205337762513953
0.7196972716398512
0.7178547368245446
0.7160940215002735
0.7156344757073534
0.715412658947858
0.7150226809577942
0.7143558910250765
0.7139071571241463
0.7135423007222792
0.7131324455619575
0.712598296294252
0.7124122107051912
0.7121543047087745
0.7119565859648387
0.7118247611836673
0.7117375476202156
0.7113958939760319
0.7112288350488494
0.7110914734556179
0.7109936062914612
0.7107662581107552
0.710667653284057
0.7104796335891186
0.7104281386740974
0.7102678464066635
0.7102111844108515
0.7101384119504962
0.7100498248850909
0.7100093231007061
0.7099185868774072
0.7098691556739929
0.7098338004964854
0.7097072351166864
0.7095860382934165
0.7093651123060422
0.7093089675184384
0.7090987650755375
0.7090013437440915
0.7089365125051588
0.7088695213668096
0.7088100049352015
0.7087220003823107
0.7086619084314479
0.7086139497452746
0.7085391754677692
0.7084704959282391
0.7083949135190556
0.7083495648603938
0.7082947062076209
0.7081609564741735
0.708080738848439
0.7079861672034788
0.707886805097677
0.7078558114766258
0.7077572546192205
0.707689778325668
0.7076439309849315
0.707505003306023
0.7074538942566088
0.7073264853282384
0.707235234396018
0.7071950475714577
0.70705816565524
0.7070124025282103
0.7069337183798091
0.7069029441138509
0.7067357675563584
0.7066668484484143
0.7065743882868391
0.7065472685217473
0.7064484749324147
0.7064228066102267
0.7063825466908991
0.7063070405395157
0.7063015488189375
0.7062593164752848
0.7062352833622227
0.7061613709013664
0.7060872727265668
0.7060473622423072
0.705628129164222
0.7053787081337354
0.7050957197297383
0.7046296685801419
0.7043079552194431
0.7040791943467082
0.7038716759716985
0.7034552465324537
0.7032915248067004
0.703214127252471
0.7030512995934912
0.7029334252026873
0.7028476058447498
0.7027967135471773
0.702641658964388
0.7026242730890833
0.7025894074069328
0.7024499609566971
0.7023490881687943
0.7022233933669354
0.7020728329803586
0.7019465821366859
0.7018340590630686
0.7017754671262757
0.7016275283287221
0.701532018184953
0.7014520547500928
0.7014155563938729
0.701386093306689
0.7013322905544883
0.7012960533386657
0.7012627744384984
0.7012350192490536
0.7011926669907884
0.7011068903132032
0.7010263836910302
0.700905986637396
0.7006502632647161
0.7005225902882998
0.7003815684409964
0.7000573951121287
0.6996659659361951
0.6995748967587787
0.6994882190074128
0.699210429850012
0.6989008651533967
0.6986532031087624
0.6984416224586414
0.6979270039375435
0.6971808982688188
0.6966426326201778
0.6960693299005462
0.6957133950377861
0.6952662860941062
0.6951670397566796
0.6950234143637325
0.6948415063780933
0.6946280809376714
0.69447979296606
0.6944568321522748
0.6943786433800129
0.694323536560566
0.6942470990348139
0.694151427460784
0.6941018501597296
0.6940900710532224
0.6940118317628587
0.6939774114062315
0.6939520841231064
0.6939075639836962
0.6938427805685243
0.6938182927866516
0.6937920042987968
0.6937221154216837
0.6936478035952908
0.693601270621606
0.6935856256895853
0.6933419614197216
0.6933000511719073
0.6932549390668096
0.6931981703421166
0.6931592973362041
0.6931073130138599
0.6930846547766694
0.6930380733280812
0.6929686728294199
0.6929472766060917
0.6929268737115141
0.6928754649397598
0.6928326339362049
0.6927786030368616
0.6927709186558101
0.6927501159162684
0.69273881282979
0.6927257599591884
0.6926880806882475
0.6925515915702981
0.6922887155592358
0.6917947695486374
0.6915497953349832
0.6909750518735164
0.6907849182023509
0.690459856732371
0.6896743115578423
0.6889848391529585
0.6887099875220011
0.6885238458340797
0.688420535307945
0.6882798726180289
0.6882039588558237
0.6881139698520879
0.6880272279146421
0.6879594900762842
0.6878314650802618
0.6877757414934094
0.6877340144961447
0.687699871458723
0.6876080601666472
0.6875052776662099
0.6874674701452546
0.6874157620508428
0.6873603829870193
0.6873179136586794
0.6872866696406718
0.6872680865612213
0.6872174969375133
0.6871655336301919
0.6871151695886181
0.6870665805167527
0.6870140454690743
0.6869834209791924
0.686931362791916
0.6868761396194456
0.6867918612741348
0.686758882154869
0.6866912875892474
0.6866603872166971
0.6865842208598799
0.6864859277002568
0.686378148180847
0.6862745358043665
0.6862227688978335
0.6861987276228233
0.6860539762236392
0.6859802380081643
0.6859336293981084
0.6858944039497745
0.6858195006461533
0.685721113733796
0.6856356285792056
0.6856050120144626
0.6855641379843908
0.6855351998084355
0.6855049716564013
0.6854739625589445
0.6854451167386759
0.6853590801008415
0.6853229009704355
0.6852820851124359
0.6852477630637591
0.6852209588666641
0.6851731698340482
0.6851372767831937
0.6851235867807137
0.6850942126756825
0.6850596493521623
0.6850191504551411
0.6849816924907984
0.6849421081780753
0.6849033483489323
0.6848821531567615
0.6848670421750791
0.6848459568626245
0.6848273419428311
0.684813297120424
0.6847894660523737
0.6847685018193317
0.6847479890032658
0.6847336430518202
0.684712322135917
0.6846757123812524
0.6846241164353929
0.6845962823772054
0.6845902587721195
0.6845390133794407
0.684505706035252
