2.325080322043331
2.304183361110836
2.303268155104934
2.302811415887262
2.302600967600851
2.296429018608729
2.290204145397724
2.217177267795747
2.196584215916665
2.082962589782432
1.991078444052791
1.944071530773357
1.883760252785619
1.835404004160266
1.776144085223391
1.71787144919182
1.656769728956307
1.561259415464815
1.527521874266015
1.479516706251857
1.444545589029034
1.419861297872361
1.381581565793242
1.359948772824974
1.349087688350175
1.320345951331807
1.283096785507174
1.270437524996362
1.257136854862801
1.238824472028107
1.224538948988386
1.210243085807017
1.194855987530262
1.175550590552886
1.157035451254297
1.141573264530184
1.124559061530406
1.105999715097593
1.078994963453138
1.050188074326849
1.009461415130705
0.9787134813074749
0.9609993962505869
0.947289811253661
0.9350903937871783
0.9174131039834073
0.9052675698684842
0.8911979507700526
0.8835805285102404
0.877149998209607
0.8746447500075705
0.8679014115210533
0.8504741042507272
0.8386126298173824
0.8236967139545056
0.8140116958942508
0.8109991666891604
0.7975484412824635
0.7918438542263057
0.7829565933764213
0.7704447972155765
0.7609029109142921
0.7440160965161058
0.7371425552646533
0.7330240035513201
0.7319691144280299
0.7309559486403725
0.7271236205459854
0.7221221724535688
0.7170749132512628
0.7126308168048379
0.7060599156151736
0.7015436419469119
0.7008651986622066
0.6994324372867193
0.6959427731864285
0.6920630869650147
0.6887953084364147
0.68627193341971
0.6828087386252177
0.6794305202649565
0.6764649099339728
0.6759193167490649
0.6752090353691712
0.6712544454891414
0.6675012785097657
0.6651391723032168
0.6629696990822523
0.6607272486088073
0.6596448282086183
0.6569403278399766
0.6545129328790792
0.6529599761261138
0.6520459610082551
0.650957885570988
0.6492589327938485
0.6483592408326349
0.6475834175318169
0.647520739861521
0.646537429765595
0.6447928171959101
0.6430984064020822
0.6419617295043147
0.6405901411259752
0.6398916683516852
0.6395111624428981
0.637865180117827
0.6362717462684933
0.634979635708625
0.63386621930627
0.6326000513284332
0.6311869433399603
0.6300739002590036
0.6286235942291499
0.6274177959243101
0.6257244344212811
0.6244400859322402
0.6227806170666776
0.6218279231936975
0.6213528907114494
0.6194131128070056
0.618491949663184
0.6179466471232171
0.6178944013251713
0.6170886571297016
0.6162973342919044
0.6153004069898054
0.6146945400522595
0.614192609597618
0.6135578424112235
0.612907087259102
0.6122049476821109
0.6116933966738548
0.6110158887101246
0.6107277527574948
0.6103065463494506
0.6096605795990173
0.6090095074348486
0.6087096898169728
0.6082793883501836
0.6075309250764862
0.6074940610583227
0.6074765442546578
0.6066621692844878
0.6059405012563789
0.6051644495068053
0.6046656176279041
0.6044772182433817
0.6037775750997931
0.6034230049736032
0.6032339911048362
0.6026896129450753
0.6026182040495478
0.6022747023162039
0.6022348039071505
0.6021287085605174
0.6018532415131431
0.601755804801081
0.6016698006963028
0.6013420090468924
0.6011998684084157
0.6010807300219924
0.6008917177400485
0.600794602148726
0.6007041077015725
0.6004836141962637
0.6003720706331725
0.6002431536425302
0.6001728554217725
0.6000800893828945
0.599974604927621
0.5999308158440523
0.5998803046385741
0.5998338972403247
0.5997580969434883
0.5995247978107202
0.599418043380978
0.5991850599970419
0.5987237613810004
0.5984599780207739
0.5982886820625649
0.5980451856190635
0.5974269950201281
0.5972254005057024
0.5971299335472696
0.5969467091015866
0.59680648672133
0.5966518058985988
0.596472647167625
0.5963260099638664
0.5962322202816137
0.5961344506696811
0.5960277749877234
0.5959219109526913
0.5958202691349597
0.5956037865513816
0.5953976348204043
0.595167826892008
0.5949079026208524
0.5946955051012199
0.5944925151393021
0.5941780920346008
0.5939854785212795
0.5937350803417052
0.593609395632313
0.5933445272789286
0.5930638782734243
0.5928949145653009
0.5925700074922728
0.5924886312497815
0.5923765232835594
0.5922943178854343
0.5921754635443601
0.592141127750499
0.5920304176549975
0.591920654693098
0.5917819557008435
0.5916795758154593
0.5915419595660957
0.5911607484834571
0.5909080050191629
0.5906047080007542
0.5903682129963268
0.5900856317905039
0.5896594199479024
0.5894838883121694
0.5892444464083337
0.5891706602274374
0.5890617746600628
0.5890084175065777
0.5889262786331967
0.5888575915093368
0.5888063488241321
0.5886746860848556
0.5885225223519607
0.5884604930524856
0.5884060268504622
0.5883493816045229
0.5882968963009665
0.5882306259815799
0.5881474046568783
0.5880873698192892
0.588011123946611
0.5878786938277024
0.5875184879404362
0.5870488860461818
0.586586818627076
0.5865018558764932
0.5864297190271707
0.5863657692328414
0.5862736000366426
0.5861765105154487
0.5860245213841686
0.5859223076481174
0.5857275379491523
0.5855505450194896
0.5854231163809182
0.5853808347847578
0.5852823536586952
0.5851992067956713
0.5851445014221167
0.5850361794115917
0.5849112441382356
0.5848448796834306
0.5847703174901683
0.5847236745992409
0.5846628169428865
0.5845717870972033
0.5844498857325776
0.5843693594348743
0.5842536077286187
0.5841437902689578
0.5839612887045652
0.5834245582506057
0.5830625394070988
0.582628157137919
0.5812375261726846
0.5805909590561084
0.5800428340737719
0.5791513564911457
0.5779170963476253
0.5773560069938766
0.5772622525055243
0.5759314102253916
0.5751116155301257
0.5748489044285341
0.5744736726078075
0.5741368359764394
0.5738504283339039
0.5735879568888643
0.5733398308372589
0.5731288386235845
0.572918227741557
0.5726130897445204
0.5724681843163597
0.5723440989350745
0.5721673807116914
0.572021675927775
0.5719320414419191
0.5718440942336838
0.5716939453671883
0.571562387483075
0.571481380498442
0.5714211794279455
0.5712804506631921
0.57121801876732
0.5711312883837455
0.5710583594933385
0.5709058972293567
0.5708738526664342
0.570736028162884
0.5706145182905723
0.5704956475887073
0.5704291128722045
0.5703259726795733
0.5702493463215935
0.5702007032105976
0.5701791971925455
0.5701115819793661
0.5700318923427211
0.5699952488962727
0.5699414821763471
0.569893368884863
0.5698364662258139
0.5698142967781409
0.5697907767034058
0.5696971503560345
0.5696741992230155
0.5696506373834862
0.5696141385502551
0.5695829038710984
0.5695521060994025
0.5695206609591182
0.5694126461216793
0.5693372760940195
0.5690125371370192
0.5687559730354173
0.5685152164605221
0.5680852759089777
0.5678683900870674
0.5673742170881859
0.5667785736903721
0.5665647319345769
0.5663537507750395
0.5662012900444667
0.5661613025691034
0.5661170476988562
0.5659602986224729
0.5658092134375964
0.565760968601181
0.5657041598526183
0.5655928717710947
0.5655015853909272
0.5654031618028817
0.5652788495438825
0.5651612003746821
0.565099327327262
0.565089710321662
0.5649771699336836
0.5649117413628694
0.5648842743155622
0.5648377370032104
0.5648088489762556
0.564750823697426
0.5646894095241116
0.5646340153188776
0.564567053646149
0.5645339732677445
0.5645107684305176
0.564442873865707
0.5643964406605564
0.5643881563117215
0.5643575696868792
0.5643365753183536
0.564325357592468
0.5642462759688222
0.5641288856490408
0.5639891832278638
0.5638553950734931
0.5637383221740887
0.5634000437244389
0.5633229768893048
0.5631762347383337
0.563087830146041
0.5630212979433984
0.5629343012626826
0.5628571515484019
0.5627974390760553
0.5627655629698531
0.5627227778559886
0.5626953584817155
0.5626761439481482
0.5626358501081176
0.5625960031821047
0.5625561119095971
0.562517572066358
0.5624726739438829
0.5624405170239958
0.5623709835417025
0.5621857933189162
0.562052052141963
