2.321380421248641
2.303225695548114
2.303008856661877
2.302923187875611
2.297818972094996
2.249586887075176
2.164158887728346
2.125933937427205
2.012553497066325
1.899836768289171
1.790022756577951
1.675528681602481
1.572456130747757
1.478919333435472
1.420562241886286
1.396088805030315
1.32414670600779
1.276088328667133
1.273981893496225
1.234464842565365
1.219057361445198
1.204120152958584
1.173999814787918
1.146823015361836
1.122332480513422
1.092692752550162
1.064216936640069
1.046164011946324
1.030009647701276
0.9918228493973373
0.9603525272990034
0.94979799001295
0.9445577944572596
0.9242761897279078
0.9076191345725884
0.8992275495639158
0.8929347415720272
0.8783286457894275
0.8686317146126682
0.8622526328048535
0.8517017415188913
0.8460399079924571
0.8345225152092892
0.8266343701703929
0.8174638892992069
0.8096877907623616
0.7983604312426179
0.7869817221644061
0.780805140925239
0.7733481155849596
0.7622497645544981
0.7535377605154417
0.7431007484801299
0.734206053691961
0.7276599087735036
0.72275797600073
0.72039539344745
0.7157635656901171
0.7088833636316482
0.7006523114136537
0.6957192966265372
0.6914462245987448
0.6892541084004301
0.6827448236212842
0.6791105473129949
0.6755463004499926
0.6747725567394084
0.6744252626297362
0.6703637636442604
0.6673134031619407
0.6653221788645524
0.6612399594936696
0.6587257272068615
0.6569850596435705
0.6542299605745352
0.6534856273494953
0.648574473782936
0.644052258018863
0.6408518576000308
0.6404026553719634
0.6383194574606502
0.6371680876413075
0.6345714360617349
0.6290585278006918
0.6272088256079974
0.6266097191037483
0.6251101340802903
0.623573309605311
0.6227085779918748
0.6209044982098192
0.6190617524015061
0.6180200691639272
0.6167542210979157
0.6154706396009724
0.6139812948011183
0.6114792382883963
0.6096340192041482
0.609410629079608
0.6091000690710886
0.6081990842920162
0.6075780257281237
0.6075231691085726
0.6068534980920319
0.6064932890597582
0.6063682550790941
0.6055882686499761
0.6051436295689798
0.6046628424029225
0.6044124314703633
0.6042751081696205
0.6039924940189709
0.6037327800328256
0.6035606381821425
0.6035378459304822
0.6034455023582946
0.6033283032182667
0.6032273564753395
0.6031228428656691
0.6028626069813918
0.6025699408392926
0.6022550214671583
0.6020463364918428
0.6018855973076495
0.6017280562692459
0.6015003150934211
0.6014112329561087
0.6013483613463702
0.6012674140867379
0.6012062508382243
0.6010491716128391
0.6008134857282132
0.6006652611849003
0.6004852179640311
0.6004022718465551
0.6002918525043375
0.6002375379440845
0.6000999221260284
0.5999403002998261
0.5998686644660441
0.5998410028301627
0.5997663568478871
0.5995543936946407
0.5994597776799493
0.599218664444486
0.599070696540462
0.5985507810472049
0.5981656418201539
0.5974552003047013
0.5969617833293902
0.5964186001185016
0.5959662126157175
0.5953396775831926
0.5951020619884854
0.5947478439169988
0.5943999003630206
0.593980192993921
0.5938631354299794
0.593704857624518
0.5935457786102528
0.5934477911555437
0.5933459881102116
0.5932114981000277
0.5931501927088618
0.5930610486610768
0.5930348568917616
0.5929584684391022
0.5928639209078186
0.5927971769108813
0.5927406182097652
0.5926414739852839
0.5924950956427898
0.5924763869378578
0.5924150211449188
0.5923527524059634
0.5922734985301933
0.5922064416617429
0.5921587408661103
0.5921111012697772
0.5920394836712437
0.5919707158179083
0.5919120174707518
0.5918720258015521
0.5918339428517894
0.5917695972019619
0.591656461166713
0.5915973833104186
0.5915164767950238
0.5914497513183559
0.5914156624925188
0.5913982127126607
0.5913339888001932
0.5912738289621503
0.5912588876748726
0.591236004229825
0.5912200334824125
0.5912056602274431
0.5910347128558576
0.5909634653375756
0.5909333641212445
0.5907233024653132
0.5904597862126709
0.5901851742064902
0.5899756185816903
0.5897505569991169
0.5896467908786389
0.5892555452623975
0.5891118554556969
0.5890172112807471
0.5889637518822725
0.58893651791997
0.5889054932660742
0.5888343672356594
0.5887703184035123
0.5886897986399017
0.5885918548450381
0.5885511816990084
0.5885006805619202
0.5884574807215127
0.5884040778454579
0.5883858169024149
0.5883346959049621
0.5881782077785427
0.588070270565484
0.5878608874685967
0.5876007938325157
0.5872593571329009
0.5871047501889214
0.5869790149668275
0.5869281604015903
0.586859793312378
0.5868031156616519
0.5867555198814158
0.58670393359244
0.5866474746266021
0.5865472336659053
0.5864655623958402
0.5864157802771055
0.5863486166519828
0.5863399946182996
0.5863013635814751
0.5862674839416242
0.5861809615386502
0.5860661360338971
0.5859832788006164
0.5859532416900135
0.5858700644517798
0.5857867357216303
0.5856862284349795
0.5855744830030917
0.5855586870169815
0.5855419927348515
0.5855170688046314
0.5854912056949753
0.5854551165371411
0.5853809883114611
0.585280479375395
0.5851746590140592
0.5851365149327442
0.5851155829654712
0.5850853257538822
0.5850574177264068
0.5850343905620078
0.5850081363675672
0.5849921185281349
0.5849812813552722
0.5849511790195735
0.5849291049803337
0.5849094924010974
0.584883925188851
0.584831827286894
0.5846821748553258
0.5846179976590186
0.5845041101377498
0.5844445338751348
0.5842458868519776
0.5841900166046284
0.5841278287944583
0.5841051150857152
0.584045075523394
0.5839775043785169
0.5839420478832533
0.5839054160526342
0.5837029874242569
0.5835207766378127
0.5832982272381321
0.5831097986895204
0.5828655427353997
0.5826516904208376
0.58254931733673
0.5824084970266623
0.5823695293177034
0.5823523063316036
0.5822906808786149
0.5822639479911919
0.5822288479537804
0.5821927522574029
0.5821005829510746
0.5819538946674299
0.5819410409106018
0.5818150915658886
0.5816613016304019
0.5815142148535331
0.5814289979223909
0.5813467795904683
0.581244222529639
0.5812102655857194
0.5811688639796085
0.581098824133197
0.5810230417479734
0.5809658094060487
0.5808357214146235
0.580722460047459
0.5805655219759537
0.5805023427044629
0.5804133009071389
0.5803782118223086
0.5803532263059472
0.5802719279293033
0.5802263032541303
0.5802146483812882
0.5801172683818674
0.5800916835511438
0.579932243917005
0.5798991196516476
0.5798453669646454
0.5798053785727628
0.5797721423595226
0.5797184015009681
0.579668363982345
0.5796564022449299
0.5795808649495361
0.579390180372309
0.5793088675566934
0.5792785845631172
0.5792326197117587
0.5791887293730505
0.5791755383529581
0.5791682537126781
0.5791101222217191
0.5790571136597439
0.5790389852303467
0.5790048752428282
0.578885143237708
0.5788292503815555
0.5788102519369986
0.5787359078660496
0.5787259389185856
0.5787129636429118
0.5786792570360236
0.578647488282104
0.5786377472318864
0.578622961731488
0.5786039003576885
0.5785646461645941
0.5783965005476852
0.5782725429677904
0.5781782142354943
0.5780537288979439
0.5775489581647132
0.5774612837263277
0.5774130162531355
0.577377174338345
0.5773608392872573
0.5773009976534792
0.5772527539757987
0.5772294207507669
0.5771965156156936
0.5771728699770182
0.5771419974647869
0.5771207289291279
0.5770862242467268
0.5770570460106622
0.5770432511262489
0.5769913522674688
0.5769586436278498
0.5768558610108463
0.5765492878597448
0.576219037539876
0.5759698806303709
0.5758235769898958
0.5752675660359071
0.5751033766246092
0.5748951121560659
0.5747900031034487
0.5746821303829894
0.5745331118011888
0.5744871710951037
0.5744290895261087
0.5743607372038326
0.5743312946398945
0.5743117329169714
0.5742258036130226
0.5742097940259282
0.5741833944348536
0.5741729849095089
0.5741408314079961
0.5740191682608061
0.5739391651217757
0.5738118883628798
0.5737042245797574
0.5736115561817302
